5000	0.0002
5000.5	0.0002
5001	0.0002
5001.5	0.0002
5002	0.0002
5002.5	0.0002
5003	0.0002
5003.5	0.0002
5004	0.0002
5004.5	0.0002
5005	0.0002
5005.5	0.0002
5006	0.0002
5006.5	0.0002
5007	0.0002
5007.5	0.0002
5008	0.0002
5008.5	0.0002
5009	0.0002
5009.5	0.0002
5010	0.0002
5010.5	0.0002
5011	0.0002
5011.5	0.0002
5012	0.0002
5012.5	0.0002
5013	0.0002
5013.5	0.0002
5014	0.0002
5014.5	0.0002
5015	0.0002
5015.5	0.0002
5016	0.0002
5016.5	0.0002
5017	0.0002
5017.5	0.0002
5018	0.0002
5018.5	0.0002
5019	0.0002
5019.5	0.0002
5020	0.0002
5020.5	0.000195
5021	0.00019
5021.5	0.000185
5022	0.00018
5022.5	0.000175
5023	0.00017
5023.5	0.000165
5024	0.00016
5024.5	0.000155
5025	0.00015
5025.5	0.000145
5026	0.00014
5026.5	0.000135
5027	0.00013
5027.5	0.000125
5028	0.00012
5028.5	0.000115
5029	0.00011
5029.5	0.000105
5030	0.0001
5030.5	9.5e-05
5031	9e-05
5031.5	8.5e-05
5032	8e-05
5032.5	7.5e-05
5033	7e-05
5033.5	6.5e-05
5034	6e-05
5034.5	5.5e-05
5035	5e-05
5035.5	4.5e-05
5036	4e-05
5036.5	3.5e-05
5037	3e-05
5037.5	2.5e-05
5038	2e-05
5038.5	1.5e-05
5039	1e-05
5039.5	5e-06
5040	0
5040.5	0
5041	0
5041.5	0
5042	0
5042.5	0
5043	0
5043.5	0
5044	0
5044.5	0
5045	0
5045.5	0
5046	0
5046.5	0
5047	0
5047.5	0
5048	0
5048.5	0
5049	0
5049.5	0
5050	0
5050.5	0
5051	0
5051.5	0
5052	0
5052.5	0
5053	0
5053.5	0
5054	0
5054.5	0
5055	0
5055.5	0
5056	0
5056.5	0
5057	0
5057.5	0
5058	0
5058.5	0
5059	0
5059.5	0
5060	6.9388939e-18
5060.5	5e-06
5061	1e-05
5061.5	1.5e-05
5062	2e-05
5062.5	2.5e-05
5063	3e-05
5063.5	3.5e-05
5064	4e-05
5064.5	4.5e-05
5065	5e-05
5065.5	5.5e-05
5066	6e-05
5066.5	6.5e-05
5067	7e-05
5067.5	7.5e-05
5068	8e-05
5068.5	8.5e-05
5069	9e-05
5069.5	9.5e-05
5070	0.0001
5070.5	0.000105
5071	0.00011
5071.5	0.000115
5072	0.00012
5072.5	0.000125
5073	0.00013
5073.5	0.000135
5074	0.00014
5074.5	0.000145
5075	0.00015
5075.5	0.000155
5076	0.00016
5076.5	0.000165
5077	0.00017
5077.5	0.000175
5078	0.00018
5078.5	0.000185
5079	0.00019
5079.5	0.000195
5080	0.0002
5080.5	0.000195
5081	0.00019
5081.5	0.000185
5082	0.00018
5082.5	0.000175
5083	0.00017
5083.5	0.000165
5084	0.00016
5084.5	0.000155
5085	0.00015
5085.5	0.000145
5086	0.00014
5086.5	0.000135
5087	0.00013
5087.5	0.000125
5088	0.00012
5088.5	0.000115
5089	0.00011
5089.5	0.000105
5090	0.0001
5090.5	0.0001
5091	0.0001
5091.5	0.0001
5092	0.0001
5092.5	0.0001
5093	0.0001
5093.5	0.0001
5094	0.0001
5094.5	0.0001
5095	0.0001
5095.5	0.0001
5096	0.0001
5096.5	0.0001
5097	0.0001
5097.5	0.0001
5098	0.0001
5098.5	0.0001
5099	0.0001
5099.5	0.0001
5100	0.0001
5100.5	0.0001
5101	0.0001
5101.5	0.0001
5102	0.0001
5102.5	0.0001
5103	0.0001
5103.5	0.0001
5104	0.0001
5104.5	0.0001
5105	0.0001
5105.5	0.0001
5106	0.0001
5106.5	0.0001
5107	0.0001
5107.5	0.0001
5108	0.0001
5108.5	0.0001
5109	0.0001
5109.5	0.0001
5110	0.0001
5110.5	0.000105
5111	0.00011
5111.5	0.000115
5112	0.00012
5112.5	0.000125
5113	0.00013
5113.5	0.000135
5114	0.00014
5114.5	0.000145
5115	0.00015
5115.5	0.000155
5116	0.00016
5116.5	0.000165
5117	0.00017
5117.5	0.000175
5118	0.00018
5118.5	0.000185
5119	0.00019
5119.5	0.000195
5120	0.0002
5120.5	0.0002
5121	0.0002
5121.5	0.0002
5122	0.0002
5122.5	0.0002
5123	0.0002
5123.5	0.0002
5124	0.0002
5124.5	0.0002
5125	0.0002
5125.5	0.0002
5126	0.0002
5126.5	0.0002
5127	0.0002
5127.5	0.0002
5128	0.0002
5128.5	0.0002
5129	0.0002
5129.5	0.0002
5130	0.0002
5130.5	0.0002
5131	0.0002
5131.5	0.0002
5132	0.0002
5132.5	0.0002
5133	0.0002
5133.5	0.0002
5134	0.0002
5134.5	0.0002
5135	0.0002
5135.5	0.0002
5136	0.0002
5136.5	0.0002
5137	0.0002
5137.5	0.0002
5138	0.0002
5138.5	0.0002
5139	0.0002
5139.5	0.0002
5140	0.0002
5140.5	0.000195
5141	0.00019
5141.5	0.000185
5142	0.00018
5142.5	0.000175
5143	0.00017
5143.5	0.000165
5144	0.00016
5144.5	0.000155
5145	0.00015
5145.5	0.000145
5146	0.00014
5146.5	0.000135
5147	0.00013
5147.5	0.000125
5148	0.00012
5148.5	0.000115
5149	0.00011
5149.5	0.000105
5150	0.0001
5150.5	9.5e-05
5151	9e-05
5151.5	8.5e-05
5152	8e-05
5152.5	7.5e-05
5153	7e-05
5153.5	6.5e-05
5154	6e-05
5154.5	5.5e-05
5155	5e-05
5155.5	4.5e-05
5156	4e-05
5156.5	3.5e-05
5157	3e-05
5157.5	2.5e-05
5158	2e-05
5158.5	1.5e-05
5159	1e-05
5159.5	5e-06
5160	0
5160.5	0
5161	0
5161.5	0
5162	0
5162.5	0
5163	0
5163.5	0
5164	0
5164.5	0
5165	0
5165.5	0
5166	0
5166.5	0
5167	0
5167.5	0
5168	0
5168.5	0
5169	0
5169.5	0
5170	0
5170.5	0
5171	0
5171.5	0
5172	0
5172.5	0
5173	0
5173.5	0
5174	0
5174.5	0
5175	0
5175.5	0
5176	0
5176.5	0
5177	0
5177.5	0
5178	0
5178.5	0
5179	0
5179.5	0
5180	0
5180.5	0
5181	0
5181.5	0
5182	0
5182.5	0
5183	0
5183.5	0
5184	0
5184.5	0
5185	0
5185.5	0
5186	0
5186.5	0
5187	0
5187.5	0
5188	0
5188.5	0
5189	0
5189.5	0
5190	0
5190.5	0
5191	0
5191.5	0
5192	0
5192.5	0
5193	0
5193.5	0
5194	0
5194.5	0
5195	0
5195.5	0
5196	0
5196.5	0
5197	0
5197.5	0
5198	0
5198.5	0
5199	0
5199.5	0
5200	0
5200.5	0
5201	0
5201.5	0
5202	0
5202.5	0
5203	0
5203.5	0
5204	0
5204.5	0
5205	0
5205.5	0
5206	0
5206.5	0
5207	0
5207.5	0
5208	0
5208.5	0
5209	0
5209.5	0
5210	0
5210.5	0
5211	0
5211.5	0
5212	0
5212.5	0
5213	0
5213.5	0
5214	0
5214.5	0
5215	0
5215.5	0
5216	0
5216.5	0
5217	0
5217.5	0
5218	0
5218.5	0
5219	0
5219.5	0
5220	0
5220.5	0
5221	0
5221.5	0
5222	0
5222.5	0
5223	0
5223.5	0
5224	0
5224.5	0
5225	0
5225.5	0
5226	0
5226.5	0
5227	0
5227.5	0
5228	0
5228.5	0
5229	0
5229.5	0
5230	6.9388939e-18
5230.5	5e-06
5231	1e-05
5231.5	1.5e-05
5232	2e-05
5232.5	2.5e-05
5233	3e-05
5233.5	3.5e-05
5234	4e-05
5234.5	4.5e-05
5235	5e-05
5235.5	5.5e-05
5236	6e-05
5236.5	6.5e-05
5237	7e-05
5237.5	7.5e-05
5238	8e-05
5238.5	8.5e-05
5239	9e-05
5239.5	9.5e-05
5240	0.0001
5240.5	0.0001
5241	0.0001
5241.5	0.0001
5242	0.0001
5242.5	0.0001
5243	0.0001
5243.5	0.0001
5244	0.0001
5244.5	0.0001
5245	0.0001
5245.5	0.0001
5246	0.0001
5246.5	0.0001
5247	0.0001
5247.5	0.0001
5248	0.0001
5248.5	0.0001
5249	0.0001
5249.5	0.0001
5250	0.0001
5250.5	0.0001
5251	0.0001
5251.5	0.0001
5252	0.0001
5252.5	0.0001
5253	0.0001
5253.5	0.0001
5254	0.0001
5254.5	0.0001
5255	0.0001
5255.5	0.0001
5256	0.0001
5256.5	0.0001
5257	0.0001
5257.5	0.0001
5258	0.0001
5258.5	0.0001
5259	0.0001
5259.5	0.0001
5260	0.0001
5260.5	0.0001
5261	0.0001
5261.5	0.0001
5262	0.0001
5262.5	0.0001
5263	0.0001
5263.5	0.0001
5264	0.0001
5264.5	0.0001
5265	0.0001
5265.5	0.0001
5266	0.0001
5266.5	0.0001
5267	0.0001
5267.5	0.0001
5268	0.0001
5268.5	0.0001
5269	0.0001
5269.5	0.0001
5270	0.0001
5270.5	0.000105
5271	0.00011
5271.5	0.000115
5272	0.00012
5272.5	0.000125
5273	0.00013
5273.5	0.000135
5274	0.00014
5274.5	0.000145
5275	0.00015
5275.5	0.000155
5276	0.00016
5276.5	0.000165
5277	0.00017
5277.5	0.000175
5278	0.00018
5278.5	0.000185
5279	0.00019
5279.5	0.000195
5280	0.0002
5280.5	0.000205
5281	0.00021
5281.5	0.000215
5282	0.00022
5282.5	0.000225
5283	0.00023
5283.5	0.000235
5284	0.00024
5284.5	0.000245
5285	0.00025
5285.5	0.000255
5286	0.00026
5286.5	0.000265
5287	0.00027
5287.5	0.000275
5288	0.00028
5288.5	0.000285
5289	0.00029
5289.5	0.000295
5290	0.0003
5290.5	0.0003
5291	0.0003
5291.5	0.0003
5292	0.0003
5292.5	0.0003
5293	0.0003
5293.5	0.0003
5294	0.0003
5294.5	0.0003
5295	0.0003
5295.5	0.0003
5296	0.0003
5296.5	0.0003
5297	0.0003
5297.5	0.0003
5298	0.0003
5298.5	0.0003
5299	0.0003
5299.5	0.0003
5300	0.0003
5300.5	0.000305
5301	0.00031
5301.5	0.000315
5302	0.00032
5302.5	0.000325
5303	0.00033
5303.5	0.000335
5304	0.00034
5304.5	0.000345
5305	0.00035
5305.5	0.000355
5306	0.00036
5306.5	0.000365
5307	0.00037
5307.5	0.000375
5308	0.00038
5308.5	0.000385
5309	0.00039
5309.5	0.000395
5310	0.0004
5310.5	0.00041
5311	0.00042
5311.5	0.00043
5312	0.00044
5312.5	0.00045
5313	0.00046
5313.5	0.00047
5314	0.00048
5314.5	0.00049
5315	0.0005
5315.5	0.00051
5316	0.00052
5316.5	0.00053
5317	0.00054
5317.5	0.00055
5318	0.00056
5318.5	0.00057
5319	0.00058
5319.5	0.00059
5320	0.0006
5320.5	0.000615
5321	0.00063
5321.5	0.000645
5322	0.00066
5322.5	0.000675
5323	0.00069
5323.5	0.000705
5324	0.00072
5324.5	0.000735
5325	0.00075
5325.5	0.000765
5326	0.00078
5326.5	0.000795
5327	0.00081
5327.5	0.000825
5328	0.00084
5328.5	0.000855
5329	0.00087
5329.5	0.000885
5330	0.0009
5330.5	0.000915
5331	0.00093
5331.5	0.000945
5332	0.00096
5332.5	0.000975
5333	0.00099
5333.5	0.001005
5334	0.00102
5334.5	0.001035
5335	0.00105
5335.5	0.001065
5336	0.00108
5336.5	0.001095
5337	0.00111
5337.5	0.001125
5338	0.00114
5338.5	0.001155
5339	0.00117
5339.5	0.001185
5340	0.0012
5340.5	0.00123
5341	0.00126
5341.5	0.00129
5342	0.00132
5342.5	0.00135
5343	0.00138
5343.5	0.00141
5344	0.00144
5344.5	0.00147
5345	0.0015
5345.5	0.00153
5346	0.00156
5346.5	0.00159
5347	0.00162
5347.5	0.00165
5348	0.00168
5348.5	0.00171
5349	0.00174
5349.5	0.00177
5350	0.0018
5350.5	0.001845
5351	0.00189
5351.5	0.001935
5352	0.00198
5352.5	0.002025
5353	0.00207
5353.5	0.002115
5354	0.00216
5354.5	0.002205
5355	0.00225
5355.5	0.002295
5356	0.00234
5356.5	0.002385
5357	0.00243
5357.5	0.002475
5358	0.00252
5358.5	0.002565
5359	0.00261
5359.5	0.002655
5360	0.0027
5360.5	0.002795
5361	0.00289
5361.5	0.002985
5362	0.00308
5362.5	0.003175
5363	0.00327
5363.5	0.003365
5364	0.00346
5364.5	0.003555
5365	0.00365
5365.5	0.003745
5366	0.00384
5366.5	0.003935
5367	0.00403
5367.5	0.004125
5368	0.00422
5368.5	0.004315
5369	0.00441
5369.5	0.004505
5370	0.0046
5370.5	0.00473
5371	0.00486
5371.5	0.00499
5372	0.00512
5372.5	0.00525
5373	0.00538
5373.5	0.00551
5374	0.00564
5374.5	0.00577
5375	0.0059
5375.5	0.00603
5376	0.00616
5376.5	0.00629
5377	0.00642
5377.5	0.00655
5378	0.00668
5378.5	0.00681
5379	0.00694
5379.5	0.00707
5380	0.0072
5380.5	0.007475
5381	0.00775
5381.5	0.008025
5382	0.0083
5382.5	0.008575
5383	0.00885
5383.5	0.009125
5384	0.0094
5384.5	0.009675
5385	0.00995
5385.5	0.010225
5386	0.0105
5386.5	0.010775
5387	0.01105
5387.5	0.011325
5388	0.0116
5388.5	0.011875
5389	0.01215
5389.5	0.012425
5390	0.0127
5390.5	0.013045
5391	0.01339
5391.5	0.013735
5392	0.01408
5392.5	0.014425
5393	0.01477
5393.5	0.015115
5394	0.01546
5394.5	0.015805
5395	0.01615
5395.5	0.016495
5396	0.01684
5396.5	0.017185
5397	0.01753
5397.5	0.017875
5398	0.01822
5398.5	0.018565
5399	0.01891
5399.5	0.019255
5400	0.0196
5400.5	0.02024
5401	0.02088
5401.5	0.02152
5402	0.02216
5402.5	0.0228
5403	0.02344
5403.5	0.02408
5404	0.02472
5404.5	0.02536
5405	0.026
5405.5	0.02664
5406	0.02728
5406.5	0.02792
5407	0.02856
5407.5	0.0292
5408	0.02984
5408.5	0.03048
5409	0.03112
5409.5	0.03176
5410	0.0324
5410.5	0.033175
5411	0.03395
5411.5	0.034725
5412	0.0355
5412.5	0.036275
5413	0.03705
5413.5	0.037825
5414	0.0386
5414.5	0.039375
5415	0.04015
5415.5	0.040925
5416	0.0417
5416.5	0.042475
5417	0.04325
5417.5	0.044025
5418	0.0448
5418.5	0.045575
5419	0.04635
5419.5	0.047125
5420	0.0479
5420.5	0.04919
5421	0.05048
5421.5	0.05177
5422	0.05306
5422.5	0.05435
5423	0.05564
5423.5	0.05693
5424	0.05822
5424.5	0.05951
5425	0.0608
5425.5	0.06209
5426	0.06338
5426.5	0.06467
5427	0.06596
5427.5	0.06725
5428	0.06854
5428.5	0.06983
5429	0.07112
5429.5	0.07241
5430	0.0737
5430.5	0.075165
5431	0.07663
5431.5	0.078095
5432	0.07956
5432.5	0.081025
5433	0.08249
5433.5	0.083955
5434	0.08542
5434.5	0.086885
5435	0.08835
5435.5	0.089815
5436	0.09128
5436.5	0.092745
5437	0.09421
5437.5	0.095675
5438	0.09714
5438.5	0.098605
5439	0.10007
5439.5	0.101535
5440	0.103
5440.5	0.105025
5441	0.10705
5441.5	0.109075
5442	0.1111
5442.5	0.113125
5443	0.11515
5443.5	0.117175
5444	0.1192
5444.5	0.121225
5445	0.12325
5445.5	0.125275
5446	0.1273
5446.5	0.129325
5447	0.13135
5447.5	0.133375
5448	0.1354
5448.5	0.137425
5449	0.13945
5449.5	0.141475
5450	0.1435
5450.5	0.145655
5451	0.14781
5451.5	0.149965
5452	0.15212
5452.5	0.154275
5453	0.15643
5453.5	0.158585
5454	0.16074
5454.5	0.162895
5455	0.16505
5455.5	0.167205
5456	0.16936
5456.5	0.171515
5457	0.17367
5457.5	0.175825
5458	0.17798
5458.5	0.180135
5459	0.18229
5459.5	0.184445
5460	0.1866
5460.5	0.188955
5461	0.19131
5461.5	0.193665
5462	0.19602
5462.5	0.198375
5463	0.20073
5463.5	0.203085
5464	0.20544
5464.5	0.207795
5465	0.21015
5465.5	0.212505
5466	0.21486
5466.5	0.217215
5467	0.21957
5467.5	0.221925
5468	0.22428
5468.5	0.226635
5469	0.22899
5469.5	0.231345
5470	0.2337
5470.5	0.23602
5471	0.23834
5471.5	0.24066
5472	0.24298
5472.5	0.2453
5473	0.24762
5473.5	0.24994
5474	0.25226
5474.5	0.25458
5475	0.2569
5475.5	0.25922
5476	0.26154
5476.5	0.26386
5477	0.26618
5477.5	0.2685
5478	0.27082
5478.5	0.27314
5479	0.27546
5479.5	0.27778
5480	0.2801
5480.5	0.282015
5481	0.28393
5481.5	0.285845
5482	0.28776
5482.5	0.289675
5483	0.29159
5483.5	0.293505
5484	0.29542
5484.5	0.297335
5485	0.29925
5485.5	0.301165
5486	0.30308
5486.5	0.304995
5487	0.30691
5487.5	0.308825
5488	0.31074
5488.5	0.312655
5489	0.31457
5489.5	0.316485
5490	0.3184
5490.5	0.320145
5491	0.32189
5491.5	0.323635
5492	0.32538
5492.5	0.327125
5493	0.32887
5493.5	0.330615
5494	0.33236
5494.5	0.334105
5495	0.33585
5495.5	0.337595
5496	0.33934
5496.5	0.341085
5497	0.34283
5497.5	0.344575
5498	0.34632
5498.5	0.348065
5499	0.34981
5499.5	0.351555
5500	0.3533
5500.5	0.35439
5501	0.35548
5501.5	0.35657
5502	0.35766
5502.5	0.35875
5503	0.35984
5503.5	0.36093
5504	0.36202
5504.5	0.36311
5505	0.3642
5505.5	0.36529
5506	0.36638
5506.5	0.36747
5507	0.36856
5507.5	0.36965
5508	0.37074
5508.5	0.37183
5509	0.37292
5509.5	0.37401
5510	0.3751
5510.5	0.37602
5511	0.37694
5511.5	0.37786
5512	0.37878
5512.5	0.3797
5513	0.38062
5513.5	0.38154
5514	0.38246
5514.5	0.38338
5515	0.3843
5515.5	0.38522
5516	0.38614
5516.5	0.38706
5517	0.38798
5517.5	0.3889
5518	0.38982
5518.5	0.39074
5519	0.39166
5519.5	0.39258
5520	0.3935
5520.5	0.394005
5521	0.39451
5521.5	0.395015
5522	0.39552
5522.5	0.396025
5523	0.39653
5523.5	0.397035
5524	0.39754
5524.5	0.398045
5525	0.39855
5525.5	0.399055
5526	0.39956
5526.5	0.400065
5527	0.40057
5527.5	0.401075
5528	0.40158
5528.5	0.402085
5529	0.40259
5529.5	0.403095
5530	0.4036
5530.5	0.404035
5531	0.40447
5531.5	0.404905
5532	0.40534
5532.5	0.405775
5533	0.40621
5533.5	0.406645
5534	0.40708
5534.5	0.407515
5535	0.40795
5535.5	0.408385
5536	0.40882
5536.5	0.409255
5537	0.40969
5537.5	0.410125
5538	0.41056
5538.5	0.410995
5539	0.41143
5539.5	0.411865
5540	0.4123
5540.5	0.41266
5541	0.41302
5541.5	0.41338
5542	0.41374
5542.5	0.4141
5543	0.41446
5543.5	0.41482
5544	0.41518
5544.5	0.41554
5545	0.4159
5545.5	0.41626
5546	0.41662
5546.5	0.41698
5547	0.41734
5547.5	0.4177
5548	0.41806
5548.5	0.41842
5549	0.41878
5549.5	0.41914
5550	0.4195
5550.5	0.419865
5551	0.42023
5551.5	0.420595
5552	0.42096
5552.5	0.421325
5553	0.42169
5553.5	0.422055
5554	0.42242
5554.5	0.422785
5555	0.42315
5555.5	0.423515
5556	0.42388
5556.5	0.424245
5557	0.42461
5557.5	0.424975
5558	0.42534
5558.5	0.425705
5559	0.42607
5559.5	0.426435
5560	0.4268
5560.5	0.427245
5561	0.42769
5561.5	0.428135
5562	0.42858
5562.5	0.429025
5563	0.42947
5563.5	0.429915
5564	0.43036
5564.5	0.430805
5565	0.43125
5565.5	0.431695
5566	0.43214
5566.5	0.432585
5567	0.43303
5567.5	0.433475
5568	0.43392
5568.5	0.434365
5569	0.43481
5569.5	0.435255
5570	0.4357
5570.5	0.43617
5571	0.43664
5571.5	0.43711
5572	0.43758
5572.5	0.43805
5573	0.43852
5573.5	0.43899
5574	0.43946
5574.5	0.43993
5575	0.4404
5575.5	0.44087
5576	0.44134
5576.5	0.44181
5577	0.44228
5577.5	0.44275
5578	0.44322
5578.5	0.44369
5579	0.44416
5579.5	0.44463
5580	0.4451
5580.5	0.445605
5581	0.44611
5581.5	0.446615
5582	0.44712
5582.5	0.447625
5583	0.44813
5583.5	0.448635
5584	0.44914
5584.5	0.449645
5585	0.45015
5585.5	0.450655
5586	0.45116
5586.5	0.451665
5587	0.45217
5587.5	0.452675
5588	0.45318
5588.5	0.453685
5589	0.45419
5589.5	0.454695
5590	0.4552
5590.5	0.455695
5591	0.45619
5591.5	0.456685
5592	0.45718
5592.5	0.457675
5593	0.45817
5593.5	0.458665
5594	0.45916
5594.5	0.459655
5595	0.46015
5595.5	0.460645
5596	0.46114
5596.5	0.461635
5597	0.46213
5597.5	0.462625
5598	0.46312
5598.5	0.463615
5599	0.46411
5599.5	0.464605
5600	0.4651
5600.5	0.465495
5601	0.46589
5601.5	0.466285
5602	0.46668
5602.5	0.467075
5603	0.46747
5603.5	0.467865
5604	0.46826
5604.5	0.468655
5605	0.46905
5605.5	0.469445
5606	0.46984
5606.5	0.470235
5607	0.47063
5607.5	0.471025
5608	0.47142
5608.5	0.471815
5609	0.47221
5609.5	0.472605
5610	0.473
5610.5	0.47336
5611	0.47372
5611.5	0.47408
5612	0.47444
5612.5	0.4748
5613	0.47516
5613.5	0.47552
5614	0.47588
5614.5	0.47624
5615	0.4766
5615.5	0.47696
5616	0.47732
5616.5	0.47768
5617	0.47804
5617.5	0.4784
5618	0.47876
5618.5	0.47912
5619	0.47948
5619.5	0.47984
5620	0.4802
5620.5	0.480425
5621	0.48065
5621.5	0.480875
5622	0.4811
5622.5	0.481325
5623	0.48155
5623.5	0.481775
5624	0.482
5624.5	0.482225
5625	0.48245
5625.5	0.482675
5626	0.4829
5626.5	0.483125
5627	0.48335
5627.5	0.483575
5628	0.4838
5628.5	0.484025
5629	0.48425
5629.5	0.484475
5630	0.4847
5630.5	0.48489
5631	0.48508
5631.5	0.48527
5632	0.48546
5632.5	0.48565
5633	0.48584
5633.5	0.48603
5634	0.48622
5634.5	0.48641
5635	0.4866
5635.5	0.48679
5636	0.48698
5636.5	0.48717
5637	0.48736
5637.5	0.48755
5638	0.48774
5638.5	0.48793
5639	0.48812
5639.5	0.48831
5640	0.4885
5640.5	0.488635
5641	0.48877
5641.5	0.488905
5642	0.48904
5642.5	0.489175
5643	0.48931
5643.5	0.489445
5644	0.48958
5644.5	0.489715
5645	0.48985
5645.5	0.489985
5646	0.49012
5646.5	0.490255
5647	0.49039
5647.5	0.490525
5648	0.49066
5648.5	0.490795
5649	0.49093
5649.5	0.491065
5650	0.4912
5650.5	0.49133
5651	0.49146
5651.5	0.49159
5652	0.49172
5652.5	0.49185
5653	0.49198
5653.5	0.49211
5654	0.49224
5654.5	0.49237
5655	0.4925
5655.5	0.49263
5656	0.49276
5656.5	0.49289
5657	0.49302
5657.5	0.49315
5658	0.49328
5658.5	0.49341
5659	0.49354
5659.5	0.49367
5660	0.4938
5660.5	0.493895
5661	0.49399
5661.5	0.494085
5662	0.49418
5662.5	0.494275
5663	0.49437
5663.5	0.494465
5664	0.49456
5664.5	0.494655
5665	0.49475
5665.5	0.494845
5666	0.49494
5666.5	0.495035
5667	0.49513
5667.5	0.495225
5668	0.49532
5668.5	0.495415
5669	0.49551
5669.5	0.495605
5670	0.4957
5670.5	0.495775
5671	0.49585
5671.5	0.495925
5672	0.496
5672.5	0.496075
5673	0.49615
5673.5	0.496225
5674	0.4963
5674.5	0.496375
5675	0.49645
5675.5	0.496525
5676	0.4966
5676.5	0.496675
5677	0.49675
5677.5	0.496825
5678	0.4969
5678.5	0.496975
5679	0.49705
5679.5	0.497125
5680	0.4972
5680.5	0.49724
5681	0.49728
5681.5	0.49732
5682	0.49736
5682.5	0.4974
5683	0.49744
5683.5	0.49748
5684	0.49752
5684.5	0.49756
5685	0.4976
5685.5	0.49764
5686	0.49768
5686.5	0.49772
5687	0.49776
5687.5	0.4978
5688	0.49784
5688.5	0.49788
5689	0.49792
5689.5	0.49796
5690	0.498
5690.5	0.49805
5691	0.4981
5691.5	0.49815
5692	0.4982
5692.5	0.49825
5693	0.4983
5693.5	0.49835
5694	0.4984
5694.5	0.49845
5695	0.4985
5695.5	0.49855
5696	0.4986
5696.5	0.49865
5697	0.4987
5697.5	0.49875
5698	0.4988
5698.5	0.49885
5699	0.4989
5699.5	0.49895
5700	0.499
5700.5	0.499015
5701	0.49903
5701.5	0.499045
5702	0.49906
5702.5	0.499075
5703	0.49909
5703.5	0.499105
5704	0.49912
5704.5	0.499135
5705	0.49915
5705.5	0.499165
5706	0.49918
5706.5	0.499195
5707	0.49921
5707.5	0.499225
5708	0.49924
5708.5	0.499255
5709	0.49927
5709.5	0.499285
5710	0.4993
5710.5	0.499295
5711	0.49929
5711.5	0.499285
5712	0.49928
5712.5	0.499275
5713	0.49927
5713.5	0.499265
5714	0.49926
5714.5	0.499255
5715	0.49925
5715.5	0.499245
5716	0.49924
5716.5	0.499235
5717	0.49923
5717.5	0.499225
5718	0.49922
5718.5	0.499215
5719	0.49921
5719.5	0.499205
5720	0.4992
5720.5	0.49918
5721	0.49916
5721.5	0.49914
5722	0.49912
5722.5	0.4991
5723	0.49908
5723.5	0.49906
5724	0.49904
5724.5	0.49902
5725	0.499
5725.5	0.49898
5726	0.49896
5726.5	0.49894
5727	0.49892
5727.5	0.4989
5728	0.49888
5728.5	0.49886
5729	0.49884
5729.5	0.49882
5730	0.4988
5730.5	0.498775
5731	0.49875
5731.5	0.498725
5732	0.4987
5732.5	0.498675
5733	0.49865
5733.5	0.498625
5734	0.4986
5734.5	0.498575
5735	0.49855
5735.5	0.498525
5736	0.4985
5736.5	0.498475
5737	0.49845
5737.5	0.498425
5738	0.4984
5738.5	0.498375
5739	0.49835
5739.5	0.498325
5740	0.4983
5740.5	0.498225
5741	0.49815
5741.5	0.498075
5742	0.498
5742.5	0.497925
5743	0.49785
5743.5	0.497775
5744	0.4977
5744.5	0.497625
5745	0.49755
5745.5	0.497475
5746	0.4974
5746.5	0.497325
5747	0.49725
5747.5	0.497175
5748	0.4971
5748.5	0.497025
5749	0.49695
5749.5	0.496875
5750	0.4968
5750.5	0.49673
5751	0.49666
5751.5	0.49659
5752	0.49652
5752.5	0.49645
5753	0.49638
5753.5	0.49631
5754	0.49624
5754.5	0.49617
5755	0.4961
5755.5	0.49603
5756	0.49596
5756.5	0.49589
5757	0.49582
5757.5	0.49575
5758	0.49568
5758.5	0.49561
5759	0.49554
5759.5	0.49547
5760	0.4954
5760.5	0.49531
5761	0.49522
5761.5	0.49513
5762	0.49504
5762.5	0.49495
5763	0.49486
5763.5	0.49477
5764	0.49468
5764.5	0.49459
5765	0.4945
5765.5	0.49441
5766	0.49432
5766.5	0.49423
5767	0.49414
5767.5	0.49405
5768	0.49396
5768.5	0.49387
5769	0.49378
5769.5	0.49369
5770	0.4936
5770.5	0.49353
5771	0.49346
5771.5	0.49339
5772	0.49332
5772.5	0.49325
5773	0.49318
5773.5	0.49311
5774	0.49304
5774.5	0.49297
5775	0.4929
5775.5	0.49283
5776	0.49276
5776.5	0.49269
5777	0.49262
5777.5	0.49255
5778	0.49248
5778.5	0.49241
5779	0.49234
5779.5	0.49227
5780	0.4922
5780.5	0.492185
5781	0.49217
5781.5	0.492155
5782	0.49214
5782.5	0.492125
5783	0.49211
5783.5	0.492095
5784	0.49208
5784.5	0.492065
5785	0.49205
5785.5	0.492035
5786	0.49202
5786.5	0.492005
5787	0.49199
5787.5	0.491975
5788	0.49196
5788.5	0.491945
5789	0.49193
5789.5	0.491915
5790	0.4919
5790.5	0.491925
5791	0.49195
5791.5	0.491975
5792	0.492
5792.5	0.492025
5793	0.49205
5793.5	0.492075
5794	0.4921
5794.5	0.492125
5795	0.49215
5795.5	0.492175
5796	0.4922
5796.5	0.492225
5797	0.49225
5797.5	0.492275
5798	0.4923
5798.5	0.492325
5799	0.49235
5799.5	0.492375
5800	0.4924
5800.5	0.492495
5801	0.49259
5801.5	0.492685
5802	0.49278
5802.5	0.492875
5803	0.49297
5803.5	0.493065
5804	0.49316
5804.5	0.493255
5805	0.49335
5805.5	0.493445
5806	0.49354
5806.5	0.493635
5807	0.49373
5807.5	0.493825
5808	0.49392
5808.5	0.494015
5809	0.49411
5809.5	0.494205
5810	0.4943
5810.5	0.494405
5811	0.49451
5811.5	0.494615
5812	0.49472
5812.5	0.494825
5813	0.49493
5813.5	0.495035
5814	0.49514
5814.5	0.495245
5815	0.49535
5815.5	0.495455
5816	0.49556
5816.5	0.495665
5817	0.49577
5817.5	0.495875
5818	0.49598
5818.5	0.496085
5819	0.49619
5819.5	0.496295
5820	0.4964
5820.5	0.496545
5821	0.49669
5821.5	0.496835
5822	0.49698
5822.5	0.497125
5823	0.49727
5823.5	0.497415
5824	0.49756
5824.5	0.497705
5825	0.49785
5825.5	0.497995
5826	0.49814
5826.5	0.498285
5827	0.49843
5827.5	0.498575
5828	0.49872
5828.5	0.498865
5829	0.49901
5829.5	0.499155
5830	0.4993
5830.5	0.499445
5831	0.49959
5831.5	0.499735
5832	0.49988
5832.5	0.500025
5833	0.50017
5833.5	0.500315
5834	0.50046
5834.5	0.500605
5835	0.50075
5835.5	0.500895
5836	0.50104
5836.5	0.501185
5837	0.50133
5837.5	0.501475
5838	0.50162
5838.5	0.501765
5839	0.50191
5839.5	0.502055
5840	0.5022
5840.5	0.502345
5841	0.50249
5841.5	0.502635
5842	0.50278
5842.5	0.502925
5843	0.50307
5843.5	0.503215
5844	0.50336
5844.5	0.503505
5845	0.50365
5845.5	0.503795
5846	0.50394
5846.5	0.504085
5847	0.50423
5847.5	0.504375
5848	0.50452
5848.5	0.504665
5849	0.50481
5849.5	0.504955
5850	0.5051
5850.5	0.505225
5851	0.50535
5851.5	0.505475
5852	0.5056
5852.5	0.505725
5853	0.50585
5853.5	0.505975
5854	0.5061
5854.5	0.506225
5855	0.50635
5855.5	0.506475
5856	0.5066
5856.5	0.506725
5857	0.50685
5857.5	0.506975
5858	0.5071
5858.5	0.507225
5859	0.50735
5859.5	0.507475
5860	0.5076
5860.5	0.507655
5861	0.50771
5861.5	0.507765
5862	0.50782
5862.5	0.507875
5863	0.50793
5863.5	0.507985
5864	0.50804
5864.5	0.508095
5865	0.50815
5865.5	0.508205
5866	0.50826
5866.5	0.508315
5867	0.50837
5867.5	0.508425
5868	0.50848
5868.5	0.508535
5869	0.50859
5869.5	0.508645
5870	0.5087
5870.5	0.50869
5871	0.50868
5871.5	0.50867
5872	0.50866
5872.5	0.50865
5873	0.50864
5873.5	0.50863
5874	0.50862
5874.5	0.50861
5875	0.5086
5875.5	0.50859
5876	0.50858
5876.5	0.50857
5877	0.50856
5877.5	0.50855
5878	0.50854
5878.5	0.50853
5879	0.50852
5879.5	0.50851
5880	0.5085
5880.5	0.50833
5881	0.50816
5881.5	0.50799
5882	0.50782
5882.5	0.50765
5883	0.50748
5883.5	0.50731
5884	0.50714
5884.5	0.50697
5885	0.5068
5885.5	0.50663
5886	0.50646
5886.5	0.50629
5887	0.50612
5887.5	0.50595
5888	0.50578
5888.5	0.50561
5889	0.50544
5889.5	0.50527
5890	0.5051
5890.5	0.504955
5891	0.50481
5891.5	0.504665
5892	0.50452
5892.5	0.504375
5893	0.50423
5893.5	0.504085
5894	0.50394
5894.5	0.503795
5895	0.50365
5895.5	0.503505
5896	0.50336
5896.5	0.503215
5897	0.50307
5897.5	0.502925
5898	0.50278
5898.5	0.502635
5899	0.50249
5899.5	0.502345
5900	0.5022
5900.5	0.502005
5901	0.50181
5901.5	0.501615
5902	0.50142
5902.5	0.501225
5903	0.50103
5903.5	0.500835
5904	0.50064
5904.5	0.500445
5905	0.50025
5905.5	0.500055
5906	0.49986
5906.5	0.499665
5907	0.49947
5907.5	0.499275
5908	0.49908
5908.5	0.498885
5909	0.49869
5909.5	0.498495
5910	0.4983
5910.5	0.498025
5911	0.49775
5911.5	0.497475
5912	0.4972
5912.5	0.496925
5913	0.49665
5913.5	0.496375
5914	0.4961
5914.5	0.495825
5915	0.49555
5915.5	0.495275
5916	0.495
5916.5	0.494725
5917	0.49445
5917.5	0.494175
5918	0.4939
5918.5	0.493625
5919	0.49335
5919.5	0.493075
5920	0.4928
5920.5	0.492595
5921	0.49239
5921.5	0.492185
5922	0.49198
5922.5	0.491775
5923	0.49157
5923.5	0.491365
5924	0.49116
5924.5	0.490955
5925	0.49075
5925.5	0.490545
5926	0.49034
5926.5	0.490135
5927	0.48993
5927.5	0.489725
5928	0.48952
5928.5	0.489315
5929	0.48911
5929.5	0.488905
5930	0.4887
5930.5	0.488485
5931	0.48827
5931.5	0.488055
5932	0.48784
5932.5	0.487625
5933	0.48741
5933.5	0.487195
5934	0.48698
5934.5	0.486765
5935	0.48655
5935.5	0.486335
5936	0.48612
5936.5	0.485905
5937	0.48569
5937.5	0.485475
5938	0.48526
5938.5	0.485045
5939	0.48483
5939.5	0.484615
5940	0.4844
5940.5	0.484295
5941	0.48419
5941.5	0.484085
5942	0.48398
5942.5	0.483875
5943	0.48377
5943.5	0.483665
5944	0.48356
5944.5	0.483455
5945	0.48335
5945.5	0.483245
5946	0.48314
5946.5	0.483035
5947	0.48293
5947.5	0.482825
5948	0.48272
5948.5	0.482615
5949	0.48251
5949.5	0.482405
5950	0.4823
5950.5	0.482285
5951	0.48227
5951.5	0.482255
5952	0.48224
5952.5	0.482225
5953	0.48221
5953.5	0.482195
5954	0.48218
5954.5	0.482165
5955	0.48215
5955.5	0.482135
5956	0.48212
5956.5	0.482105
5957	0.48209
5957.5	0.482075
5958	0.48206
5958.5	0.482045
5959	0.48203
5959.5	0.482015
5960	0.482
5960.5	0.482095
5961	0.48219
5961.5	0.482285
5962	0.48238
5962.5	0.482475
5963	0.48257
5963.5	0.482665
5964	0.48276
5964.5	0.482855
5965	0.48295
5965.5	0.483045
5966	0.48314
5966.5	0.483235
5967	0.48333
5967.5	0.483425
5968	0.48352
5968.5	0.483615
5969	0.48371
5969.5	0.483805
5970	0.4839
5970.5	0.48405
5971	0.4842
5971.5	0.48435
5972	0.4845
5972.5	0.48465
5973	0.4848
5973.5	0.48495
5974	0.4851
5974.5	0.48525
5975	0.4854
5975.5	0.48555
5976	0.4857
5976.5	0.48585
5977	0.486
5977.5	0.48615
5978	0.4863
5978.5	0.48645
5979	0.4866
5979.5	0.48675
5980	0.4869
5980.5	0.487125
5981	0.48735
5981.5	0.487575
5982	0.4878
5982.5	0.488025
5983	0.48825
5983.5	0.488475
5984	0.4887
5984.5	0.488925
5985	0.48915
5985.5	0.489375
5986	0.4896
5986.5	0.489825
5987	0.49005
5987.5	0.490275
5988	0.4905
5988.5	0.490725
5989	0.49095
5989.5	0.491175
5990	0.4914
5990.5	0.49164
5991	0.49188
5991.5	0.49212
5992	0.49236
5992.5	0.4926
5993	0.49284
5993.5	0.49308
5994	0.49332
5994.5	0.49356
5995	0.4938
5995.5	0.49404
5996	0.49428
5996.5	0.49452
5997	0.49476
5997.5	0.495
5998	0.49524
5998.5	0.49548
5999	0.49572
5999.5	0.49596
6000	0.4962
6000.5	0.496425
6001	0.49665
6001.5	0.496875
6002	0.4971
6002.5	0.497325
6003	0.49755
6003.5	0.497775
6004	0.498
6004.5	0.498225
6005	0.49845
6005.5	0.498675
6006	0.4989
6006.5	0.499125
6007	0.49935
6007.5	0.499575
6008	0.4998
6008.5	0.500025
6009	0.50025
6009.5	0.500475
6010	0.5007
6010.5	0.5009
6011	0.5011
6011.5	0.5013
6012	0.5015
6012.5	0.5017
6013	0.5019
6013.5	0.5021
6014	0.5023
6014.5	0.5025
6015	0.5027
6015.5	0.5029
6016	0.5031
6016.5	0.5033
6017	0.5035
6017.5	0.5037
6018	0.5039
6018.5	0.5041
6019	0.5043
6019.5	0.5045
6020	0.5047
6020.5	0.50483
6021	0.50496
6021.5	0.50509
6022	0.50522
6022.5	0.50535
6023	0.50548
6023.5	0.50561
6024	0.50574
6024.5	0.50587
6025	0.506
6025.5	0.50613
6026	0.50626
6026.5	0.50639
6027	0.50652
6027.5	0.50665
6028	0.50678
6028.5	0.50691
6029	0.50704
6029.5	0.50717
6030	0.5073
6030.5	0.507405
6031	0.50751
6031.5	0.507615
6032	0.50772
6032.5	0.507825
6033	0.50793
6033.5	0.508035
6034	0.50814
6034.5	0.508245
6035	0.50835
6035.5	0.508455
6036	0.50856
6036.5	0.508665
6037	0.50877
6037.5	0.508875
6038	0.50898
6038.5	0.509085
6039	0.50919
6039.5	0.509295
6040	0.5094
6040.5	0.509425
6041	0.50945
6041.5	0.509475
6042	0.5095
6042.5	0.509525
6043	0.50955
6043.5	0.509575
6044	0.5096
6044.5	0.509625
6045	0.50965
6045.5	0.509675
6046	0.5097
6046.5	0.509725
6047	0.50975
6047.5	0.509775
6048	0.5098
6048.5	0.509825
6049	0.50985
6049.5	0.509875
6050	0.5099
6050.5	0.509905
6051	0.50991
6051.5	0.509915
6052	0.50992
6052.5	0.509925
6053	0.50993
6053.5	0.509935
6054	0.50994
6054.5	0.509945
6055	0.50995
6055.5	0.509955
6056	0.50996
6056.5	0.509965
6057	0.50997
6057.5	0.509975
6058	0.50998
6058.5	0.509985
6059	0.50999
6059.5	0.509995
6060	0.51
6060.5	0.50997
6061	0.50994
6061.5	0.50991
6062	0.50988
6062.5	0.50985
6063	0.50982
6063.5	0.50979
6064	0.50976
6064.5	0.50973
6065	0.5097
6065.5	0.50967
6066	0.50964
6066.5	0.50961
6067	0.50958
6067.5	0.50955
6068	0.50952
6068.5	0.50949
6069	0.50946
6069.5	0.50943
6070	0.5094
6070.5	0.509365
6071	0.50933
6071.5	0.509295
6072	0.50926
6072.5	0.509225
6073	0.50919
6073.5	0.509155
6074	0.50912
6074.5	0.509085
6075	0.50905
6075.5	0.509015
6076	0.50898
6076.5	0.508945
6077	0.50891
6077.5	0.508875
6078	0.50884
6078.5	0.508805
6079	0.50877
6079.5	0.508735
6080	0.5087
6080.5	0.50866
6081	0.50862
6081.5	0.50858
6082	0.50854
6082.5	0.5085
6083	0.50846
6083.5	0.50842
6084	0.50838
6084.5	0.50834
6085	0.5083
6085.5	0.50826
6086	0.50822
6086.5	0.50818
6087	0.50814
6087.5	0.5081
6088	0.50806
6088.5	0.50802
6089	0.50798
6089.5	0.50794
6090	0.5079
6090.5	0.507875
6091	0.50785
6091.5	0.507825
6092	0.5078
6092.5	0.507775
6093	0.50775
6093.5	0.507725
6094	0.5077
6094.5	0.507675
6095	0.50765
6095.5	0.507625
6096	0.5076
6096.5	0.507575
6097	0.50755
6097.5	0.507525
6098	0.5075
6098.5	0.507475
6099	0.50745
6099.5	0.507425
6100	0.5074
6100.5	0.50744
6101	0.50748
6101.5	0.50752
6102	0.50756
6102.5	0.5076
6103	0.50764
6103.5	0.50768
6104	0.50772
6104.5	0.50776
6105	0.5078
6105.5	0.50784
6106	0.50788
6106.5	0.50792
6107	0.50796
6107.5	0.508
6108	0.50804
6108.5	0.50808
6109	0.50812
6109.5	0.50816
6110	0.5082
6110.5	0.50826
6111	0.50832
6111.5	0.50838
6112	0.50844
6112.5	0.5085
6113	0.50856
6113.5	0.50862
6114	0.50868
6114.5	0.50874
6115	0.5088
6115.5	0.50886
6116	0.50892
6116.5	0.50898
6117	0.50904
6117.5	0.5091
6118	0.50916
6118.5	0.50922
6119	0.50928
6119.5	0.50934
6120	0.5094
6120.5	0.50951
6121	0.50962
6121.5	0.50973
6122	0.50984
6122.5	0.50995
6123	0.51006
6123.5	0.51017
6124	0.51028
6124.5	0.51039
6125	0.5105
6125.5	0.51061
6126	0.51072
6126.5	0.51083
6127	0.51094
6127.5	0.51105
6128	0.51116
6128.5	0.51127
6129	0.51138
6129.5	0.51149
6130	0.5116
6130.5	0.51172
6131	0.51184
6131.5	0.51196
6132	0.51208
6132.5	0.5122
6133	0.51232
6133.5	0.51244
6134	0.51256
6134.5	0.51268
6135	0.5128
6135.5	0.51292
6136	0.51304
6136.5	0.51316
6137	0.51328
6137.5	0.5134
6138	0.51352
6138.5	0.51364
6139	0.51376
6139.5	0.51388
6140	0.514
6140.5	0.514105
6141	0.51421
6141.5	0.514315
6142	0.51442
6142.5	0.514525
6143	0.51463
6143.5	0.514735
6144	0.51484
6144.5	0.514945
6145	0.51505
6145.5	0.515155
6146	0.51526
6146.5	0.515365
6147	0.51547
6147.5	0.515575
6148	0.51568
6148.5	0.515785
6149	0.51589
6149.5	0.515995
6150	0.5161
6150.5	0.51619
6151	0.51628
6151.5	0.51637
6152	0.51646
6152.5	0.51655
6153	0.51664
6153.5	0.51673
6154	0.51682
6154.5	0.51691
6155	0.517
6155.5	0.51709
6156	0.51718
6156.5	0.51727
6157	0.51736
6157.5	0.51745
6158	0.51754
6158.5	0.51763
6159	0.51772
6159.5	0.51781
6160	0.5179
6160.5	0.517935
6161	0.51797
6161.5	0.518005
6162	0.51804
6162.5	0.518075
6163	0.51811
6163.5	0.518145
6164	0.51818
6164.5	0.518215
6165	0.51825
6165.5	0.518285
6166	0.51832
6166.5	0.518355
6167	0.51839
6167.5	0.518425
6168	0.51846
6168.5	0.518495
6169	0.51853
6169.5	0.518565
6170	0.5186
6170.5	0.518625
6171	0.51865
6171.5	0.518675
6172	0.5187
6172.5	0.518725
6173	0.51875
6173.5	0.518775
6174	0.5188
6174.5	0.518825
6175	0.51885
6175.5	0.518875
6176	0.5189
6176.5	0.518925
6177	0.51895
6177.5	0.518975
6178	0.519
6178.5	0.519025
6179	0.51905
6179.5	0.519075
6180	0.5191
6180.5	0.51909
6181	0.51908
6181.5	0.51907
6182	0.51906
6182.5	0.51905
6183	0.51904
6183.5	0.51903
6184	0.51902
6184.5	0.51901
6185	0.519
6185.5	0.51899
6186	0.51898
6186.5	0.51897
6187	0.51896
6187.5	0.51895
6188	0.51894
6188.5	0.51893
6189	0.51892
6189.5	0.51891
6190	0.5189
6190.5	0.51889
6191	0.51888
6191.5	0.51887
6192	0.51886
6192.5	0.51885
6193	0.51884
6193.5	0.51883
6194	0.51882
6194.5	0.51881
6195	0.5188
6195.5	0.51879
6196	0.51878
6196.5	0.51877
6197	0.51876
6197.5	0.51875
6198	0.51874
6198.5	0.51873
6199	0.51872
6199.5	0.51871
6200	0.5187
6200.5	0.518705
6201	0.51871
6201.5	0.518715
6202	0.51872
6202.5	0.518725
6203	0.51873
6203.5	0.518735
6204	0.51874
6204.5	0.518745
6205	0.51875
6205.5	0.518755
6206	0.51876
6206.5	0.518765
6207	0.51877
6207.5	0.518775
6208	0.51878
6208.5	0.518785
6209	0.51879
6209.5	0.518795
6210	0.5188
6210.5	0.51881
6211	0.51882
6211.5	0.51883
6212	0.51884
6212.5	0.51885
6213	0.51886
6213.5	0.51887
6214	0.51888
6214.5	0.51889
6215	0.5189
6215.5	0.51891
6216	0.51892
6216.5	0.51893
6217	0.51894
6217.5	0.51895
6218	0.51896
6218.5	0.51897
6219	0.51898
6219.5	0.51899
6220	0.519
6220.5	0.519035
6221	0.51907
6221.5	0.519105
6222	0.51914
6222.5	0.519175
6223	0.51921
6223.5	0.519245
6224	0.51928
6224.5	0.519315
6225	0.51935
6225.5	0.519385
6226	0.51942
6226.5	0.519455
6227	0.51949
6227.5	0.519525
6228	0.51956
6228.5	0.519595
6229	0.51963
6229.5	0.519665
6230	0.5197
6230.5	0.51974
6231	0.51978
6231.5	0.51982
6232	0.51986
6232.5	0.5199
6233	0.51994
6233.5	0.51998
6234	0.52002
6234.5	0.52006
6235	0.5201
6235.5	0.52014
6236	0.52018
6236.5	0.52022
6237	0.52026
6237.5	0.5203
6238	0.52034
6238.5	0.52038
6239	0.52042
6239.5	0.52046
6240	0.5205
6240.5	0.52054
6241	0.52058
6241.5	0.52062
6242	0.52066
6242.5	0.5207
6243	0.52074
6243.5	0.52078
6244	0.52082
6244.5	0.52086
6245	0.5209
6245.5	0.52094
6246	0.52098
6246.5	0.52102
6247	0.52106
6247.5	0.5211
6248	0.52114
6248.5	0.52118
6249	0.52122
6249.5	0.52126
6250	0.5213
6250.5	0.52133
6251	0.52136
6251.5	0.52139
6252	0.52142
6252.5	0.52145
6253	0.52148
6253.5	0.52151
6254	0.52154
6254.5	0.52157
6255	0.5216
6255.5	0.52163
6256	0.52166
6256.5	0.52169
6257	0.52172
6257.5	0.52175
6258	0.52178
6258.5	0.52181
6259	0.52184
6259.5	0.52187
6260	0.5219
6260.5	0.521895
6261	0.52189
6261.5	0.521885
6262	0.52188
6262.5	0.521875
6263	0.52187
6263.5	0.521865
6264	0.52186
6264.5	0.521855
6265	0.52185
6265.5	0.521845
6266	0.52184
6266.5	0.521835
6267	0.52183
6267.5	0.521825
6268	0.52182
6268.5	0.521815
6269	0.52181
6269.5	0.521805
6270	0.5218
6270.5	0.521165
6271	0.52053
6271.5	0.519895
6272	0.51926
6272.5	0.518625
6273	0.51799
6273.5	0.517355
6274	0.51672
6274.5	0.516085
6275	0.51545
6275.5	0.514815
6276	0.51418
6276.5	0.513545
6277	0.51291
6277.5	0.512275
6278	0.51164
6278.5	0.511005
6279	0.51037
6279.5	0.509735
6280	0.5091
6280.5	0.509505
6281	0.50991
6281.5	0.510315
6282	0.51072
6282.5	0.511125
6283	0.51153
6283.5	0.511935
6284	0.51234
6284.5	0.512745
6285	0.51315
6285.5	0.513555
6286	0.51396
6286.5	0.514365
6287	0.51477
6287.5	0.515175
6288	0.51558
6288.5	0.515985
6289	0.51639
6289.5	0.516795
6290	0.5172
6290.5	0.51715
6291	0.5171
6291.5	0.51705
6292	0.517
6292.5	0.51695
6293	0.5169
6293.5	0.51685
6294	0.5168
6294.5	0.51675
6295	0.5167
6295.5	0.51665
6296	0.5166
6296.5	0.51655
6297	0.5165
6297.5	0.51645
6298	0.5164
6298.5	0.51635
6299	0.5163
6299.5	0.51625
6300	0.5162
6300.5	0.516385
6301	0.51657
6301.5	0.516755
6302	0.51694
6302.5	0.517125
6303	0.51731
6303.5	0.517495
6304	0.51768
6304.5	0.517865
6305	0.51805
6305.5	0.518235
6306	0.51842
6306.5	0.518605
6307	0.51879
6307.5	0.518975
6308	0.51916
6308.5	0.519345
6309	0.51953
6309.5	0.519715
6310	0.5199
6310.5	0.51998
6311	0.52006
6311.5	0.52014
6312	0.52022
6312.5	0.5203
6313	0.52038
6313.5	0.52046
6314	0.52054
6314.5	0.52062
6315	0.5207
6315.5	0.52078
6316	0.52086
6316.5	0.52094
6317	0.52102
6317.5	0.5211
6318	0.52118
6318.5	0.52126
6319	0.52134
6319.5	0.52142
6320	0.5215
6320.5	0.52153
6321	0.52156
6321.5	0.52159
6322	0.52162
6322.5	0.52165
6323	0.52168
6323.5	0.52171
6324	0.52174
6324.5	0.52177
6325	0.5218
6325.5	0.52183
6326	0.52186
6326.5	0.52189
6327	0.52192
6327.5	0.52195
6328	0.52198
6328.5	0.52201
6329	0.52204
6329.5	0.52207
6330	0.5221
6330.5	0.52209
6331	0.52208
6331.5	0.52207
6332	0.52206
6332.5	0.52205
6333	0.52204
6333.5	0.52203
6334	0.52202
6334.5	0.52201
6335	0.522
6335.5	0.52199
6336	0.52198
6336.5	0.52197
6337	0.52196
6337.5	0.52195
6338	0.52194
6338.5	0.52193
6339	0.52192
6339.5	0.52191
6340	0.5219
6340.5	0.521835
6341	0.52177
6341.5	0.521705
6342	0.52164
6342.5	0.521575
6343	0.52151
6343.5	0.521445
6344	0.52138
6344.5	0.521315
6345	0.52125
6345.5	0.521185
6346	0.52112
6346.5	0.521055
6347	0.52099
6347.5	0.520925
6348	0.52086
6348.5	0.520795
6349	0.52073
6349.5	0.520665
6350	0.5206
6350.5	0.520515
6351	0.52043
6351.5	0.520345
6352	0.52026
6352.5	0.520175
6353	0.52009
6353.5	0.520005
6354	0.51992
6354.5	0.519835
6355	0.51975
6355.5	0.519665
6356	0.51958
6356.5	0.519495
6357	0.51941
6357.5	0.519325
6358	0.51924
6358.5	0.519155
6359	0.51907
6359.5	0.518985
6360	0.5189
6360.5	0.518775
6361	0.51865
6361.5	0.518525
6362	0.5184
6362.5	0.518275
6363	0.51815
6363.5	0.518025
6364	0.5179
6364.5	0.517775
6365	0.51765
6365.5	0.517525
6366	0.5174
6366.5	0.517275
6367	0.51715
6367.5	0.517025
6368	0.5169
6368.5	0.516775
6369	0.51665
6369.5	0.516525
6370	0.5164
6370.5	0.51627
6371	0.51614
6371.5	0.51601
6372	0.51588
6372.5	0.51575
6373	0.51562
6373.5	0.51549
6374	0.51536
6374.5	0.51523
6375	0.5151
6375.5	0.51497
6376	0.51484
6376.5	0.51471
6377	0.51458
6377.5	0.51445
6378	0.51432
6378.5	0.51419
6379	0.51406
6379.5	0.51393
6380	0.5138
6380.5	0.51365
6381	0.5135
6381.5	0.51335
6382	0.5132
6382.5	0.51305
6383	0.5129
6383.5	0.51275
6384	0.5126
6384.5	0.51245
6385	0.5123
6385.5	0.51215
6386	0.512
6386.5	0.51185
6387	0.5117
6387.5	0.51155
6388	0.5114
6388.5	0.51125
6389	0.5111
6389.5	0.51095
6390	0.5108
6390.5	0.51066
6391	0.51052
6391.5	0.51038
6392	0.51024
6392.5	0.5101
6393	0.50996
6393.5	0.50982
6394	0.50968
6394.5	0.50954
6395	0.5094
6395.5	0.50926
6396	0.50912
6396.5	0.50898
6397	0.50884
6397.5	0.5087
6398	0.50856
6398.5	0.50842
6399	0.50828
6399.5	0.50814
6400	0.508
6400.5	0.507905
6401	0.50781
6401.5	0.507715
6402	0.50762
6402.5	0.507525
6403	0.50743
6403.5	0.507335
6404	0.50724
6404.5	0.507145
6405	0.50705
6405.5	0.506955
6406	0.50686
6406.5	0.506765
6407	0.50667
6407.5	0.506575
6408	0.50648
6408.5	0.506385
6409	0.50629
6409.5	0.506195
6410	0.5061
6410.5	0.50603
6411	0.50596
6411.5	0.50589
6412	0.50582
6412.5	0.50575
6413	0.50568
6413.5	0.50561
6414	0.50554
6414.5	0.50547
6415	0.5054
6415.5	0.50533
6416	0.50526
6416.5	0.50519
6417	0.50512
6417.5	0.50505
6418	0.50498
6418.5	0.50491
6419	0.50484
6419.5	0.50477
6420	0.5047
6420.5	0.50473
6421	0.50476
6421.5	0.50479
6422	0.50482
6422.5	0.50485
6423	0.50488
6423.5	0.50491
6424	0.50494
6424.5	0.50497
6425	0.505
6425.5	0.50503
6426	0.50506
6426.5	0.50509
6427	0.50512
6427.5	0.50515
6428	0.50518
6428.5	0.50521
6429	0.50524
6429.5	0.50527
6430	0.5053
6430.5	0.505365
6431	0.50543
6431.5	0.505495
6432	0.50556
6432.5	0.505625
6433	0.50569
6433.5	0.505755
6434	0.50582
6434.5	0.505885
6435	0.50595
6435.5	0.506015
6436	0.50608
6436.5	0.506145
6437	0.50621
6437.5	0.506275
6438	0.50634
6438.5	0.506405
6439	0.50647
6439.5	0.506535
6440	0.5066
6440.5	0.50671
6441	0.50682
6441.5	0.50693
6442	0.50704
6442.5	0.50715
6443	0.50726
6443.5	0.50737
6444	0.50748
6444.5	0.50759
6445	0.5077
6445.5	0.50781
6446	0.50792
6446.5	0.50803
6447	0.50814
6447.5	0.50825
6448	0.50836
6448.5	0.50847
6449	0.50858
6449.5	0.50869
6450	0.5088
6450.5	0.508905
6451	0.50901
6451.5	0.509115
6452	0.50922
6452.5	0.509325
6453	0.50943
6453.5	0.509535
6454	0.50964
6454.5	0.509745
6455	0.50985
6455.5	0.509955
6456	0.51006
6456.5	0.510165
6457	0.51027
6457.5	0.510375
6458	0.51048
6458.5	0.510585
6459	0.51069
6459.5	0.510795
6460	0.5109
6460.5	0.510965
6461	0.51103
6461.5	0.511095
6462	0.51116
6462.5	0.511225
6463	0.51129
6463.5	0.511355
6464	0.51142
6464.5	0.511485
6465	0.51155
6465.5	0.511615
6466	0.51168
6466.5	0.511745
6467	0.51181
6467.5	0.511875
6468	0.51194
6468.5	0.512005
6469	0.51207
6469.5	0.512135
6470	0.5122
6470.5	0.51224
6471	0.51228
6471.5	0.51232
6472	0.51236
6472.5	0.5124
6473	0.51244
6473.5	0.51248
6474	0.51252
6474.5	0.51256
6475	0.5126
6475.5	0.51264
6476	0.51268
6476.5	0.51272
6477	0.51276
6477.5	0.5128
6478	0.51284
6478.5	0.51288
6479	0.51292
6479.5	0.51296
6480	0.513
6480.5	0.513015
6481	0.51303
6481.5	0.513045
6482	0.51306
6482.5	0.513075
6483	0.51309
6483.5	0.513105
6484	0.51312
6484.5	0.513135
6485	0.51315
6485.5	0.513165
6486	0.51318
6486.5	0.513195
6487	0.51321
6487.5	0.513225
6488	0.51324
6488.5	0.513255
6489	0.51327
6489.5	0.513285
6490	0.5133
6490.5	0.513325
6491	0.51335
6491.5	0.513375
6492	0.5134
6492.5	0.513425
6493	0.51345
6493.5	0.513475
6494	0.5135
6494.5	0.513525
6495	0.51355
6495.5	0.513575
6496	0.5136
6496.5	0.513625
6497	0.51365
6497.5	0.513675
6498	0.5137
6498.5	0.513725
6499	0.51375
6499.5	0.513775
6500	0.5138
6500.5	0.51367
6501	0.51354
6501.5	0.51341
6502	0.51328
6502.5	0.51315
6503	0.51302
6503.5	0.51289
6504	0.51276
6504.5	0.51263
6505	0.5125
6505.5	0.51237
6506	0.51224
6506.5	0.51211
6507	0.51198
6507.5	0.51185
6508	0.51172
6508.5	0.51159
6509	0.51146
6509.5	0.51133
6510	0.5112
6510.5	0.510965
6511	0.51073
6511.5	0.510495
6512	0.51026
6512.5	0.510025
6513	0.50979
6513.5	0.509555
6514	0.50932
6514.5	0.509085
6515	0.50885
6515.5	0.508615
6516	0.50838
6516.5	0.508145
6517	0.50791
6517.5	0.507675
6518	0.50744
6518.5	0.507205
6519	0.50697
6519.5	0.506735
6520	0.5065
6520.5	0.50631
6521	0.50612
6521.5	0.50593
6522	0.50574
6522.5	0.50555
6523	0.50536
6523.5	0.50517
6524	0.50498
6524.5	0.50479
6525	0.5046
6525.5	0.50441
6526	0.50422
6526.5	0.50403
6527	0.50384
6527.5	0.50365
6528	0.50346
6528.5	0.50327
6529	0.50308
6529.5	0.50289
6530	0.5027
6530.5	0.50245
6531	0.5022
6531.5	0.50195
6532	0.5017
6532.5	0.50145
6533	0.5012
6533.5	0.50095
6534	0.5007
6534.5	0.50045
6535	0.5002
6535.5	0.49995
6536	0.4997
6536.5	0.49945
6537	0.4992
6537.5	0.49895
6538	0.4987
6538.5	0.49845
6539	0.4982
6539.5	0.49795
6540	0.4977
6540.5	0.497415
6541	0.49713
6541.5	0.496845
6542	0.49656
6542.5	0.496275
6543	0.49599
6543.5	0.495705
6544	0.49542
6544.5	0.495135
6545	0.49485
6545.5	0.494565
6546	0.49428
6546.5	0.493995
6547	0.49371
6547.5	0.493425
6548	0.49314
6548.5	0.492855
6549	0.49257
6549.5	0.492285
6550	0.492
6550.5	0.49181
6551	0.49162
6551.5	0.49143
6552	0.49124
6552.5	0.49105
6553	0.49086
6553.5	0.49067
6554	0.49048
6554.5	0.49029
6555	0.4901
6555.5	0.48991
6556	0.48972
6556.5	0.48953
6557	0.48934
6557.5	0.48915
6558	0.48896
6558.5	0.48877
6559	0.48858
6559.5	0.48839
6560	0.4882
6560.5	0.488085
6561	0.48797
6561.5	0.487855
6562	0.48774
6562.5	0.487625
6563	0.48751
6563.5	0.487395
6564	0.48728
6564.5	0.487165
6565	0.48705
6565.5	0.486935
6566	0.48682
6566.5	0.486705
6567	0.48659
6567.5	0.486475
6568	0.48636
6568.5	0.486245
6569	0.48613
6569.5	0.486015
6570	0.4859
6570.5	0.485835
6571	0.48577
6571.5	0.485705
6572	0.48564
6572.5	0.485575
6573	0.48551
6573.5	0.485445
6574	0.48538
6574.5	0.485315
6575	0.48525
6575.5	0.485185
6576	0.48512
6576.5	0.485055
6577	0.48499
6577.5	0.484925
6578	0.48486
6578.5	0.484795
6579	0.48473
6579.5	0.484665
6580	0.4846
6580.5	0.48466
6581	0.48472
6581.5	0.48478
6582	0.48484
6582.5	0.4849
6583	0.48496
6583.5	0.48502
6584	0.48508
6584.5	0.48514
6585	0.4852
6585.5	0.48526
6586	0.48532
6586.5	0.48538
6587	0.48544
6587.5	0.4855
6588	0.48556
6588.5	0.48562
6589	0.48568
6589.5	0.48574
6590	0.4858
6590.5	0.48589
6591	0.48598
6591.5	0.48607
6592	0.48616
6592.5	0.48625
6593	0.48634
6593.5	0.48643
6594	0.48652
6594.5	0.48661
6595	0.4867
6595.5	0.48679
6596	0.48688
6596.5	0.48697
6597	0.48706
6597.5	0.48715
6598	0.48724
6598.5	0.48733
6599	0.48742
6599.5	0.48751
6600	0.4876
6600.5	0.48778
6601	0.48796
6601.5	0.48814
6602	0.48832
6602.5	0.4885
6603	0.48868
6603.5	0.48886
6604	0.48904
6604.5	0.48922
6605	0.4894
6605.5	0.48958
6606	0.48976
6606.5	0.48994
6607	0.49012
6607.5	0.4903
6608	0.49048
6608.5	0.49066
6609	0.49084
6609.5	0.49102
6610	0.4912
6610.5	0.491395
6611	0.49159
6611.5	0.491785
6612	0.49198
6612.5	0.492175
6613	0.49237
6613.5	0.492565
6614	0.49276
6614.5	0.492955
6615	0.49315
6615.5	0.493345
6616	0.49354
6616.5	0.493735
6617	0.49393
6617.5	0.494125
6618	0.49432
6618.5	0.494515
6619	0.49471
6619.5	0.494905
6620	0.4951
6620.5	0.4953
6621	0.4955
6621.5	0.4957
6622	0.4959
6622.5	0.4961
6623	0.4963
6623.5	0.4965
6624	0.4967
6624.5	0.4969
6625	0.4971
6625.5	0.4973
6626	0.4975
6626.5	0.4977
6627	0.4979
6627.5	0.4981
6628	0.4983
6628.5	0.4985
6629	0.4987
6629.5	0.4989
6630	0.4991
6630.5	0.49929
6631	0.49948
6631.5	0.49967
6632	0.49986
6632.5	0.50005
6633	0.50024
6633.5	0.50043
6634	0.50062
6634.5	0.50081
6635	0.501
6635.5	0.50119
6636	0.50138
6636.5	0.50157
6637	0.50176
6637.5	0.50195
6638	0.50214
6638.5	0.50233
6639	0.50252
6639.5	0.50271
6640	0.5029
6640.5	0.50299
6641	0.50308
6641.5	0.50317
6642	0.50326
6642.5	0.50335
6643	0.50344
6643.5	0.50353
6644	0.50362
6644.5	0.50371
6645	0.5038
6645.5	0.50389
6646	0.50398
6646.5	0.50407
6647	0.50416
6647.5	0.50425
6648	0.50434
6648.5	0.50443
6649	0.50452
6649.5	0.50461
6650	0.5047
6650.5	0.50476
6651	0.50482
6651.5	0.50488
6652	0.50494
6652.5	0.505
6653	0.50506
6653.5	0.50512
6654	0.50518
6654.5	0.50524
6655	0.5053
6655.5	0.50536
6656	0.50542
6656.5	0.50548
6657	0.50554
6657.5	0.5056
6658	0.50566
6658.5	0.50572
6659	0.50578
6659.5	0.50584
6660	0.5059
6660.5	0.50588
6661	0.50586
6661.5	0.50584
6662	0.50582
6662.5	0.5058
6663	0.50578
6663.5	0.50576
6664	0.50574
6664.5	0.50572
6665	0.5057
6665.5	0.50568
6666	0.50566
6666.5	0.50564
6667	0.50562
6667.5	0.5056
6668	0.50558
6668.5	0.50556
6669	0.50554
6669.5	0.50552
6670	0.5055
6670.5	0.50546
6671	0.50542
6671.5	0.50538
6672	0.50534
6672.5	0.5053
6673	0.50526
6673.5	0.50522
6674	0.50518
6674.5	0.50514
6675	0.5051
6675.5	0.50506
6676	0.50502
6676.5	0.50498
6677	0.50494
6677.5	0.5049
6678	0.50486
6678.5	0.50482
6679	0.50478
6679.5	0.50474
6680	0.5047
6680.5	0.504675
6681	0.50465
6681.5	0.504625
6682	0.5046
6682.5	0.504575
6683	0.50455
6683.5	0.504525
6684	0.5045
6684.5	0.504475
6685	0.50445
6685.5	0.504425
6686	0.5044
6686.5	0.504375
6687	0.50435
6687.5	0.504325
6688	0.5043
6688.5	0.504275
6689	0.50425
6689.5	0.504225
6690	0.5042
6690.5	0.504175
6691	0.50415
6691.5	0.504125
6692	0.5041
6692.5	0.504075
6693	0.50405
6693.5	0.504025
6694	0.504
6694.5	0.503975
6695	0.50395
6695.5	0.503925
6696	0.5039
6696.5	0.503875
6697	0.50385
6697.5	0.503825
6698	0.5038
6698.5	0.503775
6699	0.50375
6699.5	0.503725
6700	0.5037
6700.5	0.50372
6701	0.50374
6701.5	0.50376
6702	0.50378
6702.5	0.5038
6703	0.50382
6703.5	0.50384
6704	0.50386
6704.5	0.50388
6705	0.5039
6705.5	0.50392
6706	0.50394
6706.5	0.50396
6707	0.50398
6707.5	0.504
6708	0.50402
6708.5	0.50404
6709	0.50406
6709.5	0.50408
6710	0.5041
6710.5	0.504135
6711	0.50417
6711.5	0.504205
6712	0.50424
6712.5	0.504275
6713	0.50431
6713.5	0.504345
6714	0.50438
6714.5	0.504415
6715	0.50445
6715.5	0.504485
6716	0.50452
6716.5	0.504555
6717	0.50459
6717.5	0.504625
6718	0.50466
6718.5	0.504695
6719	0.50473
6719.5	0.504765
6720	0.5048
6720.5	0.5049
6721	0.505
6721.5	0.5051
6722	0.5052
6722.5	0.5053
6723	0.5054
6723.5	0.5055
6724	0.5056
6724.5	0.5057
6725	0.5058
6725.5	0.5059
6726	0.506
6726.5	0.5061
6727	0.5062
6727.5	0.5063
6728	0.5064
6728.5	0.5065
6729	0.5066
6729.5	0.5067
6730	0.5068
6730.5	0.506905
6731	0.50701
6731.5	0.507115
6732	0.50722
6732.5	0.507325
6733	0.50743
6733.5	0.507535
6734	0.50764
6734.5	0.507745
6735	0.50785
6735.5	0.507955
6736	0.50806
6736.5	0.508165
6737	0.50827
6737.5	0.508375
6738	0.50848
6738.5	0.508585
6739	0.50869
6739.5	0.508795
6740	0.5089
6740.5	0.509
6741	0.5091
6741.5	0.5092
6742	0.5093
6742.5	0.5094
6743	0.5095
6743.5	0.5096
6744	0.5097
6744.5	0.5098
6745	0.5099
6745.5	0.51
6746	0.5101
6746.5	0.5102
6747	0.5103
6747.5	0.5104
6748	0.5105
6748.5	0.5106
6749	0.5107
6749.5	0.5108
6750	0.5109
6750.5	0.510985
6751	0.51107
6751.5	0.511155
6752	0.51124
6752.5	0.511325
6753	0.51141
6753.5	0.511495
6754	0.51158
6754.5	0.511665
6755	0.51175
6755.5	0.511835
6756	0.51192
6756.5	0.512005
6757	0.51209
6757.5	0.512175
6758	0.51226
6758.5	0.512345
6759	0.51243
6759.5	0.512515
6760	0.5126
6760.5	0.5126
6761	0.5126
6761.5	0.5126
6762	0.5126
6762.5	0.5126
6763	0.5126
6763.5	0.5126
6764	0.5126
6764.5	0.5126
6765	0.5126
6765.5	0.5126
6766	0.5126
6766.5	0.5126
6767	0.5126
6767.5	0.5126
6768	0.5126
6768.5	0.5126
6769	0.5126
6769.5	0.5126
6770	0.5126
6770.5	0.51258
6771	0.51256
6771.5	0.51254
6772	0.51252
6772.5	0.5125
6773	0.51248
6773.5	0.51246
6774	0.51244
6774.5	0.51242
6775	0.5124
6775.5	0.51238
6776	0.51236
6776.5	0.51234
6777	0.51232
6777.5	0.5123
6778	0.51228
6778.5	0.51226
6779	0.51224
6779.5	0.51222
6780	0.5122
6780.5	0.5121
6781	0.512
6781.5	0.5119
6782	0.5118
6782.5	0.5117
6783	0.5116
6783.5	0.5115
6784	0.5114
6784.5	0.5113
6785	0.5112
6785.5	0.5111
6786	0.511
6786.5	0.5109
6787	0.5108
6787.5	0.5107
6788	0.5106
6788.5	0.5105
6789	0.5104
6789.5	0.5103
6790	0.5102
6790.5	0.510085
6791	0.50997
6791.5	0.509855
6792	0.50974
6792.5	0.509625
6793	0.50951
6793.5	0.509395
6794	0.50928
6794.5	0.509165
6795	0.50905
6795.5	0.508935
6796	0.50882
6796.5	0.508705
6797	0.50859
6797.5	0.508475
6798	0.50836
6798.5	0.508245
6799	0.50813
6799.5	0.508015
6800	0.5079
6800.5	0.507755
6801	0.50761
6801.5	0.507465
6802	0.50732
6802.5	0.507175
6803	0.50703
6803.5	0.506885
6804	0.50674
6804.5	0.506595
6805	0.50645
6805.5	0.506305
6806	0.50616
6806.5	0.506015
6807	0.50587
6807.5	0.505725
6808	0.50558
6808.5	0.505435
6809	0.50529
6809.5	0.505145
6810	0.505
6810.5	0.50486
6811	0.50472
6811.5	0.50458
6812	0.50444
6812.5	0.5043
6813	0.50416
6813.5	0.50402
6814	0.50388
6814.5	0.50374
6815	0.5036
6815.5	0.50346
6816	0.50332
6816.5	0.50318
6817	0.50304
6817.5	0.5029
6818	0.50276
6818.5	0.50262
6819	0.50248
6819.5	0.50234
6820	0.5022
6820.5	0.502115
6821	0.50203
6821.5	0.501945
6822	0.50186
6822.5	0.501775
6823	0.50169
6823.5	0.501605
6824	0.50152
6824.5	0.501435
6825	0.50135
6825.5	0.501265
6826	0.50118
6826.5	0.501095
6827	0.50101
6827.5	0.500925
6828	0.50084
6828.5	0.500755
6829	0.50067
6829.5	0.500585
6830	0.5005
6830.5	0.50043
6831	0.50036
6831.5	0.50029
6832	0.50022
6832.5	0.50015
6833	0.50008
6833.5	0.50001
6834	0.49994
6834.5	0.49987
6835	0.4998
6835.5	0.49973
6836	0.49966
6836.5	0.49959
6837	0.49952
6837.5	0.49945
6838	0.49938
6838.5	0.49931
6839	0.49924
6839.5	0.49917
6840	0.4991
6840.5	0.499065
6841	0.49903
6841.5	0.498995
6842	0.49896
6842.5	0.498925
6843	0.49889
6843.5	0.498855
6844	0.49882
6844.5	0.498785
6845	0.49875
6845.5	0.498715
6846	0.49868
6846.5	0.498645
6847	0.49861
6847.5	0.498575
6848	0.49854
6848.5	0.498505
6849	0.49847
6849.5	0.498435
6850	0.4984
6850.5	0.498355
6851	0.49831
6851.5	0.498265
6852	0.49822
6852.5	0.498175
6853	0.49813
6853.5	0.498085
6854	0.49804
6854.5	0.497995
6855	0.49795
6855.5	0.497905
6856	0.49786
6856.5	0.497815
6857	0.49777
6857.5	0.497725
6858	0.49768
6858.5	0.497635
6859	0.49759
6859.5	0.497545
6860	0.4975
6860.5	0.49324
6861	0.48898
6861.5	0.48472
6862	0.48046
6862.5	0.4762
6863	0.47194
6863.5	0.46768
6864	0.46342
6864.5	0.45916
6865	0.4549
6865.5	0.45064
6866	0.44638
6866.5	0.44212
6867	0.43786
6867.5	0.4336
6868	0.42934
6868.5	0.42508
6869	0.42082
6869.5	0.41656
6870	0.4123
6870.5	0.41364
6871	0.41498
6871.5	0.41632
6872	0.41766
6872.5	0.419
6873	0.42034
6873.5	0.42168
6874	0.42302
6874.5	0.42436
6875	0.4257
6875.5	0.42704
6876	0.42838
6876.5	0.42972
6877	0.43106
6877.5	0.4324
6878	0.43374
6878.5	0.43508
6879	0.43642
6879.5	0.43776
6880	0.4391
6880.5	0.439075
6881	0.43905
6881.5	0.439025
6882	0.439
6882.5	0.438975
6883	0.43895
6883.5	0.438925
6884	0.4389
6884.5	0.438875
6885	0.43885
6885.5	0.438825
6886	0.4388
6886.5	0.438775
6887	0.43875
6887.5	0.438725
6888	0.4387
6888.5	0.438675
6889	0.43865
6889.5	0.438625
6890	0.4386
6890.5	0.43873
6891	0.43886
6891.5	0.43899
6892	0.43912
6892.5	0.43925
6893	0.43938
6893.5	0.43951
6894	0.43964
6894.5	0.43977
6895	0.4399
6895.5	0.44003
6896	0.44016
6896.5	0.44029
6897	0.44042
6897.5	0.44055
6898	0.44068
6898.5	0.44081
6899	0.44094
6899.5	0.44107
6900	0.4412
6900.5	0.441225
6901	0.44125
6901.5	0.441275
6902	0.4413
6902.5	0.441325
6903	0.44135
6903.5	0.441375
6904	0.4414
6904.5	0.441425
6905	0.44145
6905.5	0.441475
6906	0.4415
6906.5	0.441525
6907	0.44155
6907.5	0.441575
6908	0.4416
6908.5	0.441625
6909	0.44165
6909.5	0.441675
6910	0.4417
6910.5	0.44143
6911	0.44116
6911.5	0.44089
6912	0.44062
6912.5	0.44035
6913	0.44008
6913.5	0.43981
6914	0.43954
6914.5	0.43927
6915	0.439
6915.5	0.43873
6916	0.43846
6916.5	0.43819
6917	0.43792
6917.5	0.43765
6918	0.43738
6918.5	0.43711
6919	0.43684
6919.5	0.43657
6920	0.4363
6920.5	0.43531
6921	0.43432
6921.5	0.43333
6922	0.43234
6922.5	0.43135
6923	0.43036
6923.5	0.42937
6924	0.42838
6924.5	0.42739
6925	0.4264
6925.5	0.42541
6926	0.42442
6926.5	0.42343
6927	0.42244
6927.5	0.42145
6928	0.42046
6928.5	0.41947
6929	0.41848
6929.5	0.41749
6930	0.4165
6930.5	0.415195
6931	0.41389
6931.5	0.412585
6932	0.41128
6932.5	0.409975
6933	0.40867
6933.5	0.407365
6934	0.40606
6934.5	0.404755
6935	0.40345
6935.5	0.402145
6936	0.40084
6936.5	0.399535
6937	0.39823
6937.5	0.396925
6938	0.39562
6938.5	0.394315
6939	0.39301
6939.5	0.391705
6940	0.3904
6940.5	0.388655
6941	0.38691
6941.5	0.385165
6942	0.38342
6942.5	0.381675
6943	0.37993
6943.5	0.378185
6944	0.37644
6944.5	0.374695
6945	0.37295
6945.5	0.371205
6946	0.36946
6946.5	0.367715
6947	0.36597
6947.5	0.364225
6948	0.36248
6948.5	0.360735
6949	0.35899
6949.5	0.357245
6950	0.3555
6950.5	0.353485
6951	0.35147
6951.5	0.349455
6952	0.34744
6952.5	0.345425
6953	0.34341
6953.5	0.341395
6954	0.33938
6954.5	0.337365
6955	0.33535
6955.5	0.333335
6956	0.33132
6956.5	0.329305
6957	0.32729
6957.5	0.325275
6958	0.32326
6958.5	0.321245
6959	0.31923
6959.5	0.317215
6960	0.3152
6960.5	0.31306
6961	0.31092
6961.5	0.30878
6962	0.30664
6962.5	0.3045
6963	0.30236
6963.5	0.30022
6964	0.29808
6964.5	0.29594
6965	0.2938
6965.5	0.29166
6966	0.28952
6966.5	0.28738
6967	0.28524
6967.5	0.2831
6968	0.28096
6968.5	0.27882
6969	0.27668
6969.5	0.27454
6970	0.2724
6970.5	0.270125
6971	0.26785
6971.5	0.265575
6972	0.2633
6972.5	0.261025
6973	0.25875
6973.5	0.256475
6974	0.2542
6974.5	0.251925
6975	0.24965
6975.5	0.247375
6976	0.2451
6976.5	0.242825
6977	0.24055
6977.5	0.238275
6978	0.236
6978.5	0.233725
6979	0.23145
6979.5	0.229175
6980	0.2269
6980.5	0.22468
6981	0.22246
6981.5	0.22024
6982	0.21802
6982.5	0.2158
6983	0.21358
6983.5	0.21136
6984	0.20914
6984.5	0.20692
6985	0.2047
6985.5	0.20248
6986	0.20026
6986.5	0.19804
6987	0.19582
6987.5	0.1936
6988	0.19138
6988.5	0.18916
6989	0.18694
6989.5	0.18472
6990	0.1825
6990.5	0.180405
6991	0.17831
6991.5	0.176215
6992	0.17412
6992.5	0.172025
6993	0.16993
6993.5	0.167835
6994	0.16574
6994.5	0.163645
6995	0.16155
6995.5	0.159455
6996	0.15736
6996.5	0.155265
6997	0.15317
6997.5	0.151075
6998	0.14898
6998.5	0.146885
6999	0.14479
6999.5	0.142695
7000	0.1406
7000.5	0.13889
7001	0.13718
7001.5	0.13547
7002	0.13376
7002.5	0.13205
7003	0.13034
7003.5	0.12863
7004	0.12692
7004.5	0.12521
7005	0.1235
7005.5	0.12179
7006	0.12008
7006.5	0.11837
7007	0.11666
7007.5	0.11495
7008	0.11324
7008.5	0.11153
7009	0.10982
7009.5	0.10811
7010	0.1064
7010.5	0.104835
7011	0.10327
7011.5	0.101705
7012	0.10014
7012.5	0.098575
7013	0.09701
7013.5	0.095445
7014	0.09388
7014.5	0.092315
7015	0.09075
7015.5	0.089185
7016	0.08762
7016.5	0.086055
7017	0.08449
7017.5	0.082925
7018	0.08136
7018.5	0.079795
7019	0.07823
7019.5	0.076665
7020	0.0751
7020.5	0.074015
7021	0.07293
7021.5	0.071845
7022	0.07076
7022.5	0.069675
7023	0.06859
7023.5	0.067505
7024	0.06642
7024.5	0.065335
7025	0.06425
7025.5	0.063165
7026	0.06208
7026.5	0.060995
7027	0.05991
7027.5	0.058825
7028	0.05774
7028.5	0.056655
7029	0.05557
7029.5	0.054485
7030	0.0534
7030.5	0.05246
7031	0.05152
7031.5	0.05058
7032	0.04964
7032.5	0.0487
7033	0.04776
7033.5	0.04682
7034	0.04588
7034.5	0.04494
7035	0.044
7035.5	0.04306
7036	0.04212
7036.5	0.04118
7037	0.04024
7037.5	0.0393
7038	0.03836
7038.5	0.03742
7039	0.03648
7039.5	0.03554
7040	0.0346
7040.5	0.03404
7041	0.03348
7041.5	0.03292
7042	0.03236
7042.5	0.0318
7043	0.03124
7043.5	0.03068
7044	0.03012
7044.5	0.02956
7045	0.029
7045.5	0.02844
7046	0.02788
7046.5	0.02732
7047	0.02676
7047.5	0.0262
7048	0.02564
7048.5	0.02508
7049	0.02452
7049.5	0.02396
7050	0.0234
7050.5	0.02294
7051	0.02248
7051.5	0.02202
7052	0.02156
7052.5	0.0211
7053	0.02064
7053.5	0.02018
7054	0.01972
7054.5	0.01926
7055	0.0188
7055.5	0.01834
7056	0.01788
7056.5	0.01742
7057	0.01696
7057.5	0.0165
7058	0.01604
7058.5	0.01558
7059	0.01512
7059.5	0.01466
7060	0.0142
7060.5	0.01395
7061	0.0137
7061.5	0.01345
7062	0.0132
7062.5	0.01295
7063	0.0127
7063.5	0.01245
7064	0.0122
7064.5	0.01195
7065	0.0117
7065.5	0.01145
7066	0.0112
7066.5	0.01095
7067	0.0107
7067.5	0.01045
7068	0.0102
7068.5	0.00995
7069	0.0097
7069.5	0.00945
7070	0.0092
7070.5	0.009005
7071	0.00881
7071.5	0.008615
7072	0.00842
7072.5	0.008225
7073	0.00803
7073.5	0.007835
7074	0.00764
7074.5	0.007445
7075	0.00725
7075.5	0.007055
7076	0.00686
7076.5	0.006665
7077	0.00647
7077.5	0.006275
7078	0.00608
7078.5	0.005885
7079	0.00569
7079.5	0.005495
7080	0.0053
7080.5	0.005205
7081	0.00511
7081.5	0.005015
7082	0.00492
7082.5	0.004825
7083	0.00473
7083.5	0.004635
7084	0.00454
7084.5	0.004445
7085	0.00435
7085.5	0.004255
7086	0.00416
7086.5	0.004065
7087	0.00397
7087.5	0.003875
7088	0.00378
7088.5	0.003685
7089	0.00359
7089.5	0.003495
7090	0.0034
7090.5	0.003325
7091	0.00325
7091.5	0.003175
7092	0.0031
7092.5	0.003025
7093	0.00295
7093.5	0.002875
7094	0.0028
7094.5	0.002725
7095	0.00265
7095.5	0.002575
7096	0.0025
7096.5	0.002425
7097	0.00235
7097.5	0.002275
7098	0.0022
7098.5	0.002125
7099	0.00205
7099.5	0.001975
7100	0.0019
7100.5	0.00187
7101	0.00184
7101.5	0.00181
7102	0.00178
7102.5	0.00175
7103	0.00172
7103.5	0.00169
7104	0.00166
7104.5	0.00163
7105	0.0016
7105.5	0.00157
7106	0.00154
7106.5	0.00151
7107	0.00148
7107.5	0.00145
7108	0.00142
7108.5	0.00139
7109	0.00136
7109.5	0.00133
7110	0.0013
7110.5	0.00128
7111	0.00126
7111.5	0.00124
7112	0.00122
7112.5	0.0012
7113	0.00118
7113.5	0.00116
7114	0.00114
7114.5	0.00112
7115	0.0011
7115.5	0.00108
7116	0.00106
7116.5	0.00104
7117	0.00102
7117.5	0.001
7118	0.00098
7118.5	0.00096
7119	0.00094
7119.5	0.00092
7120	0.0009
7120.5	0.00089
7121	0.00088
7121.5	0.00087
7122	0.00086
7122.5	0.00085
7123	0.00084
7123.5	0.00083
7124	0.00082
7124.5	0.00081
7125	0.0008
7125.5	0.00079
7126	0.00078
7126.5	0.00077
7127	0.00076
7127.5	0.00075
7128	0.00074
7128.5	0.00073
7129	0.00072
7129.5	0.00071
7130	0.0007
7130.5	0.00069
7131	0.00068
7131.5	0.00067
7132	0.00066
7132.5	0.00065
7133	0.00064
7133.5	0.00063
7134	0.00062
7134.5	0.00061
7135	0.0006
7135.5	0.00059
7136	0.00058
7136.5	0.00057
7137	0.00056
7137.5	0.00055
7138	0.00054
7138.5	0.00053
7139	0.00052
7139.5	0.00051
7140	0.0005
7140.5	0.00049
7141	0.00048
7141.5	0.00047
7142	0.00046
7142.5	0.00045
7143	0.00044
7143.5	0.00043
7144	0.00042
7144.5	0.00041
7145	0.0004
7145.5	0.00039
7146	0.00038
7146.5	0.00037
7147	0.00036
7147.5	0.00035
7148	0.00034
7148.5	0.00033
7149	0.00032
7149.5	0.00031
7150	0.0003
7150.5	0.000295
7151	0.00029
7151.5	0.000285
7152	0.00028
7152.5	0.000275
7153	0.00027
7153.5	0.000265
7154	0.00026
7154.5	0.000255
7155	0.00025
7155.5	0.000245
7156	0.00024
7156.5	0.000235
7157	0.00023
7157.5	0.000225
7158	0.00022
7158.5	0.000215
7159	0.00021
7159.5	0.000205
7160	0.0002
7160.5	0.000195
7161	0.00019
7161.5	0.000185
7162	0.00018
7162.5	0.000175
7163	0.00017
7163.5	0.000165
7164	0.00016
7164.5	0.000155
7165	0.00015
7165.5	0.000145
7166	0.00014
7166.5	0.000135
7167	0.00013
7167.5	0.000125
7168	0.00012
7168.5	0.000115
7169	0.00011
7169.5	0.000105
7170	0.0001
7170.5	9.5e-05
7171	9e-05
7171.5	8.5e-05
7172	8e-05
7172.5	7.5e-05
7173	7e-05
7173.5	6.5e-05
7174	6e-05
7174.5	5.5e-05
7175	5e-05
7175.5	4.5e-05
7176	4e-05
7176.5	3.5e-05
7177	3e-05
7177.5	2.5e-05
7178	2e-05
7178.5	1.5e-05
7179	1e-05
7179.5	5e-06
7180	0
7180.5	5e-06
7181	1e-05
7181.5	1.5e-05
7182	2e-05
7182.5	2.5e-05
7183	3e-05
7183.5	3.5e-05
7184	4e-05
7184.5	4.5e-05
7185	5e-05
7185.5	5.5e-05
7186	6e-05
7186.5	6.5e-05
7187	7e-05
7187.5	7.5e-05
7188	8e-05
7188.5	8.5e-05
7189	9e-05
7189.5	9.5e-05
7190	0.0001
7190.5	0.0001
7191	0.0001
7191.5	0.0001
7192	0.0001
7192.5	0.0001
7193	0.0001
7193.5	0.0001
7194	0.0001
7194.5	0.0001
7195	0.0001
7195.5	0.0001
7196	0.0001
7196.5	0.0001
7197	0.0001
7197.5	0.0001
7198	0.0001
7198.5	0.0001
7199	0.0001
7199.5	0.0001
7200	0.0001
7200.5	0.0001
7201	0.0001
7201.5	0.0001
7202	0.0001
7202.5	0.0001
7203	0.0001
7203.5	0.0001
7204	0.0001
7204.5	0.0001
7205	0.0001
7205.5	0.0001
7206	0.0001
7206.5	0.0001
7207	0.0001
7207.5	0.0001
7208	0.0001
7208.5	0.0001
7209	0.0001
7209.5	0.0001
7210	0.0001
7210.5	0.0001
7211	0.0001
7211.5	0.0001
7212	0.0001
7212.5	0.0001
7213	0.0001
7213.5	0.0001
7214	0.0001
7214.5	0.0001
7215	0.0001
7215.5	0.0001
7216	0.0001
7216.5	0.0001
7217	0.0001
7217.5	0.0001
7218	0.0001
7218.5	0.0001
7219	0.0001
7219.5	0.0001
7220	0.0001
7220.5	0.0001
7221	0.0001
7221.5	0.0001
7222	0.0001
7222.5	0.0001
7223	0.0001
7223.5	0.0001
7224	0.0001
7224.5	0.0001
7225	0.0001
7225.5	0.0001
7226	0.0001
7226.5	0.0001
7227	0.0001
7227.5	0.0001
7228	0.0001
7228.5	0.0001
7229	0.0001
7229.5	0.0001
7230	0.0001
7230.5	0.0001
7231	0.0001
7231.5	0.0001
7232	0.0001
7232.5	0.0001
7233	0.0001
7233.5	0.0001
7234	0.0001
7234.5	0.0001
7235	0.0001
7235.5	0.0001
7236	0.0001
7236.5	0.0001
7237	0.0001
7237.5	0.0001
7238	0.0001
7238.5	0.0001
7239	0.0001
7239.5	0.0001
7240	0.0001
7240.5	0.0001
7241	0.0001
7241.5	0.0001
7242	0.0001
7242.5	0.0001
7243	0.0001
7243.5	0.0001
7244	0.0001
7244.5	0.0001
7245	0.0001
7245.5	0.0001
7246	0.0001
7246.5	0.0001
7247	0.0001
7247.5	0.0001
7248	0.0001
7248.5	0.0001
7249	0.0001
7249.5	0.0001
7250	0.0001
7250.5	0.000105
7251	0.00011
7251.5	0.000115
7252	0.00012
7252.5	0.000125
7253	0.00013
7253.5	0.000135
7254	0.00014
7254.5	0.000145
7255	0.00015
7255.5	0.000155
7256	0.00016
7256.5	0.000165
7257	0.00017
7257.5	0.000175
7258	0.00018
7258.5	0.000185
7259	0.00019
7259.5	0.000195
7260	0.0002
7260.5	0.0002
7261	0.0002
7261.5	0.0002
7262	0.0002
7262.5	0.0002
7263	0.0002
7263.5	0.0002
7264	0.0002
7264.5	0.0002
7265	0.0002
7265.5	0.0002
7266	0.0002
7266.5	0.0002
7267	0.0002
7267.5	0.0002
7268	0.0002
7268.5	0.0002
7269	0.0002
7269.5	0.0002
7270	0.0002
7270.5	0.0002
7271	0.0002
7271.5	0.0002
7272	0.0002
7272.5	0.0002
7273	0.0002
7273.5	0.0002
7274	0.0002
7274.5	0.0002
7275	0.0002
7275.5	0.0002
7276	0.0002
7276.5	0.0002
7277	0.0002
7277.5	0.0002
7278	0.0002
7278.5	0.0002
7279	0.0002
7279.5	0.0002
7280	0.0002
7280.5	0.000205
7281	0.00021
7281.5	0.000215
7282	0.00022
7282.5	0.000225
7283	0.00023
7283.5	0.000235
7284	0.00024
7284.5	0.000245
7285	0.00025
7285.5	0.000255
7286	0.00026
7286.5	0.000265
7287	0.00027
7287.5	0.000275
7288	0.00028
7288.5	0.000285
7289	0.00029
7289.5	0.000295
7290	0.0003
7290.5	0.0003
7291	0.0003
7291.5	0.0003
7292	0.0003
7292.5	0.0003
7293	0.0003
7293.5	0.0003
7294	0.0003
7294.5	0.0003
7295	0.0003
7295.5	0.0003
7296	0.0003
7296.5	0.0003
7297	0.0003
7297.5	0.0003
7298	0.0003
7298.5	0.0003
7299	0.0003
7299.5	0.0003
7300	0.0003
7300.5	0.00031
7301	0.00032
7301.5	0.00033
7302	0.00034
7302.5	0.00035
7303	0.00036
7303.5	0.00037
7304	0.00038
7304.5	0.00039
7305	0.0004
7305.5	0.00041
7306	0.00042
7306.5	0.00043
7307	0.00044
7307.5	0.00045
7308	0.00046
7308.5	0.00047
7309	0.00048
7309.5	0.00049
7310	0.0005
7310.5	0.000505
7311	0.00051
7311.5	0.000515
7312	0.00052
7312.5	0.000525
7313	0.00053
7313.5	0.000535
7314	0.00054
7314.5	0.000545
7315	0.00055
7315.5	0.000555
7316	0.00056
7316.5	0.000565
7317	0.00057
7317.5	0.000575
7318	0.00058
7318.5	0.000585
7319	0.00059
7319.5	0.000595
7320	0.0006
7320.5	0.000605
7321	0.00061
7321.5	0.000615
7322	0.00062
7322.5	0.000625
7323	0.00063
7323.5	0.000635
7324	0.00064
7324.5	0.000645
7325	0.00065
7325.5	0.000655
7326	0.00066
7326.5	0.000665
7327	0.00067
7327.5	0.000675
7328	0.00068
7328.5	0.000685
7329	0.00069
7329.5	0.000695
7330	0.0007
7330.5	0.000705
7331	0.00071
7331.5	0.000715
7332	0.00072
7332.5	0.000725
7333	0.00073
7333.5	0.000735
7334	0.00074
7334.5	0.000745
7335	0.00075
7335.5	0.000755
7336	0.00076
7336.5	0.000765
7337	0.00077
7337.5	0.000775
7338	0.00078
7338.5	0.000785
7339	0.00079
7339.5	0.000795
7340	0.0008
7340.5	0.0008
7341	0.0008
7341.5	0.0008
7342	0.0008
7342.5	0.0008
7343	0.0008
7343.5	0.0008
7344	0.0008
7344.5	0.0008
7345	0.0008
7345.5	0.0008
7346	0.0008
7346.5	0.0008
7347	0.0008
7347.5	0.0008
7348	0.0008
7348.5	0.0008
7349	0.0008
7349.5	0.0008
7350	0.0008
7350.5	0.000795
7351	0.00079
7351.5	0.000785
7352	0.00078
7352.5	0.000775
7353	0.00077
7353.5	0.000765
7354	0.00076
7354.5	0.000755
7355	0.00075
7355.5	0.000745
7356	0.00074
7356.5	0.000735
7357	0.00073
7357.5	0.000725
7358	0.00072
7358.5	0.000715
7359	0.00071
7359.5	0.000705
7360	0.0007
7360.5	0.0007
7361	0.0007
7361.5	0.0007
7362	0.0007
7362.5	0.0007
7363	0.0007
7363.5	0.0007
7364	0.0007
7364.5	0.0007
7365	0.0007
7365.5	0.0007
7366	0.0007
7366.5	0.0007
7367	0.0007
7367.5	0.0007
7368	0.0007
7368.5	0.0007
7369	0.0007
7369.5	0.0007
7370	0.0007
7370.5	0.000705
7371	0.00071
7371.5	0.000715
7372	0.00072
7372.5	0.000725
7373	0.00073
7373.5	0.000735
7374	0.00074
7374.5	0.000745
7375	0.00075
7375.5	0.000755
7376	0.00076
7376.5	0.000765
7377	0.00077
7377.5	0.000775
7378	0.00078
7378.5	0.000785
7379	0.00079
7379.5	0.000795
7380	0.0008
7380.5	0.000805
7381	0.00081
7381.5	0.000815
7382	0.00082
7382.5	0.000825
7383	0.00083
7383.5	0.000835
7384	0.00084
7384.5	0.000845
7385	0.00085
7385.5	0.000855
7386	0.00086
7386.5	0.000865
7387	0.00087
7387.5	0.000875
7388	0.00088
7388.5	0.000885
7389	0.00089
7389.5	0.000895
7390	0.0009
7390.5	0.000905
7391	0.00091
7391.5	0.000915
7392	0.00092
7392.5	0.000925
7393	0.00093
7393.5	0.000935
7394	0.00094
7394.5	0.000945
7395	0.00095
7395.5	0.000955
7396	0.00096
7396.5	0.000965
7397	0.00097
7397.5	0.000975
7398	0.00098
7398.5	0.000985
7399	0.00099
7399.5	0.000995
7400	0.001
7400.5	0.001
7401	0.001
7401.5	0.001
7402	0.001
7402.5	0.001
7403	0.001
7403.5	0.001
7404	0.001
7404.5	0.001
7405	0.001
7405.5	0.001
7406	0.001
7406.5	0.001
7407	0.001
7407.5	0.001
7408	0.001
7408.5	0.001
7409	0.001
7409.5	0.001
7410	0.001
7410.5	0.000995
7411	0.00099
7411.5	0.000985
7412	0.00098
7412.5	0.000975
7413	0.00097
7413.5	0.000965
7414	0.00096
7414.5	0.000955
7415	0.00095
7415.5	0.000945
7416	0.00094
7416.5	0.000935
7417	0.00093
7417.5	0.000925
7418	0.00092
7418.5	0.000915
7419	0.00091
7419.5	0.000905
7420	0.0009
7420.5	0.000895
7421	0.00089
7421.5	0.000885
7422	0.00088
7422.5	0.000875
7423	0.00087
7423.5	0.000865
7424	0.00086
7424.5	0.000855
7425	0.00085
7425.5	0.000845
7426	0.00084
7426.5	0.000835
7427	0.00083
7427.5	0.000825
7428	0.00082
7428.5	0.000815
7429	0.00081
7429.5	0.000805
7430	0.0008
7430.5	0.000795
7431	0.00079
7431.5	0.000785
7432	0.00078
7432.5	0.000775
7433	0.00077
7433.5	0.000765
7434	0.00076
7434.5	0.000755
7435	0.00075
7435.5	0.000745
7436	0.00074
7436.5	0.000735
7437	0.00073
7437.5	0.000725
7438	0.00072
7438.5	0.000715
7439	0.00071
7439.5	0.000705
7440	0.0007
7440.5	0.000695
7441	0.00069
7441.5	0.000685
7442	0.00068
7442.5	0.000675
7443	0.00067
7443.5	0.000665
7444	0.00066
7444.5	0.000655
7445	0.00065
7445.5	0.000645
7446	0.00064
7446.5	0.000635
7447	0.00063
7447.5	0.000625
7448	0.00062
7448.5	0.000615
7449	0.00061
7449.5	0.000605
7450	0.0006
7450.5	0.0006
7451	0.0006
7451.5	0.0006
7452	0.0006
7452.5	0.0006
7453	0.0006
7453.5	0.0006
7454	0.0006
7454.5	0.0006
7455	0.0006
7455.5	0.0006
7456	0.0006
7456.5	0.0006
7457	0.0006
7457.5	0.0006
7458	0.0006
7458.5	0.0006
7459	0.0006
7459.5	0.0006
7460	0.0006
7460.5	0.000605
7461	0.00061
7461.5	0.000615
7462	0.00062
7462.5	0.000625
7463	0.00063
7463.5	0.000635
7464	0.00064
7464.5	0.000645
7465	0.00065
7465.5	0.000655
7466	0.00066
7466.5	0.000665
7467	0.00067
7467.5	0.000675
7468	0.00068
7468.5	0.000685
7469	0.00069
7469.5	0.000695
7470	0.0007
7470.5	0.00071
7471	0.00072
7471.5	0.00073
7472	0.00074
7472.5	0.00075
7473	0.00076
7473.5	0.00077
7474	0.00078
7474.5	0.00079
7475	0.0008
7475.5	0.00081
7476	0.00082
7476.5	0.00083
7477	0.00084
7477.5	0.00085
7478	0.00086
7478.5	0.00087
7479	0.00088
7479.5	0.00089
7480	0.0009
7480.5	0.000905
7481	0.00091
7481.5	0.000915
7482	0.00092
7482.5	0.000925
7483	0.00093
7483.5	0.000935
7484	0.00094
7484.5	0.000945
7485	0.00095
7485.5	0.000955
7486	0.00096
7486.5	0.000965
7487	0.00097
7487.5	0.000975
7488	0.00098
7488.5	0.000985
7489	0.00099
7489.5	0.000995
7490	0.001
7490.5	0.001005
7491	0.00101
7491.5	0.001015
7492	0.00102
7492.5	0.001025
7493	0.00103
7493.5	0.001035
7494	0.00104
7494.5	0.001045
7495	0.00105
7495.5	0.001055
7496	0.00106
7496.5	0.001065
7497	0.00107
7497.5	0.001075
7498	0.00108
7498.5	0.001085
7499	0.00109
7499.5	0.001095
