3500	0.0001
3500.5	9.5e-05
3501	9e-05
3501.5	8.5e-05
3502	8e-05
3502.5	7.5e-05
3503	7e-05
3503.5	6.5e-05
3504	6e-05
3504.5	5.5e-05
3505	5e-05
3505.5	4.5e-05
3506	4e-05
3506.5	3.5e-05
3507	3e-05
3507.5	2.5e-05
3508	2e-05
3508.5	1.5e-05
3509	1e-05
3509.5	5e-06
3510	0
3510.5	0
3511	0
3511.5	0
3512	0
3512.5	0
3513	0
3513.5	0
3514	0
3514.5	0
3515	0
3515.5	0
3516	0
3516.5	0
3517	0
3517.5	0
3518	0
3518.5	0
3519	0
3519.5	0
3520	0
3520.5	5e-06
3521	1e-05
3521.5	1.5e-05
3522	2e-05
3522.5	2.5e-05
3523	3e-05
3523.5	3.5e-05
3524	4e-05
3524.5	4.5e-05
3525	5e-05
3525.5	5.5e-05
3526	6e-05
3526.5	6.5e-05
3527	7e-05
3527.5	7.5e-05
3528	8e-05
3528.5	8.5e-05
3529	9e-05
3529.5	9.5e-05
3530	0.0001
3530.5	9.5e-05
3531	9e-05
3531.5	8.5e-05
3532	8e-05
3532.5	7.5e-05
3533	7e-05
3533.5	6.5e-05
3534	6e-05
3534.5	5.5e-05
3535	5e-05
3535.5	4.5e-05
3536	4e-05
3536.5	3.5e-05
3537	3e-05
3537.5	2.5e-05
3538	2e-05
3538.5	1.5e-05
3539	1e-05
3539.5	5e-06
3540	0
3540.5	0
3541	0
3541.5	0
3542	0
3542.5	0
3543	0
3543.5	0
3544	0
3544.5	0
3545	0
3545.5	0
3546	0
3546.5	0
3547	0
3547.5	0
3548	0
3548.5	0
3549	0
3549.5	0
3550	0
3550.5	0
3551	0
3551.5	0
3552	0
3552.5	0
3553	0
3553.5	0
3554	0
3554.5	0
3555	0
3555.5	0
3556	0
3556.5	0
3557	0
3557.5	0
3558	0
3558.5	0
3559	0
3559.5	0
3560	0
3560.5	0
3561	0
3561.5	0
3562	0
3562.5	0
3563	0
3563.5	0
3564	0
3564.5	0
3565	0
3565.5	0
3566	0
3566.5	0
3567	0
3567.5	0
3568	0
3568.5	0
3569	0
3569.5	0
3570	0
3570.5	0
3571	0
3571.5	0
3572	0
3572.5	0
3573	0
3573.5	0
3574	0
3574.5	0
3575	0
3575.5	0
3576	0
3576.5	0
3577	0
3577.5	0
3578	0
3578.5	0
3579	0
3579.5	0
3580	0
3580.5	0
3581	0
3581.5	0
3582	0
3582.5	0
3583	0
3583.5	0
3584	0
3584.5	0
3585	0
3585.5	0
3586	0
3586.5	0
3587	0
3587.5	0
3588	0
3588.5	0
3589	0
3589.5	0
3590	0
3590.5	5e-06
3591	1e-05
3591.5	1.5e-05
3592	2e-05
3592.5	2.5e-05
3593	3e-05
3593.5	3.5e-05
3594	4e-05
3594.5	4.5e-05
3595	5e-05
3595.5	5.5e-05
3596	6e-05
3596.5	6.5e-05
3597	7e-05
3597.5	7.5e-05
3598	8e-05
3598.5	8.5e-05
3599	9e-05
3599.5	9.5e-05
3600	0.0001
3600.5	0.0001
3601	0.0001
3601.5	0.0001
3602	0.0001
3602.5	0.0001
3603	0.0001
3603.5	0.0001
3604	0.0001
3604.5	0.0001
3605	0.0001
3605.5	0.0001
3606	0.0001
3606.5	0.0001
3607	0.0001
3607.5	0.0001
3608	0.0001
3608.5	0.0001
3609	0.0001
3609.5	0.0001
3610	0.0001
3610.5	0.0001
3611	0.0001
3611.5	0.0001
3612	0.0001
3612.5	0.0001
3613	0.0001
3613.5	0.0001
3614	0.0001
3614.5	0.0001
3615	0.0001
3615.5	0.0001
3616	0.0001
3616.5	0.0001
3617	0.0001
3617.5	0.0001
3618	0.0001
3618.5	0.0001
3619	0.0001
3619.5	0.0001
3620	0.0001
3620.5	0.000105
3621	0.00011
3621.5	0.000115
3622	0.00012
3622.5	0.000125
3623	0.00013
3623.5	0.000135
3624	0.00014
3624.5	0.000145
3625	0.00015
3625.5	0.000155
3626	0.00016
3626.5	0.000165
3627	0.00017
3627.5	0.000175
3628	0.00018
3628.5	0.000185
3629	0.00019
3629.5	0.000195
3630	0.0002
3630.5	0.000195
3631	0.00019
3631.5	0.000185
3632	0.00018
3632.5	0.000175
3633	0.00017
3633.5	0.000165
3634	0.00016
3634.5	0.000155
3635	0.00015
3635.5	0.000145
3636	0.00014
3636.5	0.000135
3637	0.00013
3637.5	0.000125
3638	0.00012
3638.5	0.000115
3639	0.00011
3639.5	0.000105
3640	0.0001
3640.5	0.0001
3641	0.0001
3641.5	0.0001
3642	0.0001
3642.5	0.0001
3643	0.0001
3643.5	0.0001
3644	0.0001
3644.5	0.0001
3645	0.0001
3645.5	0.0001
3646	0.0001
3646.5	0.0001
3647	0.0001
3647.5	0.0001
3648	0.0001
3648.5	0.0001
3649	0.0001
3649.5	0.0001
3650	0.0001
3650.5	0.0001
3651	0.0001
3651.5	0.0001
3652	0.0001
3652.5	0.0001
3653	0.0001
3653.5	0.0001
3654	0.0001
3654.5	0.0001
3655	0.0001
3655.5	0.0001
3656	0.0001
3656.5	0.0001
3657	0.0001
3657.5	0.0001
3658	0.0001
3658.5	0.0001
3659	0.0001
3659.5	0.0001
3660	0.0001
3660.5	0.0001
3661	0.0001
3661.5	0.0001
3662	0.0001
3662.5	0.0001
3663	0.0001
3663.5	0.0001
3664	0.0001
3664.5	0.0001
3665	0.0001
3665.5	0.0001
3666	0.0001
3666.5	0.0001
3667	0.0001
3667.5	0.0001
3668	0.0001
3668.5	0.0001
3669	0.0001
3669.5	0.0001
3670	0.0001
3670.5	0.0001
3671	0.0001
3671.5	0.0001
3672	0.0001
3672.5	0.0001
3673	0.0001
3673.5	0.0001
3674	0.0001
3674.5	0.0001
3675	0.0001
3675.5	0.0001
3676	0.0001
3676.5	0.0001
3677	0.0001
3677.5	0.0001
3678	0.0001
3678.5	0.0001
3679	0.0001
3679.5	0.0001
3680	0.0001
3680.5	0.0001
3681	0.0001
3681.5	0.0001
3682	0.0001
3682.5	0.0001
3683	0.0001
3683.5	0.0001
3684	0.0001
3684.5	0.0001
3685	0.0001
3685.5	0.0001
3686	0.0001
3686.5	0.0001
3687	0.0001
3687.5	0.0001
3688	0.0001
3688.5	0.0001
3689	0.0001
3689.5	0.0001
3690	0.0001
3690.5	0.0001
3691	0.0001
3691.5	0.0001
3692	0.0001
3692.5	0.0001
3693	0.0001
3693.5	0.0001
3694	0.0001
3694.5	0.0001
3695	0.0001
3695.5	0.0001
3696	0.0001
3696.5	0.0001
3697	0.0001
3697.5	0.0001
3698	0.0001
3698.5	0.0001
3699	0.0001
3699.5	0.0001
3700	0.0001
3700.5	0.0001
3701	0.0001
3701.5	0.0001
3702	0.0001
3702.5	0.0001
3703	0.0001
3703.5	0.0001
3704	0.0001
3704.5	0.0001
3705	0.0001
3705.5	0.0001
3706	0.0001
3706.5	0.0001
3707	0.0001
3707.5	0.0001
3708	0.0001
3708.5	0.0001
3709	0.0001
3709.5	0.0001
3710	0.0001
3710.5	0.0001
3711	0.0001
3711.5	0.0001
3712	0.0001
3712.5	0.0001
3713	0.0001
3713.5	0.0001
3714	0.0001
3714.5	0.0001
3715	0.0001
3715.5	0.0001
3716	0.0001
3716.5	0.0001
3717	0.0001
3717.5	0.0001
3718	0.0001
3718.5	0.0001
3719	0.0001
3719.5	0.0001
3720	0.0001
3720.5	0.0001
3721	0.0001
3721.5	0.0001
3722	0.0001
3722.5	0.0001
3723	0.0001
3723.5	0.0001
3724	0.0001
3724.5	0.0001
3725	0.0001
3725.5	0.0001
3726	0.0001
3726.5	0.0001
3727	0.0001
3727.5	0.0001
3728	0.0001
3728.5	0.0001
3729	0.0001
3729.5	0.0001
3730	0.0001
3730.5	0.0001
3731	0.0001
3731.5	0.0001
3732	0.0001
3732.5	0.0001
3733	0.0001
3733.5	0.0001
3734	0.0001
3734.5	0.0001
3735	0.0001
3735.5	0.0001
3736	0.0001
3736.5	0.0001
3737	0.0001
3737.5	0.0001
3738	0.0001
3738.5	0.0001
3739	0.0001
3739.5	0.0001
3740	0.0001
3740.5	9.5e-05
3741	9e-05
3741.5	8.5e-05
3742	8e-05
3742.5	7.5e-05
3743	7e-05
3743.5	6.5e-05
3744	6e-05
3744.5	5.5e-05
3745	5e-05
3745.5	4.5e-05
3746	4e-05
3746.5	3.5e-05
3747	3e-05
3747.5	2.5e-05
3748	2e-05
3748.5	1.5e-05
3749	1e-05
3749.5	5e-06
3750	0
3750.5	0
3751	0
3751.5	0
3752	0
3752.5	0
3753	0
3753.5	0
3754	0
3754.5	0
3755	0
3755.5	0
3756	0
3756.5	0
3757	0
3757.5	0
3758	0
3758.5	0
3759	0
3759.5	0
3760	0
3760.5	0
3761	0
3761.5	0
3762	0
3762.5	0
3763	0
3763.5	0
3764	0
3764.5	0
3765	0
3765.5	0
3766	0
3766.5	0
3767	0
3767.5	0
3768	0
3768.5	0
3769	0
3769.5	0
3770	0
3770.5	0
3771	0
3771.5	0
3772	0
3772.5	0
3773	0
3773.5	0
3774	0
3774.5	0
3775	0
3775.5	0
3776	0
3776.5	0
3777	0
3777.5	0
3778	0
3778.5	0
3779	0
3779.5	0
3780	0
3780.5	5e-06
3781	1e-05
3781.5	1.5e-05
3782	2e-05
3782.5	2.5e-05
3783	3e-05
3783.5	3.5e-05
3784	4e-05
3784.5	4.5e-05
3785	5e-05
3785.5	5.5e-05
3786	6e-05
3786.5	6.5e-05
3787	7e-05
3787.5	7.5e-05
3788	8e-05
3788.5	8.5e-05
3789	9e-05
3789.5	9.5e-05
3790	0.0001
3790.5	0.0001
3791	0.0001
3791.5	0.0001
3792	0.0001
3792.5	0.0001
3793	0.0001
3793.5	0.0001
3794	0.0001
3794.5	0.0001
3795	0.0001
3795.5	0.0001
3796	0.0001
3796.5	0.0001
3797	0.0001
3797.5	0.0001
3798	0.0001
3798.5	0.0001
3799	0.0001
3799.5	0.0001
3800	0.0001
3800.5	0.0001
3801	0.0001
3801.5	0.0001
3802	0.0001
3802.5	0.0001
3803	0.0001
3803.5	0.0001
3804	0.0001
3804.5	0.0001
3805	0.0001
3805.5	0.0001
3806	0.0001
3806.5	0.0001
3807	0.0001
3807.5	0.0001
3808	0.0001
3808.5	0.0001
3809	0.0001
3809.5	0.0001
3810	0.0001
3810.5	0.0001
3811	0.0001
3811.5	0.0001
3812	0.0001
3812.5	0.0001
3813	0.0001
3813.5	0.0001
3814	0.0001
3814.5	0.0001
3815	0.0001
3815.5	0.0001
3816	0.0001
3816.5	0.0001
3817	0.0001
3817.5	0.0001
3818	0.0001
3818.5	0.0001
3819	0.0001
3819.5	0.0001
3820	0.0001
3820.5	0.0001
3821	0.0001
3821.5	0.0001
3822	0.0001
3822.5	0.0001
3823	0.0001
3823.5	0.0001
3824	0.0001
3824.5	0.0001
3825	0.0001
3825.5	0.0001
3826	0.0001
3826.5	0.0001
3827	0.0001
3827.5	0.0001
3828	0.0001
3828.5	0.0001
3829	0.0001
3829.5	0.0001
3830	0.0001
3830.5	0.0001
3831	0.0001
3831.5	0.0001
3832	0.0001
3832.5	0.0001
3833	0.0001
3833.5	0.0001
3834	0.0001
3834.5	0.0001
3835	0.0001
3835.5	0.0001
3836	0.0001
3836.5	0.0001
3837	0.0001
3837.5	0.0001
3838	0.0001
3838.5	0.0001
3839	0.0001
3839.5	0.0001
3840	0.0001
3840.5	0.0001
3841	0.0001
3841.5	0.0001
3842	0.0001
3842.5	0.0001
3843	0.0001
3843.5	0.0001
3844	0.0001
3844.5	0.0001
3845	0.0001
3845.5	0.0001
3846	0.0001
3846.5	0.0001
3847	0.0001
3847.5	0.0001
3848	0.0001
3848.5	0.0001
3849	0.0001
3849.5	0.0001
3850	0.0001
3850.5	0.0001
3851	0.0001
3851.5	0.0001
3852	0.0001
3852.5	0.0001
3853	0.0001
3853.5	0.0001
3854	0.0001
3854.5	0.0001
3855	0.0001
3855.5	0.0001
3856	0.0001
3856.5	0.0001
3857	0.0001
3857.5	0.0001
3858	0.0001
3858.5	0.0001
3859	0.0001
3859.5	0.0001
3860	0.0001
3860.5	0.0001
3861	0.0001
3861.5	0.0001
3862	0.0001
3862.5	0.0001
3863	0.0001
3863.5	0.0001
3864	0.0001
3864.5	0.0001
3865	0.0001
3865.5	0.0001
3866	0.0001
3866.5	0.0001
3867	0.0001
3867.5	0.0001
3868	0.0001
3868.5	0.0001
3869	0.0001
3869.5	0.0001
3870	0.0001
3870.5	0.0001
3871	0.0001
3871.5	0.0001
3872	0.0001
3872.5	0.0001
3873	0.0001
3873.5	0.0001
3874	0.0001
3874.5	0.0001
3875	0.0001
3875.5	0.0001
3876	0.0001
3876.5	0.0001
3877	0.0001
3877.5	0.0001
3878	0.0001
3878.5	0.0001
3879	0.0001
3879.5	0.0001
3880	0.0001
3880.5	0.0001
3881	0.0001
3881.5	0.0001
3882	0.0001
3882.5	0.0001
3883	0.0001
3883.5	0.0001
3884	0.0001
3884.5	0.0001
3885	0.0001
3885.5	0.0001
3886	0.0001
3886.5	0.0001
3887	0.0001
3887.5	0.0001
3888	0.0001
3888.5	0.0001
3889	0.0001
3889.5	0.0001
3890	0.0001
3890.5	0.0001
3891	0.0001
3891.5	0.0001
3892	0.0001
3892.5	0.0001
3893	0.0001
3893.5	0.0001
3894	0.0001
3894.5	0.0001
3895	0.0001
3895.5	0.0001
3896	0.0001
3896.5	0.0001
3897	0.0001
3897.5	0.0001
3898	0.0001
3898.5	0.0001
3899	0.0001
3899.5	0.0001
3900	0.0001
3900.5	0.00011
3901	0.00012
3901.5	0.00013
3902	0.00014
3902.5	0.00015
3903	0.00016
3903.5	0.00017
3904	0.00018
3904.5	0.00019
3905	0.0002
3905.5	0.00021
3906	0.00022
3906.5	0.00023
3907	0.00024
3907.5	0.00025
3908	0.00026
3908.5	0.00027
3909	0.00028
3909.5	0.00029
3910	0.0003
3910.5	0.00031
3911	0.00032
3911.5	0.00033
3912	0.00034
3912.5	0.00035
3913	0.00036
3913.5	0.00037
3914	0.00038
3914.5	0.00039
3915	0.0004
3915.5	0.00041
3916	0.00042
3916.5	0.00043
3917	0.00044
3917.5	0.00045
3918	0.00046
3918.5	0.00047
3919	0.00048
3919.5	0.00049
3920	0.0005
3920.5	0.00053
3921	0.00056
3921.5	0.00059
3922	0.00062
3922.5	0.00065
3923	0.00068
3923.5	0.00071
3924	0.00074
3924.5	0.00077
3925	0.0008
3925.5	0.00083
3926	0.00086
3926.5	0.00089
3927	0.00092
3927.5	0.00095
3928	0.00098
3928.5	0.00101
3929	0.00104
3929.5	0.00107
3930	0.0011
3930.5	0.00118
3931	0.00126
3931.5	0.00134
3932	0.00142
3932.5	0.0015
3933	0.00158
3933.5	0.00166
3934	0.00174
3934.5	0.00182
3935	0.0019
3935.5	0.00198
3936	0.00206
3936.5	0.00214
3937	0.00222
3937.5	0.0023
3938	0.00238
3938.5	0.00246
3939	0.00254
3939.5	0.00262
3940	0.0027
3940.5	0.002885
3941	0.00307
3941.5	0.003255
3942	0.00344
3942.5	0.003625
3943	0.00381
3943.5	0.003995
3944	0.00418
3944.5	0.004365
3945	0.00455
3945.5	0.004735
3946	0.00492
3946.5	0.005105
3947	0.00529
3947.5	0.005475
3948	0.00566
3948.5	0.005845
3949	0.00603
3949.5	0.006215
3950	0.0064
3950.5	0.006775
3951	0.00715
3951.5	0.007525
3952	0.0079
3952.5	0.008275
3953	0.00865
3953.5	0.009025
3954	0.0094
3954.5	0.009775
3955	0.01015
3955.5	0.010525
3956	0.0109
3956.5	0.011275
3957	0.01165
3957.5	0.012025
3958	0.0124
3958.5	0.012775
3959	0.01315
3959.5	0.013525
3960	0.0139
3960.5	0.01464
3961	0.01538
3961.5	0.01612
3962	0.01686
3962.5	0.0176
3963	0.01834
3963.5	0.01908
3964	0.01982
3964.5	0.02056
3965	0.0213
3965.5	0.02204
3966	0.02278
3966.5	0.02352
3967	0.02426
3967.5	0.025
3968	0.02574
3968.5	0.02648
3969	0.02722
3969.5	0.02796
3970	0.0287
3970.5	0.03005
3971	0.0314
3971.5	0.03275
3972	0.0341
3972.5	0.03545
3973	0.0368
3973.5	0.03815
3974	0.0395
3974.5	0.04085
3975	0.0422
3975.5	0.04355
3976	0.0449
3976.5	0.04625
3977	0.0476
3977.5	0.04895
3978	0.0503
3978.5	0.05165
3979	0.053
3979.5	0.05435
3980	0.0557
3980.5	0.05784
3981	0.05998
3981.5	0.06212
3982	0.06426
3982.5	0.0664
3983	0.06854
3983.5	0.07068
3984	0.07282
3984.5	0.07496
3985	0.0771
3985.5	0.07924
3986	0.08138
3986.5	0.08352
3987	0.08566
3987.5	0.0878
3988	0.08994
3988.5	0.09208
3989	0.09422
3989.5	0.09636
3990	0.0985
3990.5	0.1011
3991	0.1037
3991.5	0.1063
3992	0.1089
3992.5	0.1115
3993	0.1141
3993.5	0.1167
3994	0.1193
3994.5	0.1219
3995	0.1245
3995.5	0.1271
3996	0.1297
3996.5	0.1323
3997	0.1349
3997.5	0.1375
3998	0.1401
3998.5	0.1427
3999	0.1453
3999.5	0.1479
4000	0.1505
4000.5	0.15272
4001	0.15494
4001.5	0.15716
4002	0.15938
4002.5	0.1616
4003	0.16382
4003.5	0.16604
4004	0.16826
4004.5	0.17048
4005	0.1727
4005.5	0.17492
4006	0.17714
4006.5	0.17936
4007	0.18158
4007.5	0.1838
4008	0.18602
4008.5	0.18824
4009	0.19046
4009.5	0.19268
4010	0.1949
4010.5	0.19622
4011	0.19754
4011.5	0.19886
4012	0.20018
4012.5	0.2015
4013	0.20282
4013.5	0.20414
4014	0.20546
4014.5	0.20678
4015	0.2081
4015.5	0.20942
4016	0.21074
4016.5	0.21206
4017	0.21338
4017.5	0.2147
4018	0.21602
4018.5	0.21734
4019	0.21866
4019.5	0.21998
4020	0.2213
4020.5	0.221865
4021	0.22243
4021.5	0.222995
4022	0.22356
4022.5	0.224125
4023	0.22469
4023.5	0.225255
4024	0.22582
4024.5	0.226385
4025	0.22695
4025.5	0.227515
4026	0.22808
4026.5	0.228645
4027	0.22921
4027.5	0.229775
4028	0.23034
4028.5	0.230905
4029	0.23147
4029.5	0.232035
4030	0.2326
4030.5	0.23286
4031	0.23312
4031.5	0.23338
4032	0.23364
4032.5	0.2339
4033	0.23416
4033.5	0.23442
4034	0.23468
4034.5	0.23494
4035	0.2352
4035.5	0.23546
4036	0.23572
4036.5	0.23598
4037	0.23624
4037.5	0.2365
4038	0.23676
4038.5	0.23702
4039	0.23728
4039.5	0.23754
4040	0.2378
4040.5	0.238005
4041	0.23821
4041.5	0.238415
4042	0.23862
4042.5	0.238825
4043	0.23903
4043.5	0.239235
4044	0.23944
4044.5	0.239645
4045	0.23985
4045.5	0.240055
4046	0.24026
4046.5	0.240465
4047	0.24067
4047.5	0.240875
4048	0.24108
4048.5	0.241285
4049	0.24149
4049.5	0.241695
4050	0.2419
4050.5	0.24212
4051	0.24234
4051.5	0.24256
4052	0.24278
4052.5	0.243
4053	0.24322
4053.5	0.24344
4054	0.24366
4054.5	0.24388
4055	0.2441
4055.5	0.24432
4056	0.24454
4056.5	0.24476
4057	0.24498
4057.5	0.2452
4058	0.24542
4058.5	0.24564
4059	0.24586
4059.5	0.24608
4060	0.2463
4060.5	0.24651
4061	0.24672
4061.5	0.24693
4062	0.24714
4062.5	0.24735
4063	0.24756
4063.5	0.24777
4064	0.24798
4064.5	0.24819
4065	0.2484
4065.5	0.24861
4066	0.24882
4066.5	0.24903
4067	0.24924
4067.5	0.24945
4068	0.24966
4068.5	0.24987
4069	0.25008
4069.5	0.25029
4070	0.2505
4070.5	0.25073
4071	0.25096
4071.5	0.25119
4072	0.25142
4072.5	0.25165
4073	0.25188
4073.5	0.25211
4074	0.25234
4074.5	0.25257
4075	0.2528
4075.5	0.25303
4076	0.25326
4076.5	0.25349
4077	0.25372
4077.5	0.25395
4078	0.25418
4078.5	0.25441
4079	0.25464
4079.5	0.25487
4080	0.2551
4080.5	0.25532
4081	0.25554
4081.5	0.25576
4082	0.25598
4082.5	0.2562
4083	0.25642
4083.5	0.25664
4084	0.25686
4084.5	0.25708
4085	0.2573
4085.5	0.25752
4086	0.25774
4086.5	0.25796
4087	0.25818
4087.5	0.2584
4088	0.25862
4088.5	0.25884
4089	0.25906
4089.5	0.25928
4090	0.2595
4090.5	0.25972
4091	0.25994
4091.5	0.26016
4092	0.26038
4092.5	0.2606
4093	0.26082
4093.5	0.26104
4094	0.26126
4094.5	0.26148
4095	0.2617
4095.5	0.26192
4096	0.26214
4096.5	0.26236
4097	0.26258
4097.5	0.2628
4098	0.26302
4098.5	0.26324
4099	0.26346
4099.5	0.26368
4100	0.2639
4100.5	0.26409
4101	0.26428
4101.5	0.26447
4102	0.26466
4102.5	0.26485
4103	0.26504
4103.5	0.26523
4104	0.26542
4104.5	0.26561
4105	0.2658
4105.5	0.26599
4106	0.26618
4106.5	0.26637
4107	0.26656
4107.5	0.26675
4108	0.26694
4108.5	0.26713
4109	0.26732
4109.5	0.26751
4110	0.2677
4110.5	0.267885
4111	0.26807
4111.5	0.268255
4112	0.26844
4112.5	0.268625
4113	0.26881
4113.5	0.268995
4114	0.26918
4114.5	0.269365
4115	0.26955
4115.5	0.269735
4116	0.26992
4116.5	0.270105
4117	0.27029
4117.5	0.270475
4118	0.27066
4118.5	0.270845
4119	0.27103
4119.5	0.271215
4120	0.2714
4120.5	0.27153
4121	0.27166
4121.5	0.27179
4122	0.27192
4122.5	0.27205
4123	0.27218
4123.5	0.27231
4124	0.27244
4124.5	0.27257
4125	0.2727
4125.5	0.27283
4126	0.27296
4126.5	0.27309
4127	0.27322
4127.5	0.27335
4128	0.27348
4128.5	0.27361
4129	0.27374
4129.5	0.27387
4130	0.274
4130.5	0.27418
4131	0.27436
4131.5	0.27454
4132	0.27472
4132.5	0.2749
4133	0.27508
4133.5	0.27526
4134	0.27544
4134.5	0.27562
4135	0.2758
4135.5	0.27598
4136	0.27616
4136.5	0.27634
4137	0.27652
4137.5	0.2767
4138	0.27688
4138.5	0.27706
4139	0.27724
4139.5	0.27742
4140	0.2776
4140.5	0.27781
4141	0.27802
4141.5	0.27823
4142	0.27844
4142.5	0.27865
4143	0.27886
4143.5	0.27907
4144	0.27928
4144.5	0.27949
4145	0.2797
4145.5	0.27991
4146	0.28012
4146.5	0.28033
4147	0.28054
4147.5	0.28075
4148	0.28096
4148.5	0.28117
4149	0.28138
4149.5	0.28159
4150	0.2818
4150.5	0.282
4151	0.2822
4151.5	0.2824
4152	0.2826
4152.5	0.2828
4153	0.283
4153.5	0.2832
4154	0.2834
4154.5	0.2836
4155	0.2838
4155.5	0.284
4156	0.2842
4156.5	0.2844
4157	0.2846
4157.5	0.2848
4158	0.285
4158.5	0.2852
4159	0.2854
4159.5	0.2856
4160	0.2858
4160.5	0.285985
4161	0.28617
4161.5	0.286355
4162	0.28654
4162.5	0.286725
4163	0.28691
4163.5	0.287095
4164	0.28728
4164.5	0.287465
4165	0.28765
4165.5	0.287835
4166	0.28802
4166.5	0.288205
4167	0.28839
4167.5	0.288575
4168	0.28876
4168.5	0.288945
4169	0.28913
4169.5	0.289315
4170	0.2895
4170.5	0.289705
4171	0.28991
4171.5	0.290115
4172	0.29032
4172.5	0.290525
4173	0.29073
4173.5	0.290935
4174	0.29114
4174.5	0.291345
4175	0.29155
4175.5	0.291755
4176	0.29196
4176.5	0.292165
4177	0.29237
4177.5	0.292575
4178	0.29278
4178.5	0.292985
4179	0.29319
4179.5	0.293395
4180	0.2936
4180.5	0.2938
4181	0.294
4181.5	0.2942
4182	0.2944
4182.5	0.2946
4183	0.2948
4183.5	0.295
4184	0.2952
4184.5	0.2954
4185	0.2956
4185.5	0.2958
4186	0.296
4186.5	0.2962
4187	0.2964
4187.5	0.2966
4188	0.2968
4188.5	0.297
4189	0.2972
4189.5	0.2974
4190	0.2976
4190.5	0.29776
4191	0.29792
4191.5	0.29808
4192	0.29824
4192.5	0.2984
4193	0.29856
4193.5	0.29872
4194	0.29888
4194.5	0.29904
4195	0.2992
4195.5	0.29936
4196	0.29952
4196.5	0.29968
4197	0.29984
4197.5	0.3
4198	0.30016
4198.5	0.30032
4199	0.30048
4199.5	0.30064
4200	0.3008
4200.5	0.300915
4201	0.30103
4201.5	0.301145
4202	0.30126
4202.5	0.301375
4203	0.30149
4203.5	0.301605
4204	0.30172
4204.5	0.301835
4205	0.30195
4205.5	0.302065
4206	0.30218
4206.5	0.302295
4207	0.30241
4207.5	0.302525
4208	0.30264
4208.5	0.302755
4209	0.30287
4209.5	0.302985
4210	0.3031
4210.5	0.30325
4211	0.3034
4211.5	0.30355
4212	0.3037
4212.5	0.30385
4213	0.304
4213.5	0.30415
4214	0.3043
4214.5	0.30445
4215	0.3046
4215.5	0.30475
4216	0.3049
4216.5	0.30505
4217	0.3052
4217.5	0.30535
4218	0.3055
4218.5	0.30565
4219	0.3058
4219.5	0.30595
4220	0.3061
4220.5	0.306295
4221	0.30649
4221.5	0.306685
4222	0.30688
4222.5	0.307075
4223	0.30727
4223.5	0.307465
4224	0.30766
4224.5	0.307855
4225	0.30805
4225.5	0.308245
4226	0.30844
4226.5	0.308635
4227	0.30883
4227.5	0.309025
4228	0.30922
4228.5	0.309415
4229	0.30961
4229.5	0.309805
4230	0.31
4230.5	0.310155
4231	0.31031
4231.5	0.310465
4232	0.31062
4232.5	0.310775
4233	0.31093
4233.5	0.311085
4234	0.31124
4234.5	0.311395
4235	0.31155
4235.5	0.311705
4236	0.31186
4236.5	0.312015
4237	0.31217
4237.5	0.312325
4238	0.31248
4238.5	0.312635
4239	0.31279
4239.5	0.312945
4240	0.3131
4240.5	0.313275
4241	0.31345
4241.5	0.313625
4242	0.3138
4242.5	0.313975
4243	0.31415
4243.5	0.314325
4244	0.3145
4244.5	0.314675
4245	0.31485
4245.5	0.315025
4246	0.3152
4246.5	0.315375
4247	0.31555
4247.5	0.315725
4248	0.3159
4248.5	0.316075
4249	0.31625
4249.5	0.316425
4250	0.3166
4250.5	0.3167
4251	0.3168
4251.5	0.3169
4252	0.317
4252.5	0.3171
4253	0.3172
4253.5	0.3173
4254	0.3174
4254.5	0.3175
4255	0.3176
4255.5	0.3177
4256	0.3178
4256.5	0.3179
4257	0.318
4257.5	0.3181
4258	0.3182
4258.5	0.3183
4259	0.3184
4259.5	0.3185
4260	0.3186
4260.5	0.31872
4261	0.31884
4261.5	0.31896
4262	0.31908
4262.5	0.3192
4263	0.31932
4263.5	0.31944
4264	0.31956
4264.5	0.31968
4265	0.3198
4265.5	0.31992
4266	0.32004
4266.5	0.32016
4267	0.32028
4267.5	0.3204
4268	0.32052
4268.5	0.32064
4269	0.32076
4269.5	0.32088
4270	0.321
4270.5	0.32109
4271	0.32118
4271.5	0.32127
4272	0.32136
4272.5	0.32145
4273	0.32154
4273.5	0.32163
4274	0.32172
4274.5	0.32181
4275	0.3219
4275.5	0.32199
4276	0.32208
4276.5	0.32217
4277	0.32226
4277.5	0.32235
4278	0.32244
4278.5	0.32253
4279	0.32262
4279.5	0.32271
4280	0.3228
4280.5	0.322935
4281	0.32307
4281.5	0.323205
4282	0.32334
4282.5	0.323475
4283	0.32361
4283.5	0.323745
4284	0.32388
4284.5	0.324015
4285	0.32415
4285.5	0.324285
4286	0.32442
4286.5	0.324555
4287	0.32469
4287.5	0.324825
4288	0.32496
4288.5	0.325095
4289	0.32523
4289.5	0.325365
4290	0.3255
4290.5	0.325695
4291	0.32589
4291.5	0.326085
4292	0.32628
4292.5	0.326475
4293	0.32667
4293.5	0.326865
4294	0.32706
4294.5	0.327255
4295	0.32745
4295.5	0.327645
4296	0.32784
4296.5	0.328035
4297	0.32823
4297.5	0.328425
4298	0.32862
4298.5	0.328815
4299	0.32901
4299.5	0.329205
4300	0.3294
4300.5	0.329575
4301	0.32975
4301.5	0.329925
4302	0.3301
4302.5	0.330275
4303	0.33045
4303.5	0.330625
4304	0.3308
4304.5	0.330975
4305	0.33115
4305.5	0.331325
4306	0.3315
4306.5	0.331675
4307	0.33185
4307.5	0.332025
4308	0.3322
4308.5	0.332375
4309	0.33255
4309.5	0.332725
4310	0.3329
4310.5	0.333095
4311	0.33329
4311.5	0.333485
4312	0.33368
4312.5	0.333875
4313	0.33407
4313.5	0.334265
4314	0.33446
4314.5	0.334655
4315	0.33485
4315.5	0.335045
4316	0.33524
4316.5	0.335435
4317	0.33563
4317.5	0.335825
4318	0.33602
4318.5	0.336215
4319	0.33641
4319.5	0.336605
4320	0.3368
4320.5	0.33695
4321	0.3371
4321.5	0.33725
4322	0.3374
4322.5	0.33755
4323	0.3377
4323.5	0.33785
4324	0.338
4324.5	0.33815
4325	0.3383
4325.5	0.33845
4326	0.3386
4326.5	0.33875
4327	0.3389
4327.5	0.33905
4328	0.3392
4328.5	0.33935
4329	0.3395
4329.5	0.33965
4330	0.3398
4330.5	0.33994
4331	0.34008
4331.5	0.34022
4332	0.34036
4332.5	0.3405
4333	0.34064
4333.5	0.34078
4334	0.34092
4334.5	0.34106
4335	0.3412
4335.5	0.34134
4336	0.34148
4336.5	0.34162
4337	0.34176
4337.5	0.3419
4338	0.34204
4338.5	0.34218
4339	0.34232
4339.5	0.34246
4340	0.3426
4340.5	0.34276
4341	0.34292
4341.5	0.34308
4342	0.34324
4342.5	0.3434
4343	0.34356
4343.5	0.34372
4344	0.34388
4344.5	0.34404
4345	0.3442
4345.5	0.34436
4346	0.34452
4346.5	0.34468
4347	0.34484
4347.5	0.345
4348	0.34516
4348.5	0.34532
4349	0.34548
4349.5	0.34564
4350	0.3458
4350.5	0.345955
4351	0.34611
4351.5	0.346265
4352	0.34642
4352.5	0.346575
4353	0.34673
4353.5	0.346885
4354	0.34704
4354.5	0.347195
4355	0.34735
4355.5	0.347505
4356	0.34766
4356.5	0.347815
4357	0.34797
4357.5	0.348125
4358	0.34828
4358.5	0.348435
4359	0.34859
4359.5	0.348745
4360	0.3489
4360.5	0.34903
4361	0.34916
4361.5	0.34929
4362	0.34942
4362.5	0.34955
4363	0.34968
4363.5	0.34981
4364	0.34994
4364.5	0.35007
4365	0.3502
4365.5	0.35033
4366	0.35046
4366.5	0.35059
4367	0.35072
4367.5	0.35085
4368	0.35098
4368.5	0.35111
4369	0.35124
4369.5	0.35137
4370	0.3515
4370.5	0.35164
4371	0.35178
4371.5	0.35192
4372	0.35206
4372.5	0.3522
4373	0.35234
4373.5	0.35248
4374	0.35262
4374.5	0.35276
4375	0.3529
4375.5	0.35304
4376	0.35318
4376.5	0.35332
4377	0.35346
4377.5	0.3536
4378	0.35374
4378.5	0.35388
4379	0.35402
4379.5	0.35416
4380	0.3543
4380.5	0.35443
4381	0.35456
4381.5	0.35469
4382	0.35482
4382.5	0.35495
4383	0.35508
4383.5	0.35521
4384	0.35534
4384.5	0.35547
4385	0.3556
4385.5	0.35573
4386	0.35586
4386.5	0.35599
4387	0.35612
4387.5	0.35625
4388	0.35638
4388.5	0.35651
4389	0.35664
4389.5	0.35677
4390	0.3569
4390.5	0.35706
4391	0.35722
4391.5	0.35738
4392	0.35754
4392.5	0.3577
4393	0.35786
4393.5	0.35802
4394	0.35818
4394.5	0.35834
4395	0.3585
4395.5	0.35866
4396	0.35882
4396.5	0.35898
4397	0.35914
4397.5	0.3593
4398	0.35946
4398.5	0.35962
4399	0.35978
4399.5	0.35994
4400	0.3601
4400.5	0.360245
4401	0.36039
4401.5	0.360535
4402	0.36068
4402.5	0.360825
4403	0.36097
4403.5	0.361115
4404	0.36126
4404.5	0.361405
4405	0.36155
4405.5	0.361695
4406	0.36184
4406.5	0.361985
4407	0.36213
4407.5	0.362275
4408	0.36242
4408.5	0.362565
4409	0.36271
4409.5	0.362855
4410	0.363
4410.5	0.363115
4411	0.36323
4411.5	0.363345
4412	0.36346
4412.5	0.363575
4413	0.36369
4413.5	0.363805
4414	0.36392
4414.5	0.364035
4415	0.36415
4415.5	0.364265
4416	0.36438
4416.5	0.364495
4417	0.36461
4417.5	0.364725
4418	0.36484
4418.5	0.364955
4419	0.36507
4419.5	0.365185
4420	0.3653
4420.5	0.36543
4421	0.36556
4421.5	0.36569
4422	0.36582
4422.5	0.36595
4423	0.36608
4423.5	0.36621
4424	0.36634
4424.5	0.36647
4425	0.3666
4425.5	0.36673
4426	0.36686
4426.5	0.36699
4427	0.36712
4427.5	0.36725
4428	0.36738
4428.5	0.36751
4429	0.36764
4429.5	0.36777
4430	0.3679
4430.5	0.36802
4431	0.36814
4431.5	0.36826
4432	0.36838
4432.5	0.3685
4433	0.36862
4433.5	0.36874
4434	0.36886
4434.5	0.36898
4435	0.3691
4435.5	0.36922
4436	0.36934
4436.5	0.36946
4437	0.36958
4437.5	0.3697
4438	0.36982
4438.5	0.36994
4439	0.37006
4439.5	0.37018
4440	0.3703
4440.5	0.370415
4441	0.37053
4441.5	0.370645
4442	0.37076
4442.5	0.370875
4443	0.37099
4443.5	0.371105
4444	0.37122
4444.5	0.371335
4445	0.37145
4445.5	0.371565
4446	0.37168
4446.5	0.371795
4447	0.37191
4447.5	0.372025
4448	0.37214
4448.5	0.372255
4449	0.37237
4449.5	0.372485
4450	0.3726
4450.5	0.372735
4451	0.37287
4451.5	0.373005
4452	0.37314
4452.5	0.373275
4453	0.37341
4453.5	0.373545
4454	0.37368
4454.5	0.373815
4455	0.37395
4455.5	0.374085
4456	0.37422
4456.5	0.374355
4457	0.37449
4457.5	0.374625
4458	0.37476
4458.5	0.374895
4459	0.37503
4459.5	0.375165
4460	0.3753
4460.5	0.375425
4461	0.37555
4461.5	0.375675
4462	0.3758
4462.5	0.375925
4463	0.37605
4463.5	0.376175
4464	0.3763
4464.5	0.376425
4465	0.37655
4465.5	0.376675
4466	0.3768
4466.5	0.376925
4467	0.37705
4467.5	0.377175
4468	0.3773
4468.5	0.377425
4469	0.37755
4469.5	0.377675
4470	0.3778
4470.5	0.37792
4471	0.37804
4471.5	0.37816
4472	0.37828
4472.5	0.3784
4473	0.37852
4473.5	0.37864
4474	0.37876
4474.5	0.37888
4475	0.379
4475.5	0.37912
4476	0.37924
4476.5	0.37936
4477	0.37948
4477.5	0.3796
4478	0.37972
4478.5	0.37984
4479	0.37996
4479.5	0.38008
4480	0.3802
4480.5	0.380335
4481	0.38047
4481.5	0.380605
4482	0.38074
4482.5	0.380875
4483	0.38101
4483.5	0.381145
4484	0.38128
4484.5	0.381415
4485	0.38155
4485.5	0.381685
4486	0.38182
4486.5	0.381955
4487	0.38209
4487.5	0.382225
4488	0.38236
4488.5	0.382495
4489	0.38263
4489.5	0.382765
4490	0.3829
4490.5	0.38302
4491	0.38314
4491.5	0.38326
4492	0.38338
4492.5	0.3835
4493	0.38362
4493.5	0.38374
4494	0.38386
4494.5	0.38398
4495	0.3841
4495.5	0.38422
4496	0.38434
4496.5	0.38446
4497	0.38458
4497.5	0.3847
4498	0.38482
4498.5	0.38494
4499	0.38506
4499.5	0.38518
4500	0.3853
4500.5	0.385395
4501	0.38549
4501.5	0.385585
4502	0.38568
4502.5	0.385775
4503	0.38587
4503.5	0.385965
4504	0.38606
4504.5	0.386155
4505	0.38625
4505.5	0.386345
4506	0.38644
4506.5	0.386535
4507	0.38663
4507.5	0.386725
4508	0.38682
4508.5	0.386915
4509	0.38701
4509.5	0.387105
4510	0.3872
4510.5	0.3873
4511	0.3874
4511.5	0.3875
4512	0.3876
4512.5	0.3877
4513	0.3878
4513.5	0.3879
4514	0.388
4514.5	0.3881
4515	0.3882
4515.5	0.3883
4516	0.3884
4516.5	0.3885
4517	0.3886
4517.5	0.3887
4518	0.3888
4518.5	0.3889
4519	0.389
4519.5	0.3891
4520	0.3892
4520.5	0.389325
4521	0.38945
4521.5	0.389575
4522	0.3897
4522.5	0.389825
4523	0.38995
4523.5	0.390075
4524	0.3902
4524.5	0.390325
4525	0.39045
4525.5	0.390575
4526	0.3907
4526.5	0.390825
4527	0.39095
4527.5	0.391075
4528	0.3912
4528.5	0.391325
4529	0.39145
4529.5	0.391575
4530	0.3917
4530.5	0.391835
4531	0.39197
4531.5	0.392105
4532	0.39224
4532.5	0.392375
4533	0.39251
4533.5	0.392645
4534	0.39278
4534.5	0.392915
4535	0.39305
4535.5	0.393185
4536	0.39332
4536.5	0.393455
4537	0.39359
4537.5	0.393725
4538	0.39386
4538.5	0.393995
4539	0.39413
4539.5	0.394265
4540	0.3944
4540.5	0.39449
4541	0.39458
4541.5	0.39467
4542	0.39476
4542.5	0.39485
4543	0.39494
4543.5	0.39503
4544	0.39512
4544.5	0.39521
4545	0.3953
4545.5	0.39539
4546	0.39548
4546.5	0.39557
4547	0.39566
4547.5	0.39575
4548	0.39584
4548.5	0.39593
4549	0.39602
4549.5	0.39611
4550	0.3962
4550.5	0.39634
4551	0.39648
4551.5	0.39662
4552	0.39676
4552.5	0.3969
4553	0.39704
4553.5	0.39718
4554	0.39732
4554.5	0.39746
4555	0.3976
4555.5	0.39774
4556	0.39788
4556.5	0.39802
4557	0.39816
4557.5	0.3983
4558	0.39844
4558.5	0.39858
4559	0.39872
4559.5	0.39886
4560	0.399
4560.5	0.39914
4561	0.39928
4561.5	0.39942
4562	0.39956
4562.5	0.3997
4563	0.39984
4563.5	0.39998
4564	0.40012
4564.5	0.40026
4565	0.4004
4565.5	0.40054
4566	0.40068
4566.5	0.40082
4567	0.40096
4567.5	0.4011
4568	0.40124
4568.5	0.40138
4569	0.40152
4569.5	0.40166
4570	0.4018
4570.5	0.401905
4571	0.40201
4571.5	0.402115
4572	0.40222
4572.5	0.402325
4573	0.40243
4573.5	0.402535
4574	0.40264
4574.5	0.402745
4575	0.40285
4575.5	0.402955
4576	0.40306
4576.5	0.403165
4577	0.40327
4577.5	0.403375
4578	0.40348
4578.5	0.403585
4579	0.40369
4579.5	0.403795
4580	0.4039
4580.5	0.40399
4581	0.40408
4581.5	0.40417
4582	0.40426
4582.5	0.40435
4583	0.40444
4583.5	0.40453
4584	0.40462
4584.5	0.40471
4585	0.4048
4585.5	0.40489
4586	0.40498
4586.5	0.40507
4587	0.40516
4587.5	0.40525
4588	0.40534
4588.5	0.40543
4589	0.40552
4589.5	0.40561
4590	0.4057
4590.5	0.40582
4591	0.40594
4591.5	0.40606
4592	0.40618
4592.5	0.4063
4593	0.40642
4593.5	0.40654
4594	0.40666
4594.5	0.40678
4595	0.4069
4595.5	0.40702
4596	0.40714
4596.5	0.40726
4597	0.40738
4597.5	0.4075
4598	0.40762
4598.5	0.40774
4599	0.40786
4599.5	0.40798
4600	0.4081
4600.5	0.408165
4601	0.40823
4601.5	0.408295
4602	0.40836
4602.5	0.408425
4603	0.40849
4603.5	0.408555
4604	0.40862
4604.5	0.408685
4605	0.40875
4605.5	0.408815
4606	0.40888
4606.5	0.408945
4607	0.40901
4607.5	0.409075
4608	0.40914
4608.5	0.409205
4609	0.40927
4609.5	0.409335
4610	0.4094
4610.5	0.409485
4611	0.40957
4611.5	0.409655
4612	0.40974
4612.5	0.409825
4613	0.40991
4613.5	0.409995
4614	0.41008
4614.5	0.410165
4615	0.41025
4615.5	0.410335
4616	0.41042
4616.5	0.410505
4617	0.41059
4617.5	0.410675
4618	0.41076
4618.5	0.410845
4619	0.41093
4619.5	0.411015
4620	0.4111
4620.5	0.41118
4621	0.41126
4621.5	0.41134
4622	0.41142
4622.5	0.4115
4623	0.41158
4623.5	0.41166
4624	0.41174
4624.5	0.41182
4625	0.4119
4625.5	0.41198
4626	0.41206
4626.5	0.41214
4627	0.41222
4627.5	0.4123
4628	0.41238
4628.5	0.41246
4629	0.41254
4629.5	0.41262
4630	0.4127
4630.5	0.41274
4631	0.41278
4631.5	0.41282
4632	0.41286
4632.5	0.4129
4633	0.41294
4633.5	0.41298
4634	0.41302
4634.5	0.41306
4635	0.4131
4635.5	0.41314
4636	0.41318
4636.5	0.41322
4637	0.41326
4637.5	0.4133
4638	0.41334
4638.5	0.41338
4639	0.41342
4639.5	0.41346
4640	0.4135
4640.5	0.41357
4641	0.41364
4641.5	0.41371
4642	0.41378
4642.5	0.41385
4643	0.41392
4643.5	0.41399
4644	0.41406
4644.5	0.41413
4645	0.4142
4645.5	0.41427
4646	0.41434
4646.5	0.41441
4647	0.41448
4647.5	0.41455
4648	0.41462
4648.5	0.41469
4649	0.41476
4649.5	0.41483
4650	0.4149
4650.5	0.415005
4651	0.41511
4651.5	0.415215
4652	0.41532
4652.5	0.415425
4653	0.41553
4653.5	0.415635
4654	0.41574
4654.5	0.415845
4655	0.41595
4655.5	0.416055
4656	0.41616
4656.5	0.416265
4657	0.41637
4657.5	0.416475
4658	0.41658
4658.5	0.416685
4659	0.41679
4659.5	0.416895
4660	0.417
4660.5	0.417095
4661	0.41719
4661.5	0.417285
4662	0.41738
4662.5	0.417475
4663	0.41757
4663.5	0.417665
4664	0.41776
4664.5	0.417855
4665	0.41795
4665.5	0.418045
4666	0.41814
4666.5	0.418235
4667	0.41833
4667.5	0.418425
4668	0.41852
4668.5	0.418615
4669	0.41871
4669.5	0.418805
4670	0.4189
4670.5	0.41897
4671	0.41904
4671.5	0.41911
4672	0.41918
4672.5	0.41925
4673	0.41932
4673.5	0.41939
4674	0.41946
4674.5	0.41953
4675	0.4196
4675.5	0.41967
4676	0.41974
4676.5	0.41981
4677	0.41988
4677.5	0.41995
4678	0.42002
4678.5	0.42009
4679	0.42016
4679.5	0.42023
4680	0.4203
4680.5	0.42039
4681	0.42048
4681.5	0.42057
4682	0.42066
4682.5	0.42075
4683	0.42084
4683.5	0.42093
4684	0.42102
4684.5	0.42111
4685	0.4212
4685.5	0.42129
4686	0.42138
4686.5	0.42147
4687	0.42156
4687.5	0.42165
4688	0.42174
4688.5	0.42183
4689	0.42192
4689.5	0.42201
4690	0.4221
4690.5	0.42219
4691	0.42228
4691.5	0.42237
4692	0.42246
4692.5	0.42255
4693	0.42264
4693.5	0.42273
4694	0.42282
4694.5	0.42291
4695	0.423
4695.5	0.42309
4696	0.42318
4696.5	0.42327
4697	0.42336
4697.5	0.42345
4698	0.42354
4698.5	0.42363
4699	0.42372
4699.5	0.42381
4700	0.4239
4700.5	0.423985
4701	0.42407
4701.5	0.424155
4702	0.42424
4702.5	0.424325
4703	0.42441
4703.5	0.424495
4704	0.42458
4704.5	0.424665
4705	0.42475
4705.5	0.424835
4706	0.42492
4706.5	0.425005
4707	0.42509
4707.5	0.425175
4708	0.42526
4708.5	0.425345
4709	0.42543
4709.5	0.425515
4710	0.4256
4710.5	0.425645
4711	0.42569
4711.5	0.425735
4712	0.42578
4712.5	0.425825
4713	0.42587
4713.5	0.425915
4714	0.42596
4714.5	0.426005
4715	0.42605
4715.5	0.426095
4716	0.42614
4716.5	0.426185
4717	0.42623
4717.5	0.426275
4718	0.42632
4718.5	0.426365
4719	0.42641
4719.5	0.426455
4720	0.4265
4720.5	0.426545
4721	0.42659
4721.5	0.426635
4722	0.42668
4722.5	0.426725
4723	0.42677
4723.5	0.426815
4724	0.42686
4724.5	0.426905
4725	0.42695
4725.5	0.426995
4726	0.42704
4726.5	0.427085
4727	0.42713
4727.5	0.427175
4728	0.42722
4728.5	0.427265
4729	0.42731
4729.5	0.427355
4730	0.4274
4730.5	0.427405
4731	0.42741
4731.5	0.427415
4732	0.42742
4732.5	0.427425
4733	0.42743
4733.5	0.427435
4734	0.42744
4734.5	0.427445
4735	0.42745
4735.5	0.427455
4736	0.42746
4736.5	0.427465
4737	0.42747
4737.5	0.427475
4738	0.42748
4738.5	0.427485
4739	0.42749
4739.5	0.427495
4740	0.4275
4740.5	0.427505
4741	0.42751
4741.5	0.427515
4742	0.42752
4742.5	0.427525
4743	0.42753
4743.5	0.427535
4744	0.42754
4744.5	0.427545
4745	0.42755
4745.5	0.427555
4746	0.42756
4746.5	0.427565
4747	0.42757
4747.5	0.427575
4748	0.42758
4748.5	0.427585
4749	0.42759
4749.5	0.427595
4750	0.4276
4750.5	0.42767
4751	0.42774
4751.5	0.42781
4752	0.42788
4752.5	0.42795
4753	0.42802
4753.5	0.42809
4754	0.42816
4754.5	0.42823
4755	0.4283
4755.5	0.42837
4756	0.42844
4756.5	0.42851
4757	0.42858
4757.5	0.42865
4758	0.42872
4758.5	0.42879
4759	0.42886
4759.5	0.42893
4760	0.429
4760.5	0.429075
4761	0.42915
4761.5	0.429225
4762	0.4293
4762.5	0.429375
4763	0.42945
4763.5	0.429525
4764	0.4296
4764.5	0.429675
4765	0.42975
4765.5	0.429825
4766	0.4299
4766.5	0.429975
4767	0.43005
4767.5	0.430125
4768	0.4302
4768.5	0.430275
4769	0.43035
4769.5	0.430425
4770	0.4305
4770.5	0.43061
4771	0.43072
4771.5	0.43083
4772	0.43094
4772.5	0.43105
4773	0.43116
4773.5	0.43127
4774	0.43138
4774.5	0.43149
4775	0.4316
4775.5	0.43171
4776	0.43182
4776.5	0.43193
4777	0.43204
4777.5	0.43215
4778	0.43226
4778.5	0.43237
4779	0.43248
4779.5	0.43259
4780	0.4327
4780.5	0.432805
4781	0.43291
4781.5	0.433015
4782	0.43312
4782.5	0.433225
4783	0.43333
4783.5	0.433435
4784	0.43354
4784.5	0.433645
4785	0.43375
4785.5	0.433855
4786	0.43396
4786.5	0.434065
4787	0.43417
4787.5	0.434275
4788	0.43438
4788.5	0.434485
4789	0.43459
4789.5	0.434695
4790	0.4348
4790.5	0.434865
4791	0.43493
4791.5	0.434995
4792	0.43506
4792.5	0.435125
4793	0.43519
4793.5	0.435255
4794	0.43532
4794.5	0.435385
4795	0.43545
4795.5	0.435515
4796	0.43558
4796.5	0.435645
4797	0.43571
4797.5	0.435775
4798	0.43584
4798.5	0.435905
4799	0.43597
4799.5	0.436035
4800	0.4361
4800.5	0.436165
4801	0.43623
4801.5	0.436295
4802	0.43636
4802.5	0.436425
4803	0.43649
4803.5	0.436555
4804	0.43662
4804.5	0.436685
4805	0.43675
4805.5	0.436815
4806	0.43688
4806.5	0.436945
4807	0.43701
4807.5	0.437075
4808	0.43714
4808.5	0.437205
4809	0.43727
4809.5	0.437335
4810	0.4374
4810.5	0.43749
4811	0.43758
4811.5	0.43767
4812	0.43776
4812.5	0.43785
4813	0.43794
4813.5	0.43803
4814	0.43812
4814.5	0.43821
4815	0.4383
4815.5	0.43839
4816	0.43848
4816.5	0.43857
4817	0.43866
4817.5	0.43875
4818	0.43884
4818.5	0.43893
4819	0.43902
4819.5	0.43911
4820	0.4392
4820.5	0.439265
4821	0.43933
4821.5	0.439395
4822	0.43946
4822.5	0.439525
4823	0.43959
4823.5	0.439655
4824	0.43972
4824.5	0.439785
4825	0.43985
4825.5	0.439915
4826	0.43998
4826.5	0.440045
4827	0.44011
4827.5	0.440175
4828	0.44024
4828.5	0.440305
4829	0.44037
4829.5	0.440435
4830	0.4405
4830.5	0.440575
4831	0.44065
4831.5	0.440725
4832	0.4408
4832.5	0.440875
4833	0.44095
4833.5	0.441025
4834	0.4411
4834.5	0.441175
4835	0.44125
4835.5	0.441325
4836	0.4414
4836.5	0.441475
4837	0.44155
4837.5	0.441625
4838	0.4417
4838.5	0.441775
4839	0.44185
4839.5	0.441925
4840	0.442
4840.5	0.44209
4841	0.44218
4841.5	0.44227
4842	0.44236
4842.5	0.44245
4843	0.44254
4843.5	0.44263
4844	0.44272
4844.5	0.44281
4845	0.4429
4845.5	0.44299
4846	0.44308
4846.5	0.44317
4847	0.44326
4847.5	0.44335
4848	0.44344
4848.5	0.44353
4849	0.44362
4849.5	0.44371
4850	0.4438
4850.5	0.44386
4851	0.44392
4851.5	0.44398
4852	0.44404
4852.5	0.4441
4853	0.44416
4853.5	0.44422
4854	0.44428
4854.5	0.44434
4855	0.4444
4855.5	0.44446
4856	0.44452
4856.5	0.44458
4857	0.44464
4857.5	0.4447
4858	0.44476
4858.5	0.44482
4859	0.44488
4859.5	0.44494
4860	0.445
4860.5	0.445085
4861	0.44517
4861.5	0.445255
4862	0.44534
4862.5	0.445425
4863	0.44551
4863.5	0.445595
4864	0.44568
4864.5	0.445765
4865	0.44585
4865.5	0.445935
4866	0.44602
4866.5	0.446105
4867	0.44619
4867.5	0.446275
4868	0.44636
4868.5	0.446445
4869	0.44653
4869.5	0.446615
4870	0.4467
4870.5	0.446825
4871	0.44695
4871.5	0.447075
4872	0.4472
4872.5	0.447325
4873	0.44745
4873.5	0.447575
4874	0.4477
4874.5	0.447825
4875	0.44795
4875.5	0.448075
4876	0.4482
4876.5	0.448325
4877	0.44845
4877.5	0.448575
4878	0.4487
4878.5	0.448825
4879	0.44895
4879.5	0.449075
4880	0.4492
4880.5	0.449235
4881	0.44927
4881.5	0.449305
4882	0.44934
4882.5	0.449375
4883	0.44941
4883.5	0.449445
4884	0.44948
4884.5	0.449515
4885	0.44955
4885.5	0.449585
4886	0.44962
4886.5	0.449655
4887	0.44969
4887.5	0.449725
4888	0.44976
4888.5	0.449795
4889	0.44983
4889.5	0.449865
4890	0.4499
4890.5	0.449965
4891	0.45003
4891.5	0.450095
4892	0.45016
4892.5	0.450225
4893	0.45029
4893.5	0.450355
4894	0.45042
4894.5	0.450485
4895	0.45055
4895.5	0.450615
4896	0.45068
4896.5	0.450745
4897	0.45081
4897.5	0.450875
4898	0.45094
4898.5	0.451005
4899	0.45107
4899.5	0.451135
4900	0.4512
4900.5	0.45125
4901	0.4513
4901.5	0.45135
4902	0.4514
4902.5	0.45145
4903	0.4515
4903.5	0.45155
4904	0.4516
4904.5	0.45165
4905	0.4517
4905.5	0.45175
4906	0.4518
4906.5	0.45185
4907	0.4519
4907.5	0.45195
4908	0.452
4908.5	0.45205
4909	0.4521
4909.5	0.45215
4910	0.4522
4910.5	0.452225
4911	0.45225
4911.5	0.452275
4912	0.4523
4912.5	0.452325
4913	0.45235
4913.5	0.452375
4914	0.4524
4914.5	0.452425
4915	0.45245
4915.5	0.452475
4916	0.4525
4916.5	0.452525
4917	0.45255
4917.5	0.452575
4918	0.4526
4918.5	0.452625
4919	0.45265
4919.5	0.452675
4920	0.4527
4920.5	0.452765
4921	0.45283
4921.5	0.452895
4922	0.45296
4922.5	0.453025
4923	0.45309
4923.5	0.453155
4924	0.45322
4924.5	0.453285
4925	0.45335
4925.5	0.453415
4926	0.45348
4926.5	0.453545
4927	0.45361
4927.5	0.453675
4928	0.45374
4928.5	0.453805
4929	0.45387
4929.5	0.453935
4930	0.454
4930.5	0.45404
4931	0.45408
4931.5	0.45412
4932	0.45416
4932.5	0.4542
4933	0.45424
4933.5	0.45428
4934	0.45432
4934.5	0.45436
4935	0.4544
4935.5	0.45444
4936	0.45448
4936.5	0.45452
4937	0.45456
4937.5	0.4546
4938	0.45464
4938.5	0.45468
4939	0.45472
4939.5	0.45476
4940	0.4548
4940.5	0.454885
4941	0.45497
4941.5	0.455055
4942	0.45514
4942.5	0.455225
4943	0.45531
4943.5	0.455395
4944	0.45548
4944.5	0.455565
4945	0.45565
4945.5	0.455735
4946	0.45582
4946.5	0.455905
4947	0.45599
4947.5	0.456075
4948	0.45616
4948.5	0.456245
4949	0.45633
4949.5	0.456415
4950	0.4565
4950.5	0.45659
4951	0.45668
4951.5	0.45677
4952	0.45686
4952.5	0.45695
4953	0.45704
4953.5	0.45713
4954	0.45722
4954.5	0.45731
4955	0.4574
4955.5	0.45749
4956	0.45758
4956.5	0.45767
4957	0.45776
4957.5	0.45785
4958	0.45794
4958.5	0.45803
4959	0.45812
4959.5	0.45821
4960	0.4583
4960.5	0.458405
4961	0.45851
4961.5	0.458615
4962	0.45872
4962.5	0.458825
4963	0.45893
4963.5	0.459035
4964	0.45914
4964.5	0.459245
4965	0.45935
4965.5	0.459455
4966	0.45956
4966.5	0.459665
4967	0.45977
4967.5	0.459875
4968	0.45998
4968.5	0.460085
4969	0.46019
4969.5	0.460295
4970	0.4604
4970.5	0.46049
4971	0.46058
4971.5	0.46067
4972	0.46076
4972.5	0.46085
4973	0.46094
4973.5	0.46103
4974	0.46112
4974.5	0.46121
4975	0.4613
4975.5	0.46139
4976	0.46148
4976.5	0.46157
4977	0.46166
4977.5	0.46175
4978	0.46184
4978.5	0.46193
4979	0.46202
4979.5	0.46211
4980	0.4622
4980.5	0.462335
4981	0.46247
4981.5	0.462605
4982	0.46274
4982.5	0.462875
4983	0.46301
4983.5	0.463145
4984	0.46328
4984.5	0.463415
4985	0.46355
4985.5	0.463685
4986	0.46382
4986.5	0.463955
4987	0.46409
4987.5	0.464225
4988	0.46436
4988.5	0.464495
4989	0.46463
4989.5	0.464765
4990	0.4649
4990.5	0.465015
4991	0.46513
4991.5	0.465245
4992	0.46536
4992.5	0.465475
4993	0.46559
4993.5	0.465705
4994	0.46582
4994.5	0.465935
4995	0.46605
4995.5	0.466165
4996	0.46628
4996.5	0.466395
4997	0.46651
4997.5	0.466625
4998	0.46674
4998.5	0.466855
4999	0.46697
4999.5	0.467085
5000	0.4672
5000.5	0.46724
5001	0.46728
5001.5	0.46732
5002	0.46736
5002.5	0.4674
5003	0.46744
5003.5	0.46748
5004	0.46752
5004.5	0.46756
5005	0.4676
5005.5	0.46764
5006	0.46768
5006.5	0.46772
5007	0.46776
5007.5	0.4678
5008	0.46784
5008.5	0.46788
5009	0.46792
5009.5	0.46796
5010	0.468
5010.5	0.467995
5011	0.46799
5011.5	0.467985
5012	0.46798
5012.5	0.467975
5013	0.46797
5013.5	0.467965
5014	0.46796
5014.5	0.467955
5015	0.46795
5015.5	0.467945
5016	0.46794
5016.5	0.467935
5017	0.46793
5017.5	0.467925
5018	0.46792
5018.5	0.467915
5019	0.46791
5019.5	0.467905
5020	0.4679
5020.5	0.46788
5021	0.46786
5021.5	0.46784
5022	0.46782
5022.5	0.4678
5023	0.46778
5023.5	0.46776
5024	0.46774
5024.5	0.46772
5025	0.4677
5025.5	0.46768
5026	0.46766
5026.5	0.46764
5027	0.46762
5027.5	0.4676
5028	0.46758
5028.5	0.46756
5029	0.46754
5029.5	0.46752
5030	0.4675
5030.5	0.46749
5031	0.46748
5031.5	0.46747
5032	0.46746
5032.5	0.46745
5033	0.46744
5033.5	0.46743
5034	0.46742
5034.5	0.46741
5035	0.4674
5035.5	0.46739
5036	0.46738
5036.5	0.46737
5037	0.46736
5037.5	0.46735
5038	0.46734
5038.5	0.46733
5039	0.46732
5039.5	0.46731
5040	0.4673
5040.5	0.467335
5041	0.46737
5041.5	0.467405
5042	0.46744
5042.5	0.467475
5043	0.46751
5043.5	0.467545
5044	0.46758
5044.5	0.467615
5045	0.46765
5045.5	0.467685
5046	0.46772
5046.5	0.467755
5047	0.46779
5047.5	0.467825
5048	0.46786
5048.5	0.467895
5049	0.46793
5049.5	0.467965
5050	0.468
5050.5	0.468065
5051	0.46813
5051.5	0.468195
5052	0.46826
5052.5	0.468325
5053	0.46839
5053.5	0.468455
5054	0.46852
5054.5	0.468585
5055	0.46865
5055.5	0.468715
5056	0.46878
5056.5	0.468845
5057	0.46891
5057.5	0.468975
5058	0.46904
5058.5	0.469105
5059	0.46917
5059.5	0.469235
5060	0.4693
5060.5	0.46939
5061	0.46948
5061.5	0.46957
5062	0.46966
5062.5	0.46975
5063	0.46984
5063.5	0.46993
5064	0.47002
5064.5	0.47011
5065	0.4702
5065.5	0.47029
5066	0.47038
5066.5	0.47047
5067	0.47056
5067.5	0.47065
5068	0.47074
5068.5	0.47083
5069	0.47092
5069.5	0.47101
5070	0.4711
5070.5	0.471225
5071	0.47135
5071.5	0.471475
5072	0.4716
5072.5	0.471725
5073	0.47185
5073.5	0.471975
5074	0.4721
5074.5	0.472225
5075	0.47235
5075.5	0.472475
5076	0.4726
5076.5	0.472725
5077	0.47285
5077.5	0.472975
5078	0.4731
5078.5	0.473225
5079	0.47335
5079.5	0.473475
5080	0.4736
5080.5	0.473685
5081	0.47377
5081.5	0.473855
5082	0.47394
5082.5	0.474025
5083	0.47411
5083.5	0.474195
5084	0.47428
5084.5	0.474365
5085	0.47445
5085.5	0.474535
5086	0.47462
5086.5	0.474705
5087	0.47479
5087.5	0.474875
5088	0.47496
5088.5	0.475045
5089	0.47513
5089.5	0.475215
5090	0.4753
5090.5	0.475365
5091	0.47543
5091.5	0.475495
5092	0.47556
5092.5	0.475625
5093	0.47569
5093.5	0.475755
5094	0.47582
5094.5	0.475885
5095	0.47595
5095.5	0.476015
5096	0.47608
5096.5	0.476145
5097	0.47621
5097.5	0.476275
5098	0.47634
5098.5	0.476405
5099	0.47647
5099.5	0.476535
5100	0.4766
5100.5	0.47669
5101	0.47678
5101.5	0.47687
5102	0.47696
5102.5	0.47705
5103	0.47714
5103.5	0.47723
5104	0.47732
5104.5	0.47741
5105	0.4775
5105.5	0.47759
5106	0.47768
5106.5	0.47777
5107	0.47786
5107.5	0.47795
5108	0.47804
5108.5	0.47813
5109	0.47822
5109.5	0.47831
5110	0.4784
5110.5	0.47844
5111	0.47848
5111.5	0.47852
5112	0.47856
5112.5	0.4786
5113	0.47864
5113.5	0.47868
5114	0.47872
5114.5	0.47876
5115	0.4788
5115.5	0.47884
5116	0.47888
5116.5	0.47892
5117	0.47896
5117.5	0.479
5118	0.47904
5118.5	0.47908
5119	0.47912
5119.5	0.47916
5120	0.4792
5120.5	0.479235
5121	0.47927
5121.5	0.479305
5122	0.47934
5122.5	0.479375
5123	0.47941
5123.5	0.479445
5124	0.47948
5124.5	0.479515
5125	0.47955
5125.5	0.479585
5126	0.47962
5126.5	0.479655
5127	0.47969
5127.5	0.479725
5128	0.47976
5128.5	0.479795
5129	0.47983
5129.5	0.479865
5130	0.4799
5130.5	0.479945
5131	0.47999
5131.5	0.480035
5132	0.48008
5132.5	0.480125
5133	0.48017
5133.5	0.480215
5134	0.48026
5134.5	0.480305
5135	0.48035
5135.5	0.480395
5136	0.48044
5136.5	0.480485
5137	0.48053
5137.5	0.480575
5138	0.48062
5138.5	0.480665
5139	0.48071
5139.5	0.480755
5140	0.4808
5140.5	0.48082
5141	0.48084
5141.5	0.48086
5142	0.48088
5142.5	0.4809
5143	0.48092
5143.5	0.48094
5144	0.48096
5144.5	0.48098
5145	0.481
5145.5	0.48102
5146	0.48104
5146.5	0.48106
5147	0.48108
5147.5	0.4811
5148	0.48112
5148.5	0.48114
5149	0.48116
5149.5	0.48118
5150	0.4812
5150.5	0.481255
5151	0.48131
5151.5	0.481365
5152	0.48142
5152.5	0.481475
5153	0.48153
5153.5	0.481585
5154	0.48164
5154.5	0.481695
5155	0.48175
5155.5	0.481805
5156	0.48186
5156.5	0.481915
5157	0.48197
5157.5	0.482025
5158	0.48208
5158.5	0.482135
5159	0.48219
5159.5	0.482245
5160	0.4823
5160.5	0.482355
5161	0.48241
5161.5	0.482465
5162	0.48252
5162.5	0.482575
5163	0.48263
5163.5	0.482685
5164	0.48274
5164.5	0.482795
5165	0.48285
5165.5	0.482905
5166	0.48296
5166.5	0.483015
5167	0.48307
5167.5	0.483125
5168	0.48318
5168.5	0.483235
5169	0.48329
5169.5	0.483345
5170	0.4834
5170.5	0.483465
5171	0.48353
5171.5	0.483595
5172	0.48366
5172.5	0.483725
5173	0.48379
5173.5	0.483855
5174	0.48392
5174.5	0.483985
5175	0.48405
5175.5	0.484115
5176	0.48418
5176.5	0.484245
5177	0.48431
5177.5	0.484375
5178	0.48444
5178.5	0.484505
5179	0.48457
5179.5	0.484635
5180	0.4847
5180.5	0.484775
5181	0.48485
5181.5	0.484925
5182	0.485
5182.5	0.485075
5183	0.48515
5183.5	0.485225
5184	0.4853
5184.5	0.485375
5185	0.48545
5185.5	0.485525
5186	0.4856
5186.5	0.485675
5187	0.48575
5187.5	0.485825
5188	0.4859
5188.5	0.485975
5189	0.48605
5189.5	0.486125
5190	0.4862
5190.5	0.486285
5191	0.48637
5191.5	0.486455
5192	0.48654
5192.5	0.486625
5193	0.48671
5193.5	0.486795
5194	0.48688
5194.5	0.486965
5195	0.48705
5195.5	0.487135
5196	0.48722
5196.5	0.487305
5197	0.48739
5197.5	0.487475
5198	0.48756
5198.5	0.487645
5199	0.48773
5199.5	0.487815
5200	0.4879
5200.5	0.487975
5201	0.48805
5201.5	0.488125
5202	0.4882
5202.5	0.488275
5203	0.48835
5203.5	0.488425
5204	0.4885
5204.5	0.488575
5205	0.48865
5205.5	0.488725
5206	0.4888
5206.5	0.488875
5207	0.48895
5207.5	0.489025
5208	0.4891
5208.5	0.489175
5209	0.48925
5209.5	0.489325
5210	0.4894
5210.5	0.489445
5211	0.48949
5211.5	0.489535
5212	0.48958
5212.5	0.489625
5213	0.48967
5213.5	0.489715
5214	0.48976
5214.5	0.489805
5215	0.48985
5215.5	0.489895
5216	0.48994
5216.5	0.489985
5217	0.49003
5217.5	0.490075
5218	0.49012
5218.5	0.490165
5219	0.49021
5219.5	0.490255
5220	0.4903
5220.5	0.49031
5221	0.49032
5221.5	0.49033
5222	0.49034
5222.5	0.49035
5223	0.49036
5223.5	0.49037
5224	0.49038
5224.5	0.49039
5225	0.4904
5225.5	0.49041
5226	0.49042
5226.5	0.49043
5227	0.49044
5227.5	0.49045
5228	0.49046
5228.5	0.49047
5229	0.49048
5229.5	0.49049
5230	0.4905
5230.5	0.49053
5231	0.49056
5231.5	0.49059
5232	0.49062
5232.5	0.49065
5233	0.49068
5233.5	0.49071
5234	0.49074
5234.5	0.49077
5235	0.4908
5235.5	0.49083
5236	0.49086
5236.5	0.49089
5237	0.49092
5237.5	0.49095
5238	0.49098
5238.5	0.49101
5239	0.49104
5239.5	0.49107
5240	0.4911
5240.5	0.49109
5241	0.49108
5241.5	0.49107
5242	0.49106
5242.5	0.49105
5243	0.49104
5243.5	0.49103
5244	0.49102
5244.5	0.49101
5245	0.491
5245.5	0.49099
5246	0.49098
5246.5	0.49097
5247	0.49096
5247.5	0.49095
5248	0.49094
5248.5	0.49093
5249	0.49092
5249.5	0.49091
5250	0.4909
5250.5	0.490935
5251	0.49097
5251.5	0.491005
5252	0.49104
5252.5	0.491075
5253	0.49111
5253.5	0.491145
5254	0.49118
5254.5	0.491215
5255	0.49125
5255.5	0.491285
5256	0.49132
5256.5	0.491355
5257	0.49139
5257.5	0.491425
5258	0.49146
5258.5	0.491495
5259	0.49153
5259.5	0.491565
5260	0.4916
5260.5	0.491685
5261	0.49177
5261.5	0.491855
5262	0.49194
5262.5	0.492025
5263	0.49211
5263.5	0.492195
5264	0.49228
5264.5	0.492365
5265	0.49245
5265.5	0.492535
5266	0.49262
5266.5	0.492705
5267	0.49279
5267.5	0.492875
5268	0.49296
5268.5	0.493045
5269	0.49313
5269.5	0.493215
5270	0.4933
5270.5	0.493365
5271	0.49343
5271.5	0.493495
5272	0.49356
5272.5	0.493625
5273	0.49369
5273.5	0.493755
5274	0.49382
5274.5	0.493885
5275	0.49395
5275.5	0.494015
5276	0.49408
5276.5	0.494145
5277	0.49421
5277.5	0.494275
5278	0.49434
5278.5	0.494405
5279	0.49447
5279.5	0.494535
5280	0.4946
5280.5	0.494645
5281	0.49469
5281.5	0.494735
5282	0.49478
5282.5	0.494825
5283	0.49487
5283.5	0.494915
5284	0.49496
5284.5	0.495005
5285	0.49505
5285.5	0.495095
5286	0.49514
5286.5	0.495185
5287	0.49523
5287.5	0.495275
5288	0.49532
5288.5	0.495365
5289	0.49541
5289.5	0.495455
5290	0.4955
5290.5	0.495515
5291	0.49553
5291.5	0.495545
5292	0.49556
5292.5	0.495575
5293	0.49559
5293.5	0.495605
5294	0.49562
5294.5	0.495635
5295	0.49565
5295.5	0.495665
5296	0.49568
5296.5	0.495695
5297	0.49571
5297.5	0.495725
5298	0.49574
5298.5	0.495755
5299	0.49577
5299.5	0.495785
5300	0.4958
5300.5	0.49583
5301	0.49586
5301.5	0.49589
5302	0.49592
5302.5	0.49595
5303	0.49598
5303.5	0.49601
5304	0.49604
5304.5	0.49607
5305	0.4961
5305.5	0.49613
5306	0.49616
5306.5	0.49619
5307	0.49622
5307.5	0.49625
5308	0.49628
5308.5	0.49631
5309	0.49634
5309.5	0.49637
5310	0.4964
5310.5	0.496425
5311	0.49645
5311.5	0.496475
5312	0.4965
5312.5	0.496525
5313	0.49655
5313.5	0.496575
5314	0.4966
5314.5	0.496625
5315	0.49665
5315.5	0.496675
5316	0.4967
5316.5	0.496725
5317	0.49675
5317.5	0.496775
5318	0.4968
5318.5	0.496825
5319	0.49685
5319.5	0.496875
5320	0.4969
5320.5	0.49697
5321	0.49704
5321.5	0.49711
5322	0.49718
5322.5	0.49725
5323	0.49732
5323.5	0.49739
5324	0.49746
5324.5	0.49753
5325	0.4976
5325.5	0.49767
5326	0.49774
5326.5	0.49781
5327	0.49788
5327.5	0.49795
5328	0.49802
5328.5	0.49809
5329	0.49816
5329.5	0.49823
5330	0.4983
5330.5	0.498415
5331	0.49853
5331.5	0.498645
5332	0.49876
5332.5	0.498875
5333	0.49899
5333.5	0.499105
5334	0.49922
5334.5	0.499335
5335	0.49945
5335.5	0.499565
5336	0.49968
5336.5	0.499795
5337	0.49991
5337.5	0.500025
5338	0.50014
5338.5	0.500255
5339	0.50037
5339.5	0.500485
5340	0.5006
5340.5	0.50074
5341	0.50088
5341.5	0.50102
5342	0.50116
5342.5	0.5013
5343	0.50144
5343.5	0.50158
5344	0.50172
5344.5	0.50186
5345	0.502
5345.5	0.50214
5346	0.50228
5346.5	0.50242
5347	0.50256
5347.5	0.5027
5348	0.50284
5348.5	0.50298
5349	0.50312
5349.5	0.50326
5350	0.5034
5350.5	0.503475
5351	0.50355
5351.5	0.503625
5352	0.5037
5352.5	0.503775
5353	0.50385
5353.5	0.503925
5354	0.504
5354.5	0.504075
5355	0.50415
5355.5	0.504225
5356	0.5043
5356.5	0.504375
5357	0.50445
5357.5	0.504525
5358	0.5046
5358.5	0.504675
5359	0.50475
5359.5	0.504825
5360	0.5049
5360.5	0.50497
5361	0.50504
5361.5	0.50511
5362	0.50518
5362.5	0.50525
5363	0.50532
5363.5	0.50539
5364	0.50546
5364.5	0.50553
5365	0.5056
5365.5	0.50567
5366	0.50574
5366.5	0.50581
5367	0.50588
5367.5	0.50595
5368	0.50602
5368.5	0.50609
5369	0.50616
5369.5	0.50623
5370	0.5063
5370.5	0.506345
5371	0.50639
5371.5	0.506435
5372	0.50648
5372.5	0.506525
5373	0.50657
5373.5	0.506615
5374	0.50666
5374.5	0.506705
5375	0.50675
5375.5	0.506795
5376	0.50684
5376.5	0.506885
5377	0.50693
5377.5	0.506975
5378	0.50702
5378.5	0.507065
5379	0.50711
5379.5	0.507155
5380	0.5072
5380.5	0.507205
5381	0.50721
5381.5	0.507215
5382	0.50722
5382.5	0.507225
5383	0.50723
5383.5	0.507235
5384	0.50724
5384.5	0.507245
5385	0.50725
5385.5	0.507255
5386	0.50726
5386.5	0.507265
5387	0.50727
5387.5	0.507275
5388	0.50728
5388.5	0.507285
5389	0.50729
5389.5	0.507295
5390	0.5073
5390.5	0.507235
5391	0.50717
5391.5	0.507105
5392	0.50704
5392.5	0.506975
5393	0.50691
5393.5	0.506845
5394	0.50678
5394.5	0.506715
5395	0.50665
5395.5	0.506585
5396	0.50652
5396.5	0.506455
5397	0.50639
5397.5	0.506325
5398	0.50626
5398.5	0.506195
5399	0.50613
5399.5	0.506065
5400	0.506
5400.5	0.505685
5401	0.50537
5401.5	0.505055
5402	0.50474
5402.5	0.504425
5403	0.50411
5403.5	0.503795
5404	0.50348
5404.5	0.503165
5405	0.50285
5405.5	0.502535
5406	0.50222
5406.5	0.501905
5407	0.50159
5407.5	0.501275
5408	0.50096
5408.5	0.500645
5409	0.50033
5409.5	0.500015
5410	0.4997
5410.5	0.498875
5411	0.49805
5411.5	0.497225
5412	0.4964
5412.5	0.495575
5413	0.49475
5413.5	0.493925
5414	0.4931
5414.5	0.492275
5415	0.49145
5415.5	0.490625
5416	0.4898
5416.5	0.488975
5417	0.48815
5417.5	0.487325
5418	0.4865
5418.5	0.485675
5419	0.48485
5419.5	0.484025
5420	0.4832
5420.5	0.481585
5421	0.47997
5421.5	0.478355
5422	0.47674
5422.5	0.475125
5423	0.47351
5423.5	0.471895
5424	0.47028
5424.5	0.468665
5425	0.46705
5425.5	0.465435
5426	0.46382
5426.5	0.462205
5427	0.46059
5427.5	0.458975
5428	0.45736
5428.5	0.455745
5429	0.45413
5429.5	0.452515
5430	0.4509
5430.5	0.448245
5431	0.44559
5431.5	0.442935
5432	0.44028
5432.5	0.437625
5433	0.43497
5433.5	0.432315
5434	0.42966
5434.5	0.427005
5435	0.42435
5435.5	0.421695
5436	0.41904
5436.5	0.416385
5437	0.41373
5437.5	0.411075
5438	0.40842
5438.5	0.405765
5439	0.40311
5439.5	0.400455
5440	0.3978
5440.5	0.3943
5441	0.3908
5441.5	0.3873
5442	0.3838
5442.5	0.3803
5443	0.3768
5443.5	0.3733
5444	0.3698
5444.5	0.3663
5445	0.3628
5445.5	0.3593
5446	0.3558
5446.5	0.3523
5447	0.3488
5447.5	0.3453
5448	0.3418
5448.5	0.3383
5449	0.3348
5449.5	0.3313
5450	0.3278
5450.5	0.323915
5451	0.32003
5451.5	0.316145
5452	0.31226
5452.5	0.308375
5453	0.30449
5453.5	0.300605
5454	0.29672
5454.5	0.292835
5455	0.28895
5455.5	0.285065
5456	0.28118
5456.5	0.277295
5457	0.27341
5457.5	0.269525
5458	0.26564
5458.5	0.261755
5459	0.25787
5459.5	0.253985
5460	0.2501
5460.5	0.24647
5461	0.24284
5461.5	0.23921
5462	0.23558
5462.5	0.23195
5463	0.22832
5463.5	0.22469
5464	0.22106
5464.5	0.21743
5465	0.2138
5465.5	0.21017
5466	0.20654
5466.5	0.20291
5467	0.19928
5467.5	0.19565
5468	0.19202
5468.5	0.18839
5469	0.18476
5469.5	0.18113
5470	0.1775
5470.5	0.1746
5471	0.1717
5471.5	0.1688
5472	0.1659
5472.5	0.163
5473	0.1601
5473.5	0.1572
5474	0.1543
5474.5	0.1514
5475	0.1485
5475.5	0.1456
5476	0.1427
5476.5	0.1398
5477	0.1369
5477.5	0.134
5478	0.1311
5478.5	0.1282
5479	0.1253
5479.5	0.1224
5480	0.1195
5480.5	0.117385
5481	0.11527
5481.5	0.113155
5482	0.11104
5482.5	0.108925
5483	0.10681
5483.5	0.104695
5484	0.10258
5484.5	0.100465
5485	0.09835
5485.5	0.096235
5486	0.09412
5486.5	0.092005
5487	0.08989
5487.5	0.087775
5488	0.08566
5488.5	0.083545
5489	0.08143
5489.5	0.079315
5490	0.0772
5490.5	0.07574
5491	0.07428
5491.5	0.07282
5492	0.07136
5492.5	0.0699
5493	0.06844
5493.5	0.06698
5494	0.06552
5494.5	0.06406
5495	0.0626
5495.5	0.06114
5496	0.05968
5496.5	0.05822
5497	0.05676
5497.5	0.0553
5498	0.05384
5498.5	0.05238
5499	0.05092
5499.5	0.04946
5500	0.048
5500.5	0.047035
5501	0.04607
5501.5	0.045105
5502	0.04414
5502.5	0.043175
5503	0.04221
5503.5	0.041245
5504	0.04028
5504.5	0.039315
5505	0.03835
5505.5	0.037385
5506	0.03642
5506.5	0.035455
5507	0.03449
5507.5	0.033525
5508	0.03256
5508.5	0.031595
5509	0.03063
5509.5	0.029665
5510	0.0287
5510.5	0.028075
5511	0.02745
5511.5	0.026825
5512	0.0262
5512.5	0.025575
5513	0.02495
5513.5	0.024325
5514	0.0237
5514.5	0.023075
5515	0.02245
5515.5	0.021825
5516	0.0212
5516.5	0.020575
5517	0.01995
5517.5	0.019325
5518	0.0187
5518.5	0.018075
5519	0.01745
5519.5	0.016825
5520	0.0162
5520.5	0.015835
5521	0.01547
5521.5	0.015105
5522	0.01474
5522.5	0.014375
5523	0.01401
5523.5	0.013645
5524	0.01328
5524.5	0.012915
5525	0.01255
5525.5	0.012185
5526	0.01182
5526.5	0.011455
5527	0.01109
5527.5	0.010725
5528	0.01036
5528.5	0.009995
5529	0.00963
5529.5	0.009265
5530	0.0089
5530.5	0.0087
5531	0.0085
5531.5	0.0083
5532	0.0081
5532.5	0.0079
5533	0.0077
5533.5	0.0075
5534	0.0073
5534.5	0.0071
5535	0.0069
5535.5	0.0067
5536	0.0065
5536.5	0.0063
5537	0.0061
5537.5	0.0059
5538	0.0057
5538.5	0.0055
5539	0.0053
5539.5	0.0051
5540	0.0049
5540.5	0.004795
5541	0.00469
5541.5	0.004585
5542	0.00448
5542.5	0.004375
5543	0.00427
5543.5	0.004165
5544	0.00406
5544.5	0.003955
5545	0.00385
5545.5	0.003745
5546	0.00364
5546.5	0.003535
5547	0.00343
5547.5	0.003325
5548	0.00322
5548.5	0.003115
5549	0.00301
5549.5	0.002905
5550	0.0028
5550.5	0.002745
5551	0.00269
5551.5	0.002635
5552	0.00258
5552.5	0.002525
5553	0.00247
5553.5	0.002415
5554	0.00236
5554.5	0.002305
5555	0.00225
5555.5	0.002195
5556	0.00214
5556.5	0.002085
5557	0.00203
5557.5	0.001975
5558	0.00192
5558.5	0.001865
5559	0.00181
5559.5	0.001755
5560	0.0017
5560.5	0.001675
5561	0.00165
5561.5	0.001625
5562	0.0016
5562.5	0.001575
5563	0.00155
5563.5	0.001525
5564	0.0015
5564.5	0.001475
5565	0.00145
5565.5	0.001425
5566	0.0014
5566.5	0.001375
5567	0.00135
5567.5	0.001325
5568	0.0013
5568.5	0.001275
5569	0.00125
5569.5	0.001225
5570	0.0012
5570.5	0.00118
5571	0.00116
5571.5	0.00114
5572	0.00112
5572.5	0.0011
5573	0.00108
5573.5	0.00106
5574	0.00104
5574.5	0.00102
5575	0.001
5575.5	0.00098
5576	0.00096
5576.5	0.00094
5577	0.00092
5577.5	0.0009
5578	0.00088
5578.5	0.00086
5579	0.00084
5579.5	0.00082
5580	0.0008
5580.5	0.000795
5581	0.00079
5581.5	0.000785
5582	0.00078
5582.5	0.000775
5583	0.00077
5583.5	0.000765
5584	0.00076
5584.5	0.000755
5585	0.00075
5585.5	0.000745
5586	0.00074
5586.5	0.000735
5587	0.00073
5587.5	0.000725
5588	0.00072
5588.5	0.000715
5589	0.00071
5589.5	0.000705
5590	0.0007
5590.5	0.00069
5591	0.00068
5591.5	0.00067
5592	0.00066
5592.5	0.00065
5593	0.00064
5593.5	0.00063
5594	0.00062
5594.5	0.00061
5595	0.0006
5595.5	0.00059
5596	0.00058
5596.5	0.00057
5597	0.00056
5597.5	0.00055
5598	0.00054
5598.5	0.00053
5599	0.00052
5599.5	0.00051
5600	0.0005
5600.5	0.000495
5601	0.00049
5601.5	0.000485
5602	0.00048
5602.5	0.000475
5603	0.00047
5603.5	0.000465
5604	0.00046
5604.5	0.000455
5605	0.00045
5605.5	0.000445
5606	0.00044
5606.5	0.000435
5607	0.00043
5607.5	0.000425
5608	0.00042
5608.5	0.000415
5609	0.00041
5609.5	0.000405
5610	0.0004
5610.5	0.000395
5611	0.00039
5611.5	0.000385
5612	0.00038
5612.5	0.000375
5613	0.00037
5613.5	0.000365
5614	0.00036
5614.5	0.000355
5615	0.00035
5615.5	0.000345
5616	0.00034
5616.5	0.000335
5617	0.00033
5617.5	0.000325
5618	0.00032
5618.5	0.000315
5619	0.00031
5619.5	0.000305
5620	0.0003
5620.5	0.0003
5621	0.0003
5621.5	0.0003
5622	0.0003
5622.5	0.0003
5623	0.0003
5623.5	0.0003
5624	0.0003
5624.5	0.0003
5625	0.0003
5625.5	0.0003
5626	0.0003
5626.5	0.0003
5627	0.0003
5627.5	0.0003
5628	0.0003
5628.5	0.0003
5629	0.0003
5629.5	0.0003
5630	0.0003
5630.5	0.000295
5631	0.00029
5631.5	0.000285
5632	0.00028
5632.5	0.000275
5633	0.00027
5633.5	0.000265
5634	0.00026
5634.5	0.000255
5635	0.00025
5635.5	0.000245
5636	0.00024
5636.5	0.000235
5637	0.00023
5637.5	0.000225
5638	0.00022
5638.5	0.000215
5639	0.00021
5639.5	0.000205
5640	0.0002
5640.5	0.0002
5641	0.0002
5641.5	0.0002
5642	0.0002
5642.5	0.0002
5643	0.0002
5643.5	0.0002
5644	0.0002
5644.5	0.0002
5645	0.0002
5645.5	0.0002
5646	0.0002
5646.5	0.0002
5647	0.0002
5647.5	0.0002
5648	0.0002
5648.5	0.0002
5649	0.0002
5649.5	0.0002
5650	0.0002
5650.5	0.0002
5651	0.0002
5651.5	0.0002
5652	0.0002
5652.5	0.0002
5653	0.0002
5653.5	0.0002
5654	0.0002
5654.5	0.0002
5655	0.0002
5655.5	0.0002
5656	0.0002
5656.5	0.0002
5657	0.0002
5657.5	0.0002
5658	0.0002
5658.5	0.0002
5659	0.0002
5659.5	0.0002
5660	0.0002
5660.5	0.0002
5661	0.0002
5661.5	0.0002
5662	0.0002
5662.5	0.0002
5663	0.0002
5663.5	0.0002
5664	0.0002
5664.5	0.0002
5665	0.0002
5665.5	0.0002
5666	0.0002
5666.5	0.0002
5667	0.0002
5667.5	0.0002
5668	0.0002
5668.5	0.0002
5669	0.0002
5669.5	0.0002
5670	0.0002
5670.5	0.0002
5671	0.0002
5671.5	0.0002
5672	0.0002
5672.5	0.0002
5673	0.0002
5673.5	0.0002
5674	0.0002
5674.5	0.0002
5675	0.0002
5675.5	0.0002
5676	0.0002
5676.5	0.0002
5677	0.0002
5677.5	0.0002
5678	0.0002
5678.5	0.0002
5679	0.0002
5679.5	0.0002
5680	0.0002
5680.5	0.0002
5681	0.0002
5681.5	0.0002
5682	0.0002
5682.5	0.0002
5683	0.0002
5683.5	0.0002
5684	0.0002
5684.5	0.0002
5685	0.0002
5685.5	0.0002
5686	0.0002
5686.5	0.0002
5687	0.0002
5687.5	0.0002
5688	0.0002
5688.5	0.0002
5689	0.0002
5689.5	0.0002
5690	0.0002
5690.5	0.0002
5691	0.0002
5691.5	0.0002
5692	0.0002
5692.5	0.0002
5693	0.0002
5693.5	0.0002
5694	0.0002
5694.5	0.0002
5695	0.0002
5695.5	0.0002
5696	0.0002
5696.5	0.0002
5697	0.0002
5697.5	0.0002
5698	0.0002
5698.5	0.0002
5699	0.0002
5699.5	0.0002
5700	0.0002
5700.5	0.0002
5701	0.0002
5701.5	0.0002
5702	0.0002
5702.5	0.0002
5703	0.0002
5703.5	0.0002
5704	0.0002
5704.5	0.0002
5705	0.0002
5705.5	0.0002
5706	0.0002
5706.5	0.0002
5707	0.0002
5707.5	0.0002
5708	0.0002
5708.5	0.0002
5709	0.0002
5709.5	0.0002
5710	0.0002
5710.5	0.000195
5711	0.00019
5711.5	0.000185
5712	0.00018
5712.5	0.000175
5713	0.00017
5713.5	0.000165
5714	0.00016
5714.5	0.000155
5715	0.00015
5715.5	0.000145
5716	0.00014
5716.5	0.000135
5717	0.00013
5717.5	0.000125
5718	0.00012
5718.5	0.000115
5719	0.00011
5719.5	0.000105
5720	0.0001
5720.5	0.0001
5721	0.0001
5721.5	0.0001
5722	0.0001
5722.5	0.0001
5723	0.0001
5723.5	0.0001
5724	0.0001
5724.5	0.0001
5725	0.0001
5725.5	0.0001
5726	0.0001
5726.5	0.0001
5727	0.0001
5727.5	0.0001
5728	0.0001
5728.5	0.0001
5729	0.0001
5729.5	0.0001
5730	0.0001
5730.5	0.0001
5731	0.0001
5731.5	0.0001
5732	0.0001
5732.5	0.0001
5733	0.0001
5733.5	0.0001
5734	0.0001
5734.5	0.0001
5735	0.0001
5735.5	0.0001
5736	0.0001
5736.5	0.0001
5737	0.0001
5737.5	0.0001
5738	0.0001
5738.5	0.0001
5739	0.0001
5739.5	0.0001
5740	0.0001
5740.5	0.0001
5741	0.0001
5741.5	0.0001
5742	0.0001
5742.5	0.0001
5743	0.0001
5743.5	0.0001
5744	0.0001
5744.5	0.0001
5745	0.0001
5745.5	0.0001
5746	0.0001
5746.5	0.0001
5747	0.0001
5747.5	0.0001
5748	0.0001
5748.5	0.0001
5749	0.0001
5749.5	0.0001
5750	0.0001
5750.5	0.0001
5751	0.0001
5751.5	0.0001
5752	0.0001
5752.5	0.0001
5753	0.0001
5753.5	0.0001
5754	0.0001
5754.5	0.0001
5755	0.0001
5755.5	0.0001
5756	0.0001
5756.5	0.0001
5757	0.0001
5757.5	0.0001
5758	0.0001
5758.5	0.0001
5759	0.0001
5759.5	0.0001
5760	0.0001
5760.5	0.0001
5761	0.0001
5761.5	0.0001
5762	0.0001
5762.5	0.0001
5763	0.0001
5763.5	0.0001
5764	0.0001
5764.5	0.0001
5765	0.0001
5765.5	0.0001
5766	0.0001
5766.5	0.0001
5767	0.0001
5767.5	0.0001
5768	0.0001
5768.5	0.0001
5769	0.0001
5769.5	0.0001
5770	0.0001
5770.5	0.0001
5771	0.0001
5771.5	0.0001
5772	0.0001
5772.5	0.0001
5773	0.0001
5773.5	0.0001
5774	0.0001
5774.5	0.0001
5775	0.0001
5775.5	0.0001
5776	0.0001
5776.5	0.0001
5777	0.0001
5777.5	0.0001
5778	0.0001
5778.5	0.0001
5779	0.0001
5779.5	0.0001
5780	0.0001
5780.5	0.000105
5781	0.00011
5781.5	0.000115
5782	0.00012
5782.5	0.000125
5783	0.00013
5783.5	0.000135
5784	0.00014
5784.5	0.000145
5785	0.00015
5785.5	0.000155
5786	0.00016
5786.5	0.000165
5787	0.00017
5787.5	0.000175
5788	0.00018
5788.5	0.000185
5789	0.00019
5789.5	0.000195
5790	0.0002
5790.5	0.0002
5791	0.0002
5791.5	0.0002
5792	0.0002
5792.5	0.0002
5793	0.0002
5793.5	0.0002
5794	0.0002
5794.5	0.0002
5795	0.0002
5795.5	0.0002
5796	0.0002
5796.5	0.0002
5797	0.0002
5797.5	0.0002
5798	0.0002
5798.5	0.0002
5799	0.0002
5799.5	0.0002
5800	0.0002
5800.5	0.000195
5801	0.00019
5801.5	0.000185
5802	0.00018
5802.5	0.000175
5803	0.00017
5803.5	0.000165
5804	0.00016
5804.5	0.000155
5805	0.00015
5805.5	0.000145
5806	0.00014
5806.5	0.000135
5807	0.00013
5807.5	0.000125
5808	0.00012
5808.5	0.000115
5809	0.00011
5809.5	0.000105
5810	0.0001
5810.5	0.0001
5811	0.0001
5811.5	0.0001
5812	0.0001
5812.5	0.0001
5813	0.0001
5813.5	0.0001
5814	0.0001
5814.5	0.0001
5815	0.0001
5815.5	0.0001
5816	0.0001
5816.5	0.0001
5817	0.0001
5817.5	0.0001
5818	0.0001
5818.5	0.0001
5819	0.0001
5819.5	0.0001
5820	0.0001
5820.5	0.0001
5821	0.0001
5821.5	0.0001
5822	0.0001
5822.5	0.0001
5823	0.0001
5823.5	0.0001
5824	0.0001
5824.5	0.0001
5825	0.0001
5825.5	0.0001
5826	0.0001
5826.5	0.0001
5827	0.0001
5827.5	0.0001
5828	0.0001
5828.5	0.0001
5829	0.0001
5829.5	0.0001
5830	0.0001
5830.5	0.000105
5831	0.00011
5831.5	0.000115
5832	0.00012
5832.5	0.000125
5833	0.00013
5833.5	0.000135
5834	0.00014
5834.5	0.000145
5835	0.00015
5835.5	0.000155
5836	0.00016
5836.5	0.000165
5837	0.00017
5837.5	0.000175
5838	0.00018
5838.5	0.000185
5839	0.00019
5839.5	0.000195
5840	0.0002
5840.5	0.0002
5841	0.0002
5841.5	0.0002
5842	0.0002
5842.5	0.0002
5843	0.0002
5843.5	0.0002
5844	0.0002
5844.5	0.0002
5845	0.0002
5845.5	0.0002
5846	0.0002
5846.5	0.0002
5847	0.0002
5847.5	0.0002
5848	0.0002
5848.5	0.0002
5849	0.0002
5849.5	0.0002
5850	0.0002
5850.5	0.000195
5851	0.00019
5851.5	0.000185
5852	0.00018
5852.5	0.000175
5853	0.00017
5853.5	0.000165
5854	0.00016
5854.5	0.000155
5855	0.00015
5855.5	0.000145
5856	0.00014
5856.5	0.000135
5857	0.00013
5857.5	0.000125
5858	0.00012
5858.5	0.000115
5859	0.00011
5859.5	0.000105
5860	0.0001
5860.5	0.0001
5861	0.0001
5861.5	0.0001
5862	0.0001
5862.5	0.0001
5863	0.0001
5863.5	0.0001
5864	0.0001
5864.5	0.0001
5865	0.0001
5865.5	0.0001
5866	0.0001
5866.5	0.0001
5867	0.0001
5867.5	0.0001
5868	0.0001
5868.5	0.0001
5869	0.0001
5869.5	0.0001
5870	0.0001
5870.5	0.0001
5871	0.0001
5871.5	0.0001
5872	0.0001
5872.5	0.0001
5873	0.0001
5873.5	0.0001
5874	0.0001
5874.5	0.0001
5875	0.0001
5875.5	0.0001
5876	0.0001
5876.5	0.0001
5877	0.0001
5877.5	0.0001
5878	0.0001
5878.5	0.0001
5879	0.0001
5879.5	0.0001
5880	0.0001
5880.5	0.0001
5881	0.0001
5881.5	0.0001
5882	0.0001
5882.5	0.0001
5883	0.0001
5883.5	0.0001
5884	0.0001
5884.5	0.0001
5885	0.0001
5885.5	0.0001
5886	0.0001
5886.5	0.0001
5887	0.0001
5887.5	0.0001
5888	0.0001
5888.5	0.0001
5889	0.0001
5889.5	0.0001
5890	0.0001
5890.5	0.0001
5891	0.0001
5891.5	0.0001
5892	0.0001
5892.5	0.0001
5893	0.0001
5893.5	0.0001
5894	0.0001
5894.5	0.0001
5895	0.0001
5895.5	0.0001
5896	0.0001
5896.5	0.0001
5897	0.0001
5897.5	0.0001
5898	0.0001
5898.5	0.0001
5899	0.0001
5899.5	0.0001
5900	0.0001
5900.5	0.0001
5901	0.0001
5901.5	0.0001
5902	0.0001
5902.5	0.0001
5903	0.0001
5903.5	0.0001
5904	0.0001
5904.5	0.0001
5905	0.0001
5905.5	0.0001
5906	0.0001
5906.5	0.0001
5907	0.0001
5907.5	0.0001
5908	0.0001
5908.5	0.0001
5909	0.0001
5909.5	0.0001
5910	0.0001
5910.5	0.000105
5911	0.00011
5911.5	0.000115
5912	0.00012
5912.5	0.000125
5913	0.00013
5913.5	0.000135
5914	0.00014
5914.5	0.000145
5915	0.00015
5915.5	0.000155
5916	0.00016
5916.5	0.000165
5917	0.00017
5917.5	0.000175
5918	0.00018
5918.5	0.000185
5919	0.00019
5919.5	0.000195
5920	0.0002
5920.5	0.000195
5921	0.00019
5921.5	0.000185
5922	0.00018
5922.5	0.000175
5923	0.00017
5923.5	0.000165
5924	0.00016
5924.5	0.000155
5925	0.00015
5925.5	0.000145
5926	0.00014
5926.5	0.000135
5927	0.00013
5927.5	0.000125
5928	0.00012
5928.5	0.000115
5929	0.00011
5929.5	0.000105
5930	0.0001
5930.5	0.0001
5931	0.0001
5931.5	0.0001
5932	0.0001
5932.5	0.0001
5933	0.0001
5933.5	0.0001
5934	0.0001
5934.5	0.0001
5935	0.0001
5935.5	0.0001
5936	0.0001
5936.5	0.0001
5937	0.0001
5937.5	0.0001
5938	0.0001
5938.5	0.0001
5939	0.0001
5939.5	0.0001
5940	0.0001
5940.5	0.000105
5941	0.00011
5941.5	0.000115
5942	0.00012
5942.5	0.000125
5943	0.00013
5943.5	0.000135
5944	0.00014
5944.5	0.000145
5945	0.00015
5945.5	0.000155
5946	0.00016
5946.5	0.000165
5947	0.00017
5947.5	0.000175
5948	0.00018
5948.5	0.000185
5949	0.00019
5949.5	0.000195
5950	0.0002
5950.5	0.0002
5951	0.0002
5951.5	0.0002
5952	0.0002
5952.5	0.0002
5953	0.0002
5953.5	0.0002
5954	0.0002
5954.5	0.0002
5955	0.0002
5955.5	0.0002
5956	0.0002
5956.5	0.0002
5957	0.0002
5957.5	0.0002
5958	0.0002
5958.5	0.0002
5959	0.0002
5959.5	0.0002
5960	0.0002
5960.5	0.0002
5961	0.0002
5961.5	0.0002
5962	0.0002
5962.5	0.0002
5963	0.0002
5963.5	0.0002
5964	0.0002
5964.5	0.0002
5965	0.0002
5965.5	0.0002
5966	0.0002
5966.5	0.0002
5967	0.0002
5967.5	0.0002
5968	0.0002
5968.5	0.0002
5969	0.0002
5969.5	0.0002
5970	0.0002
5970.5	0.000195
5971	0.00019
5971.5	0.000185
5972	0.00018
5972.5	0.000175
5973	0.00017
5973.5	0.000165
5974	0.00016
5974.5	0.000155
5975	0.00015
5975.5	0.000145
5976	0.00014
5976.5	0.000135
5977	0.00013
5977.5	0.000125
5978	0.00012
5978.5	0.000115
5979	0.00011
5979.5	0.000105
5980	0.0001
5980.5	0.000105
5981	0.00011
5981.5	0.000115
5982	0.00012
5982.5	0.000125
5983	0.00013
5983.5	0.000135
5984	0.00014
5984.5	0.000145
5985	0.00015
5985.5	0.000155
5986	0.00016
5986.5	0.000165
5987	0.00017
5987.5	0.000175
5988	0.00018
5988.5	0.000185
5989	0.00019
5989.5	0.000195
5990	0.0002
5990.5	0.0002
5991	0.0002
5991.5	0.0002
5992	0.0002
5992.5	0.0002
5993	0.0002
5993.5	0.0002
5994	0.0002
5994.5	0.0002
5995	0.0002
5995.5	0.0002
5996	0.0002
5996.5	0.0002
5997	0.0002
5997.5	0.0002
5998	0.0002
5998.5	0.0002
5999	0.0002
5999.5	0.0002
