6400	0.0001
6400.5	9.5e-05
6401	9e-05
6401.5	8.5e-05
6402	8e-05
6402.5	7.5e-05
6403	7e-05
6403.5	6.5e-05
6404	6e-05
6404.5	5.5e-05
6405	5e-05
6405.5	4.5e-05
6406	4e-05
6406.5	3.5e-05
6407	3e-05
6407.5	2.5e-05
6408	2e-05
6408.5	1.5e-05
6409	1e-05
6409.5	5e-06
6410	0
6410.5	0
6411	0
6411.5	0
6412	0
6412.5	0
6413	0
6413.5	0
6414	0
6414.5	0
6415	0
6415.5	0
6416	0
6416.5	0
6417	0
6417.5	0
6418	0
6418.5	0
6419	0
6419.5	0
6420	0
6420.5	5e-06
6421	1e-05
6421.5	1.5e-05
6422	2e-05
6422.5	2.5e-05
6423	3e-05
6423.5	3.5e-05
6424	4e-05
6424.5	4.5e-05
6425	5e-05
6425.5	5.5e-05
6426	6e-05
6426.5	6.5e-05
6427	7e-05
6427.5	7.5e-05
6428	8e-05
6428.5	8.5e-05
6429	9e-05
6429.5	9.5e-05
6430	0.0001
6430.5	0.0001
6431	0.0001
6431.5	0.0001
6432	0.0001
6432.5	0.0001
6433	0.0001
6433.5	0.0001
6434	0.0001
6434.5	0.0001
6435	0.0001
6435.5	0.0001
6436	0.0001
6436.5	0.0001
6437	0.0001
6437.5	0.0001
6438	0.0001
6438.5	0.0001
6439	0.0001
6439.5	0.0001
6440	0.0001
6440.5	0.000105
6441	0.00011
6441.5	0.000115
6442	0.00012
6442.5	0.000125
6443	0.00013
6443.5	0.000135
6444	0.00014
6444.5	0.000145
6445	0.00015
6445.5	0.000155
6446	0.00016
6446.5	0.000165
6447	0.00017
6447.5	0.000175
6448	0.00018
6448.5	0.000185
6449	0.00019
6449.5	0.000195
6450	0.0002
6450.5	0.0002
6451	0.0002
6451.5	0.0002
6452	0.0002
6452.5	0.0002
6453	0.0002
6453.5	0.0002
6454	0.0002
6454.5	0.0002
6455	0.0002
6455.5	0.0002
6456	0.0002
6456.5	0.0002
6457	0.0002
6457.5	0.0002
6458	0.0002
6458.5	0.0002
6459	0.0002
6459.5	0.0002
6460	0.0002
6460.5	0.000195
6461	0.00019
6461.5	0.000185
6462	0.00018
6462.5	0.000175
6463	0.00017
6463.5	0.000165
6464	0.00016
6464.5	0.000155
6465	0.00015
6465.5	0.000145
6466	0.00014
6466.5	0.000135
6467	0.00013
6467.5	0.000125
6468	0.00012
6468.5	0.000115
6469	0.00011
6469.5	0.000105
6470	0.0001
6470.5	0.0001
6471	0.0001
6471.5	0.0001
6472	0.0001
6472.5	0.0001
6473	0.0001
6473.5	0.0001
6474	0.0001
6474.5	0.0001
6475	0.0001
6475.5	0.0001
6476	0.0001
6476.5	0.0001
6477	0.0001
6477.5	0.0001
6478	0.0001
6478.5	0.0001
6479	0.0001
6479.5	0.0001
6480	0.0001
6480.5	9.5e-05
6481	9e-05
6481.5	8.5e-05
6482	8e-05
6482.5	7.5e-05
6483	7e-05
6483.5	6.5e-05
6484	6e-05
6484.5	5.5e-05
6485	5e-05
6485.5	4.5e-05
6486	4e-05
6486.5	3.5e-05
6487	3e-05
6487.5	2.5e-05
6488	2e-05
6488.5	1.5e-05
6489	1e-05
6489.5	5e-06
6490	0
6490.5	0
6491	0
6491.5	0
6492	0
6492.5	0
6493	0
6493.5	0
6494	0
6494.5	0
6495	0
6495.5	0
6496	0
6496.5	0
6497	0
6497.5	0
6498	0
6498.5	0
6499	0
6499.5	0
6500	0
6500.5	5e-06
6501	1e-05
6501.5	1.5e-05
6502	2e-05
6502.5	2.5e-05
6503	3e-05
6503.5	3.5e-05
6504	4e-05
6504.5	4.5e-05
6505	5e-05
6505.5	5.5e-05
6506	6e-05
6506.5	6.5e-05
6507	7e-05
6507.5	7.5e-05
6508	8e-05
6508.5	8.5e-05
6509	9e-05
6509.5	9.5e-05
6510	0.0001
6510.5	0.000105
6511	0.00011
6511.5	0.000115
6512	0.00012
6512.5	0.000125
6513	0.00013
6513.5	0.000135
6514	0.00014
6514.5	0.000145
6515	0.00015
6515.5	0.000155
6516	0.00016
6516.5	0.000165
6517	0.00017
6517.5	0.000175
6518	0.00018
6518.5	0.000185
6519	0.00019
6519.5	0.000195
6520	0.0002
6520.5	0.0002
6521	0.0002
6521.5	0.0002
6522	0.0002
6522.5	0.0002
6523	0.0002
6523.5	0.0002
6524	0.0002
6524.5	0.0002
6525	0.0002
6525.5	0.0002
6526	0.0002
6526.5	0.0002
6527	0.0002
6527.5	0.0002
6528	0.0002
6528.5	0.0002
6529	0.0002
6529.5	0.0002
6530	0.0002
6530.5	0.000205
6531	0.00021
6531.5	0.000215
6532	0.00022
6532.5	0.000225
6533	0.00023
6533.5	0.000235
6534	0.00024
6534.5	0.000245
6535	0.00025
6535.5	0.000255
6536	0.00026
6536.5	0.000265
6537	0.00027
6537.5	0.000275
6538	0.00028
6538.5	0.000285
6539	0.00029
6539.5	0.000295
6540	0.0003
6540.5	0.0003
6541	0.0003
6541.5	0.0003
6542	0.0003
6542.5	0.0003
6543	0.0003
6543.5	0.0003
6544	0.0003
6544.5	0.0003
6545	0.0003
6545.5	0.0003
6546	0.0003
6546.5	0.0003
6547	0.0003
6547.5	0.0003
6548	0.0003
6548.5	0.0003
6549	0.0003
6549.5	0.0003
6550	0.0003
6550.5	0.0003
6551	0.0003
6551.5	0.0003
6552	0.0003
6552.5	0.0003
6553	0.0003
6553.5	0.0003
6554	0.0003
6554.5	0.0003
6555	0.0003
6555.5	0.0003
6556	0.0003
6556.5	0.0003
6557	0.0003
6557.5	0.0003
6558	0.0003
6558.5	0.0003
6559	0.0003
6559.5	0.0003
6560	0.0003
6560.5	0.0003
6561	0.0003
6561.5	0.0003
6562	0.0003
6562.5	0.0003
6563	0.0003
6563.5	0.0003
6564	0.0003
6564.5	0.0003
6565	0.0003
6565.5	0.0003
6566	0.0003
6566.5	0.0003
6567	0.0003
6567.5	0.0003
6568	0.0003
6568.5	0.0003
6569	0.0003
6569.5	0.0003
6570	0.0003
6570.5	0.000295
6571	0.00029
6571.5	0.000285
6572	0.00028
6572.5	0.000275
6573	0.00027
6573.5	0.000265
6574	0.00026
6574.5	0.000255
6575	0.00025
6575.5	0.000245
6576	0.00024
6576.5	0.000235
6577	0.00023
6577.5	0.000225
6578	0.00022
6578.5	0.000215
6579	0.00021
6579.5	0.000205
6580	0.0002
6580.5	0.0002
6581	0.0002
6581.5	0.0002
6582	0.0002
6582.5	0.0002
6583	0.0002
6583.5	0.0002
6584	0.0002
6584.5	0.0002
6585	0.0002
6585.5	0.0002
6586	0.0002
6586.5	0.0002
6587	0.0002
6587.5	0.0002
6588	0.0002
6588.5	0.0002
6589	0.0002
6589.5	0.0002
6590	0.0002
6590.5	0.0002
6591	0.0002
6591.5	0.0002
6592	0.0002
6592.5	0.0002
6593	0.0002
6593.5	0.0002
6594	0.0002
6594.5	0.0002
6595	0.0002
6595.5	0.0002
6596	0.0002
6596.5	0.0002
6597	0.0002
6597.5	0.0002
6598	0.0002
6598.5	0.0002
6599	0.0002
6599.5	0.0002
6600	0.0002
6600.5	0.0002
6601	0.0002
6601.5	0.0002
6602	0.0002
6602.5	0.0002
6603	0.0002
6603.5	0.0002
6604	0.0002
6604.5	0.0002
6605	0.0002
6605.5	0.0002
6606	0.0002
6606.5	0.0002
6607	0.0002
6607.5	0.0002
6608	0.0002
6608.5	0.0002
6609	0.0002
6609.5	0.0002
6610	0.0002
6610.5	0.000205
6611	0.00021
6611.5	0.000215
6612	0.00022
6612.5	0.000225
6613	0.00023
6613.5	0.000235
6614	0.00024
6614.5	0.000245
6615	0.00025
6615.5	0.000255
6616	0.00026
6616.5	0.000265
6617	0.00027
6617.5	0.000275
6618	0.00028
6618.5	0.000285
6619	0.00029
6619.5	0.000295
6620	0.0003
6620.5	0.00031
6621	0.00032
6621.5	0.00033
6622	0.00034
6622.5	0.00035
6623	0.00036
6623.5	0.00037
6624	0.00038
6624.5	0.00039
6625	0.0004
6625.5	0.00041
6626	0.00042
6626.5	0.00043
6627	0.00044
6627.5	0.00045
6628	0.00046
6628.5	0.00047
6629	0.00048
6629.5	0.00049
6630	0.0005
6630.5	0.000505
6631	0.00051
6631.5	0.000515
6632	0.00052
6632.5	0.000525
6633	0.00053
6633.5	0.000535
6634	0.00054
6634.5	0.000545
6635	0.00055
6635.5	0.000555
6636	0.00056
6636.5	0.000565
6637	0.00057
6637.5	0.000575
6638	0.00058
6638.5	0.000585
6639	0.00059
6639.5	0.000595
6640	0.0006
6640.5	0.000605
6641	0.00061
6641.5	0.000615
6642	0.00062
6642.5	0.000625
6643	0.00063
6643.5	0.000635
6644	0.00064
6644.5	0.000645
6645	0.00065
6645.5	0.000655
6646	0.00066
6646.5	0.000665
6647	0.00067
6647.5	0.000675
6648	0.00068
6648.5	0.000685
6649	0.00069
6649.5	0.000695
6650	0.0007
6650.5	0.000705
6651	0.00071
6651.5	0.000715
6652	0.00072
6652.5	0.000725
6653	0.00073
6653.5	0.000735
6654	0.00074
6654.5	0.000745
6655	0.00075
6655.5	0.000755
6656	0.00076
6656.5	0.000765
6657	0.00077
6657.5	0.000775
6658	0.00078
6658.5	0.000785
6659	0.00079
6659.5	0.000795
6660	0.0008
6660.5	0.000805
6661	0.00081
6661.5	0.000815
6662	0.00082
6662.5	0.000825
6663	0.00083
6663.5	0.000835
6664	0.00084
6664.5	0.000845
6665	0.00085
6665.5	0.000855
6666	0.00086
6666.5	0.000865
6667	0.00087
6667.5	0.000875
6668	0.00088
6668.5	0.000885
6669	0.00089
6669.5	0.000895
6670	0.0009
6670.5	0.00091
6671	0.00092
6671.5	0.00093
6672	0.00094
6672.5	0.00095
6673	0.00096
6673.5	0.00097
6674	0.00098
6674.5	0.00099
6675	0.001
6675.5	0.00101
6676	0.00102
6676.5	0.00103
6677	0.00104
6677.5	0.00105
6678	0.00106
6678.5	0.00107
6679	0.00108
6679.5	0.00109
6680	0.0011
6680.5	0.00111
6681	0.00112
6681.5	0.00113
6682	0.00114
6682.5	0.00115
6683	0.00116
6683.5	0.00117
6684	0.00118
6684.5	0.00119
6685	0.0012
6685.5	0.00121
6686	0.00122
6686.5	0.00123
6687	0.00124
6687.5	0.00125
6688	0.00126
6688.5	0.00127
6689	0.00128
6689.5	0.00129
6690	0.0013
6690.5	0.00131
6691	0.00132
6691.5	0.00133
6692	0.00134
6692.5	0.00135
6693	0.00136
6693.5	0.00137
6694	0.00138
6694.5	0.00139
6695	0.0014
6695.5	0.00141
6696	0.00142
6696.5	0.00143
6697	0.00144
6697.5	0.00145
6698	0.00146
6698.5	0.00147
6699	0.00148
6699.5	0.00149
6700	0.0015
6700.5	0.001515
6701	0.00153
6701.5	0.001545
6702	0.00156
6702.5	0.001575
6703	0.00159
6703.5	0.001605
6704	0.00162
6704.5	0.001635
6705	0.00165
6705.5	0.001665
6706	0.00168
6706.5	0.001695
6707	0.00171
6707.5	0.001725
6708	0.00174
6708.5	0.001755
6709	0.00177
6709.5	0.001785
6710	0.0018
6710.5	0.001815
6711	0.00183
6711.5	0.001845
6712	0.00186
6712.5	0.001875
6713	0.00189
6713.5	0.001905
6714	0.00192
6714.5	0.001935
6715	0.00195
6715.5	0.001965
6716	0.00198
6716.5	0.001995
6717	0.00201
6717.5	0.002025
6718	0.00204
6718.5	0.002055
6719	0.00207
6719.5	0.002085
6720	0.0021
6720.5	0.002125
6721	0.00215
6721.5	0.002175
6722	0.0022
6722.5	0.002225
6723	0.00225
6723.5	0.002275
6724	0.0023
6724.5	0.002325
6725	0.00235
6725.5	0.002375
6726	0.0024
6726.5	0.002425
6727	0.00245
6727.5	0.002475
6728	0.0025
6728.5	0.002525
6729	0.00255
6729.5	0.002575
6730	0.0026
6730.5	0.00263
6731	0.00266
6731.5	0.00269
6732	0.00272
6732.5	0.00275
6733	0.00278
6733.5	0.00281
6734	0.00284
6734.5	0.00287
6735	0.0029
6735.5	0.00293
6736	0.00296
6736.5	0.00299
6737	0.00302
6737.5	0.00305
6738	0.00308
6738.5	0.00311
6739	0.00314
6739.5	0.00317
6740	0.0032
6740.5	0.00324
6741	0.00328
6741.5	0.00332
6742	0.00336
6742.5	0.0034
6743	0.00344
6743.5	0.00348
6744	0.00352
6744.5	0.00356
6745	0.0036
6745.5	0.00364
6746	0.00368
6746.5	0.00372
6747	0.00376
6747.5	0.0038
6748	0.00384
6748.5	0.00388
6749	0.00392
6749.5	0.00396
6750	0.004
6750.5	0.00405
6751	0.0041
6751.5	0.00415
6752	0.0042
6752.5	0.00425
6753	0.0043
6753.5	0.00435
6754	0.0044
6754.5	0.00445
6755	0.0045
6755.5	0.00455
6756	0.0046
6756.5	0.00465
6757	0.0047
6757.5	0.00475
6758	0.0048
6758.5	0.00485
6759	0.0049
6759.5	0.00495
6760	0.005
6760.5	0.005065
6761	0.00513
6761.5	0.005195
6762	0.00526
6762.5	0.005325
6763	0.00539
6763.5	0.005455
6764	0.00552
6764.5	0.005585
6765	0.00565
6765.5	0.005715
6766	0.00578
6766.5	0.005845
6767	0.00591
6767.5	0.005975
6768	0.00604
6768.5	0.006105
6769	0.00617
6769.5	0.006235
6770	0.0063
6770.5	0.006375
6771	0.00645
6771.5	0.006525
6772	0.0066
6772.5	0.006675
6773	0.00675
6773.5	0.006825
6774	0.0069
6774.5	0.006975
6775	0.00705
6775.5	0.007125
6776	0.0072
6776.5	0.007275
6777	0.00735
6777.5	0.007425
6778	0.0075
6778.5	0.007575
6779	0.00765
6779.5	0.007725
6780	0.0078
6780.5	0.007915
6781	0.00803
6781.5	0.008145
6782	0.00826
6782.5	0.008375
6783	0.00849
6783.5	0.008605
6784	0.00872
6784.5	0.008835
6785	0.00895
6785.5	0.009065
6786	0.00918
6786.5	0.009295
6787	0.00941
6787.5	0.009525
6788	0.00964
6788.5	0.009755
6789	0.00987
6789.5	0.009985
6790	0.0101
6790.5	0.010225
6791	0.01035
6791.5	0.010475
6792	0.0106
6792.5	0.010725
6793	0.01085
6793.5	0.010975
6794	0.0111
6794.5	0.011225
6795	0.01135
6795.5	0.011475
6796	0.0116
6796.5	0.011725
6797	0.01185
6797.5	0.011975
6798	0.0121
6798.5	0.012225
6799	0.01235
6799.5	0.012475
6800	0.0126
6800.5	0.012785
6801	0.01297
6801.5	0.013155
6802	0.01334
6802.5	0.013525
6803	0.01371
6803.5	0.013895
6804	0.01408
6804.5	0.014265
6805	0.01445
6805.5	0.014635
6806	0.01482
6806.5	0.015005
6807	0.01519
6807.5	0.015375
6808	0.01556
6808.5	0.015745
6809	0.01593
6809.5	0.016115
6810	0.0163
6810.5	0.01651
6811	0.01672
6811.5	0.01693
6812	0.01714
6812.5	0.01735
6813	0.01756
6813.5	0.01777
6814	0.01798
6814.5	0.01819
6815	0.0184
6815.5	0.01861
6816	0.01882
6816.5	0.01903
6817	0.01924
6817.5	0.01945
6818	0.01966
6818.5	0.01987
6819	0.02008
6819.5	0.02029
6820	0.0205
6820.5	0.02079
6821	0.02108
6821.5	0.02137
6822	0.02166
6822.5	0.02195
6823	0.02224
6823.5	0.02253
6824	0.02282
6824.5	0.02311
6825	0.0234
6825.5	0.02369
6826	0.02398
6826.5	0.02427
6827	0.02456
6827.5	0.02485
6828	0.02514
6828.5	0.02543
6829	0.02572
6829.5	0.02601
6830	0.0263
6830.5	0.02663
6831	0.02696
6831.5	0.02729
6832	0.02762
6832.5	0.02795
6833	0.02828
6833.5	0.02861
6834	0.02894
6834.5	0.02927
6835	0.0296
6835.5	0.02993
6836	0.03026
6836.5	0.03059
6837	0.03092
6837.5	0.03125
6838	0.03158
6838.5	0.03191
6839	0.03224
6839.5	0.03257
6840	0.0329
6840.5	0.033355
6841	0.03381
6841.5	0.034265
6842	0.03472
6842.5	0.035175
6843	0.03563
6843.5	0.036085
6844	0.03654
6844.5	0.036995
6845	0.03745
6845.5	0.037905
6846	0.03836
6846.5	0.038815
6847	0.03927
6847.5	0.039725
6848	0.04018
6848.5	0.040635
6849	0.04109
6849.5	0.041545
6850	0.042
6850.5	0.042505
6851	0.04301
6851.5	0.043515
6852	0.04402
6852.5	0.044525
6853	0.04503
6853.5	0.045535
6854	0.04604
6854.5	0.046545
6855	0.04705
6855.5	0.047555
6856	0.04806
6856.5	0.048565
6857	0.04907
6857.5	0.049575
6858	0.05008
6858.5	0.050585
6859	0.05109
6859.5	0.051595
6860	0.0521
6860.5	0.052215
6861	0.05233
6861.5	0.052445
6862	0.05256
6862.5	0.052675
6863	0.05279
6863.5	0.052905
6864	0.05302
6864.5	0.053135
6865	0.05325
6865.5	0.053365
6866	0.05348
6866.5	0.053595
6867	0.05371
6867.5	0.053825
6868	0.05394
6868.5	0.054055
6869	0.05417
6869.5	0.054285
6870	0.0544
6870.5	0.05531
6871	0.05622
6871.5	0.05713
6872	0.05804
6872.5	0.05895
6873	0.05986
6873.5	0.06077
6874	0.06168
6874.5	0.06259
6875	0.0635
6875.5	0.06441
6876	0.06532
6876.5	0.06623
6877	0.06714
6877.5	0.06805
6878	0.06896
6878.5	0.06987
6879	0.07078
6879.5	0.07169
6880	0.0726
6880.5	0.07353
6881	0.07446
6881.5	0.07539
6882	0.07632
6882.5	0.07725
6883	0.07818
6883.5	0.07911
6884	0.08004
6884.5	0.08097
6885	0.0819
6885.5	0.08283
6886	0.08376
6886.5	0.08469
6887	0.08562
6887.5	0.08655
6888	0.08748
6888.5	0.08841
6889	0.08934
6889.5	0.09027
6890	0.0912
6890.5	0.09231
6891	0.09342
6891.5	0.09453
6892	0.09564
6892.5	0.09675
6893	0.09786
6893.5	0.09897
6894	0.10008
6894.5	0.10119
6895	0.1023
6895.5	0.10341
6896	0.10452
6896.5	0.10563
6897	0.10674
6897.5	0.10785
6898	0.10896
6898.5	0.11007
6899	0.11118
6899.5	0.11229
6900	0.1134
6900.5	0.11488
6901	0.11636
6901.5	0.11784
6902	0.11932
6902.5	0.1208
6903	0.12228
6903.5	0.12376
6904	0.12524
6904.5	0.12672
6905	0.1282
6905.5	0.12968
6906	0.13116
6906.5	0.13264
6907	0.13412
6907.5	0.1356
6908	0.13708
6908.5	0.13856
6909	0.14004
6909.5	0.14152
6910	0.143
6910.5	0.14457
6911	0.14614
6911.5	0.14771
6912	0.14928
6912.5	0.15085
6913	0.15242
6913.5	0.15399
6914	0.15556
6914.5	0.15713
6915	0.1587
6915.5	0.16027
6916	0.16184
6916.5	0.16341
6917	0.16498
6917.5	0.16655
6918	0.16812
6918.5	0.16969
6919	0.17126
6919.5	0.17283
6920	0.1744
6920.5	0.17613
6921	0.17786
6921.5	0.17959
6922	0.18132
6922.5	0.18305
6923	0.18478
6923.5	0.18651
6924	0.18824
6924.5	0.18997
6925	0.1917
6925.5	0.19343
6926	0.19516
6926.5	0.19689
6927	0.19862
6927.5	0.20035
6928	0.20208
6928.5	0.20381
6929	0.20554
6929.5	0.20727
6930	0.209
6930.5	0.210735
6931	0.21247
6931.5	0.214205
6932	0.21594
6932.5	0.217675
6933	0.21941
6933.5	0.221145
6934	0.22288
6934.5	0.224615
6935	0.22635
6935.5	0.228085
6936	0.22982
6936.5	0.231555
6937	0.23329
6937.5	0.235025
6938	0.23676
6938.5	0.238495
6939	0.24023
6939.5	0.241965
6940	0.2437
6940.5	0.24557
6941	0.24744
6941.5	0.24931
6942	0.25118
6942.5	0.25305
6943	0.25492
6943.5	0.25679
6944	0.25866
6944.5	0.26053
6945	0.2624
6945.5	0.26427
6946	0.26614
6946.5	0.26801
6947	0.26988
6947.5	0.27175
6948	0.27362
6948.5	0.27549
6949	0.27736
6949.5	0.27923
6950	0.2811
6950.5	0.282865
6951	0.28463
6951.5	0.286395
6952	0.28816
6952.5	0.289925
6953	0.29169
6953.5	0.293455
6954	0.29522
6954.5	0.296985
6955	0.29875
6955.5	0.300515
6956	0.30228
6956.5	0.304045
6957	0.30581
6957.5	0.307575
6958	0.30934
6958.5	0.311105
6959	0.31287
6959.5	0.314635
6960	0.3164
6960.5	0.318225
6961	0.32005
6961.5	0.321875
6962	0.3237
6962.5	0.325525
6963	0.32735
6963.5	0.329175
6964	0.331
6964.5	0.332825
6965	0.33465
6965.5	0.336475
6966	0.3383
6966.5	0.340125
6967	0.34195
6967.5	0.343775
6968	0.3456
6968.5	0.347425
6969	0.34925
6969.5	0.351075
6970	0.3529
6970.5	0.35455
6971	0.3562
6971.5	0.35785
6972	0.3595
6972.5	0.36115
6973	0.3628
6973.5	0.36445
6974	0.3661
6974.5	0.36775
6975	0.3694
6975.5	0.37105
6976	0.3727
6976.5	0.37435
6977	0.376
6977.5	0.37765
6978	0.3793
6978.5	0.38095
6979	0.3826
6979.5	0.38425
6980	0.3859
6980.5	0.38719
6981	0.38848
6981.5	0.38977
6982	0.39106
6982.5	0.39235
6983	0.39364
6983.5	0.39493
6984	0.39622
6984.5	0.39751
6985	0.3988
6985.5	0.40009
6986	0.40138
6986.5	0.40267
6987	0.40396
6987.5	0.40525
6988	0.40654
6988.5	0.40783
6989	0.40912
6989.5	0.41041
6990	0.4117
6990.5	0.412975
6991	0.41425
6991.5	0.415525
6992	0.4168
6992.5	0.418075
6993	0.41935
6993.5	0.420625
6994	0.4219
6994.5	0.423175
6995	0.42445
6995.5	0.425725
6996	0.427
6996.5	0.428275
6997	0.42955
6997.5	0.430825
6998	0.4321
6998.5	0.433375
6999	0.43465
6999.5	0.435925
7000	0.4372
7000.5	0.438145
7001	0.43909
7001.5	0.440035
7002	0.44098
7002.5	0.441925
7003	0.44287
7003.5	0.443815
7004	0.44476
7004.5	0.445705
7005	0.44665
7005.5	0.447595
7006	0.44854
7006.5	0.449485
7007	0.45043
7007.5	0.451375
7008	0.45232
7008.5	0.453265
7009	0.45421
7009.5	0.455155
7010	0.4561
7010.5	0.45696
7011	0.45782
7011.5	0.45868
7012	0.45954
7012.5	0.4604
7013	0.46126
7013.5	0.46212
7014	0.46298
7014.5	0.46384
7015	0.4647
7015.5	0.46556
7016	0.46642
7016.5	0.46728
7017	0.46814
7017.5	0.469
7018	0.46986
7018.5	0.47072
7019	0.47158
7019.5	0.47244
7020	0.4733
7020.5	0.47385
7021	0.4744
7021.5	0.47495
7022	0.4755
7022.5	0.47605
7023	0.4766
7023.5	0.47715
7024	0.4777
7024.5	0.47825
7025	0.4788
7025.5	0.47935
7026	0.4799
7026.5	0.48045
7027	0.481
7027.5	0.48155
7028	0.4821
7028.5	0.48265
7029	0.4832
7029.5	0.48375
7030	0.4843
7030.5	0.484815
7031	0.48533
7031.5	0.485845
7032	0.48636
7032.5	0.486875
7033	0.48739
7033.5	0.487905
7034	0.48842
7034.5	0.488935
7035	0.48945
7035.5	0.489965
7036	0.49048
7036.5	0.490995
7037	0.49151
7037.5	0.492025
7038	0.49254
7038.5	0.493055
7039	0.49357
7039.5	0.494085
7040	0.4946
7040.5	0.494895
7041	0.49519
7041.5	0.495485
7042	0.49578
7042.5	0.496075
7043	0.49637
7043.5	0.496665
7044	0.49696
7044.5	0.497255
7045	0.49755
7045.5	0.497845
7046	0.49814
7046.5	0.498435
7047	0.49873
7047.5	0.499025
7048	0.49932
7048.5	0.499615
7049	0.49991
7049.5	0.500205
7050	0.5005
7050.5	0.50076
7051	0.50102
7051.5	0.50128
7052	0.50154
7052.5	0.5018
7053	0.50206
7053.5	0.50232
7054	0.50258
7054.5	0.50284
7055	0.5031
7055.5	0.50336
7056	0.50362
7056.5	0.50388
7057	0.50414
7057.5	0.5044
7058	0.50466
7058.5	0.50492
7059	0.50518
7059.5	0.50544
7060	0.5057
7060.5	0.50583
7061	0.50596
7061.5	0.50609
7062	0.50622
7062.5	0.50635
7063	0.50648
7063.5	0.50661
7064	0.50674
7064.5	0.50687
7065	0.507
7065.5	0.50713
7066	0.50726
7066.5	0.50739
7067	0.50752
7067.5	0.50765
7068	0.50778
7068.5	0.50791
7069	0.50804
7069.5	0.50817
7070	0.5083
7070.5	0.508385
7071	0.50847
7071.5	0.508555
7072	0.50864
7072.5	0.508725
7073	0.50881
7073.5	0.508895
7074	0.50898
7074.5	0.509065
7075	0.50915
7075.5	0.509235
7076	0.50932
7076.5	0.509405
7077	0.50949
7077.5	0.509575
7078	0.50966
7078.5	0.509745
7079	0.50983
7079.5	0.509915
7080	0.51
7080.5	0.510045
7081	0.51009
7081.5	0.510135
7082	0.51018
7082.5	0.510225
7083	0.51027
7083.5	0.510315
7084	0.51036
7084.5	0.510405
7085	0.51045
7085.5	0.510495
7086	0.51054
7086.5	0.510585
7087	0.51063
7087.5	0.510675
7088	0.51072
7088.5	0.510765
7089	0.51081
7089.5	0.510855
7090	0.5109
7090.5	0.510905
7091	0.51091
7091.5	0.510915
7092	0.51092
7092.5	0.510925
7093	0.51093
7093.5	0.510935
7094	0.51094
7094.5	0.510945
7095	0.51095
7095.5	0.510955
7096	0.51096
7096.5	0.510965
7097	0.51097
7097.5	0.510975
7098	0.51098
7098.5	0.510985
7099	0.51099
7099.5	0.510995
7100	0.511
7100.5	0.510985
7101	0.51097
7101.5	0.510955
7102	0.51094
7102.5	0.510925
7103	0.51091
7103.5	0.510895
7104	0.51088
7104.5	0.510865
7105	0.51085
7105.5	0.510835
7106	0.51082
7106.5	0.510805
7107	0.51079
7107.5	0.510775
7108	0.51076
7108.5	0.510745
7109	0.51073
7109.5	0.510715
7110	0.5107
7110.5	0.51069
7111	0.51068
7111.5	0.51067
7112	0.51066
7112.5	0.51065
7113	0.51064
7113.5	0.51063
7114	0.51062
7114.5	0.51061
7115	0.5106
7115.5	0.51059
7116	0.51058
7116.5	0.51057
7117	0.51056
7117.5	0.51055
7118	0.51054
7118.5	0.51053
7119	0.51052
7119.5	0.51051
7120	0.5105
7120.5	0.510475
7121	0.51045
7121.5	0.510425
7122	0.5104
7122.5	0.510375
7123	0.51035
7123.5	0.510325
7124	0.5103
7124.5	0.510275
7125	0.51025
7125.5	0.510225
7126	0.5102
7126.5	0.510175
7127	0.51015
7127.5	0.510125
7128	0.5101
7128.5	0.510075
7129	0.51005
7129.5	0.510025
7130	0.51
7130.5	0.509975
7131	0.50995
7131.5	0.509925
7132	0.5099
7132.5	0.509875
7133	0.50985
7133.5	0.509825
7134	0.5098
7134.5	0.509775
7135	0.50975
7135.5	0.509725
7136	0.5097
7136.5	0.509675
7137	0.50965
7137.5	0.509625
7138	0.5096
7138.5	0.509575
7139	0.50955
7139.5	0.509525
7140	0.5095
7140.5	0.50946
7141	0.50942
7141.5	0.50938
7142	0.50934
7142.5	0.5093
7143	0.50926
7143.5	0.50922
7144	0.50918
7144.5	0.50914
7145	0.5091
7145.5	0.50906
7146	0.50902
7146.5	0.50898
7147	0.50894
7147.5	0.5089
7148	0.50886
7148.5	0.50882
7149	0.50878
7149.5	0.50874
7150	0.5087
7150.5	0.508685
7151	0.50867
7151.5	0.508655
7152	0.50864
7152.5	0.508625
7153	0.50861
7153.5	0.508595
7154	0.50858
7154.5	0.508565
7155	0.50855
7155.5	0.508535
7156	0.50852
7156.5	0.508505
7157	0.50849
7157.5	0.508475
7158	0.50846
7158.5	0.508445
7159	0.50843
7159.5	0.508415
7160	0.5084
7160.5	0.508015
7161	0.50763
7161.5	0.507245
7162	0.50686
7162.5	0.506475
7163	0.50609
7163.5	0.505705
7164	0.50532
7164.5	0.504935
7165	0.50455
7165.5	0.504165
7166	0.50378
7166.5	0.503395
7167	0.50301
7167.5	0.502625
7168	0.50224
7168.5	0.501855
7169	0.50147
7169.5	0.501085
7170	0.5007
7170.5	0.5004
7171	0.5001
7171.5	0.4998
7172	0.4995
7172.5	0.4992
7173	0.4989
7173.5	0.4986
7174	0.4983
7174.5	0.498
7175	0.4977
7175.5	0.4974
7176	0.4971
7176.5	0.4968
7177	0.4965
7177.5	0.4962
7178	0.4959
7178.5	0.4956
7179	0.4953
7179.5	0.495
7180	0.4947
7180.5	0.49424
7181	0.49378
7181.5	0.49332
7182	0.49286
7182.5	0.4924
7183	0.49194
7183.5	0.49148
7184	0.49102
7184.5	0.49056
7185	0.4901
7185.5	0.48964
7186	0.48918
7186.5	0.48872
7187	0.48826
7187.5	0.4878
7188	0.48734
7188.5	0.48688
7189	0.48642
7189.5	0.48596
7190	0.4855
7190.5	0.48569
7191	0.48588
7191.5	0.48607
7192	0.48626
7192.5	0.48645
7193	0.48664
7193.5	0.48683
7194	0.48702
7194.5	0.48721
7195	0.4874
7195.5	0.48759
7196	0.48778
7196.5	0.48797
7197	0.48816
7197.5	0.48835
7198	0.48854
7198.5	0.48873
7199	0.48892
7199.5	0.48911
7200	0.4893
7200.5	0.4896
7201	0.4899
7201.5	0.4902
7202	0.4905
7202.5	0.4908
7203	0.4911
7203.5	0.4914
7204	0.4917
7204.5	0.492
7205	0.4923
7205.5	0.4926
7206	0.4929
7206.5	0.4932
7207	0.4935
7207.5	0.4938
7208	0.4941
7208.5	0.4944
7209	0.4947
7209.5	0.495
7210	0.4953
7210.5	0.495795
7211	0.49629
7211.5	0.496785
7212	0.49728
7212.5	0.497775
7213	0.49827
7213.5	0.498765
7214	0.49926
7214.5	0.499755
7215	0.50025
7215.5	0.500745
7216	0.50124
7216.5	0.501735
7217	0.50223
7217.5	0.502725
7218	0.50322
7218.5	0.503715
7219	0.50421
7219.5	0.504705
7220	0.5052
7220.5	0.5049
7221	0.5046
7221.5	0.5043
7222	0.504
7222.5	0.5037
7223	0.5034
7223.5	0.5031
7224	0.5028
7224.5	0.5025
7225	0.5022
7225.5	0.5019
7226	0.5016
7226.5	0.5013
7227	0.501
7227.5	0.5007
7228	0.5004
7228.5	0.5001
7229	0.4998
7229.5	0.4995
7230	0.4992
7230.5	0.498815
7231	0.49843
7231.5	0.498045
7232	0.49766
7232.5	0.497275
7233	0.49689
7233.5	0.496505
7234	0.49612
7234.5	0.495735
7235	0.49535
7235.5	0.494965
7236	0.49458
7236.5	0.494195
7237	0.49381
7237.5	0.493425
7238	0.49304
7238.5	0.492655
7239	0.49227
7239.5	0.491885
7240	0.4915
7240.5	0.491535
7241	0.49157
7241.5	0.491605
7242	0.49164
7242.5	0.491675
7243	0.49171
7243.5	0.491745
7244	0.49178
7244.5	0.491815
7245	0.49185
7245.5	0.491885
7246	0.49192
7246.5	0.491955
7247	0.49199
7247.5	0.492025
7248	0.49206
7248.5	0.492095
7249	0.49213
7249.5	0.492165
7250	0.4922
7250.5	0.492385
7251	0.49257
7251.5	0.492755
7252	0.49294
7252.5	0.493125
7253	0.49331
7253.5	0.493495
7254	0.49368
7254.5	0.493865
7255	0.49405
7255.5	0.494235
7256	0.49442
7256.5	0.494605
7257	0.49479
7257.5	0.494975
7258	0.49516
7258.5	0.495345
7259	0.49553
7259.5	0.495715
7260	0.4959
7260.5	0.495805
7261	0.49571
7261.5	0.495615
7262	0.49552
7262.5	0.495425
7263	0.49533
7263.5	0.495235
7264	0.49514
7264.5	0.495045
7265	0.49495
7265.5	0.494855
7266	0.49476
7266.5	0.494665
7267	0.49457
7267.5	0.494475
7268	0.49438
7268.5	0.494285
7269	0.49419
7269.5	0.494095
7270	0.494
7270.5	0.49395
7271	0.4939
7271.5	0.49385
7272	0.4938
7272.5	0.49375
7273	0.4937
7273.5	0.49365
7274	0.4936
7274.5	0.49355
7275	0.4935
7275.5	0.49345
7276	0.4934
7276.5	0.49335
7277	0.4933
7277.5	0.49325
7278	0.4932
7278.5	0.49315
7279	0.4931
7279.5	0.49305
7280	0.493
7280.5	0.493115
7281	0.49323
7281.5	0.493345
7282	0.49346
7282.5	0.493575
7283	0.49369
7283.5	0.493805
7284	0.49392
7284.5	0.494035
7285	0.49415
7285.5	0.494265
7286	0.49438
7286.5	0.494495
7287	0.49461
7287.5	0.494725
7288	0.49484
7288.5	0.494955
7289	0.49507
7289.5	0.495185
7290	0.4953
7290.5	0.495515
7291	0.49573
7291.5	0.495945
7292	0.49616
7292.5	0.496375
7293	0.49659
7293.5	0.496805
7294	0.49702
7294.5	0.497235
7295	0.49745
7295.5	0.497665
7296	0.49788
7296.5	0.498095
7297	0.49831
7297.5	0.498525
7298	0.49874
7298.5	0.498955
7299	0.49917
7299.5	0.499385
7300	0.4996
7300.5	0.49944
7301	0.49928
7301.5	0.49912
7302	0.49896
7302.5	0.4988
7303	0.49864
7303.5	0.49848
7304	0.49832
7304.5	0.49816
7305	0.498
7305.5	0.49784
7306	0.49768
7306.5	0.49752
7307	0.49736
7307.5	0.4972
7308	0.49704
7308.5	0.49688
7309	0.49672
7309.5	0.49656
7310	0.4964
7310.5	0.49658
7311	0.49676
7311.5	0.49694
7312	0.49712
7312.5	0.4973
7313	0.49748
7313.5	0.49766
7314	0.49784
7314.5	0.49802
7315	0.4982
7315.5	0.49838
7316	0.49856
7316.5	0.49874
7317	0.49892
7317.5	0.4991
7318	0.49928
7318.5	0.49946
7319	0.49964
7319.5	0.49982
7320	0.5
7320.5	0.50013
7321	0.50026
7321.5	0.50039
7322	0.50052
7322.5	0.50065
7323	0.50078
7323.5	0.50091
7324	0.50104
7324.5	0.50117
7325	0.5013
7325.5	0.50143
7326	0.50156
7326.5	0.50169
7327	0.50182
7327.5	0.50195
7328	0.50208
7328.5	0.50221
7329	0.50234
7329.5	0.50247
7330	0.5026
7330.5	0.502595
7331	0.50259
7331.5	0.502585
7332	0.50258
7332.5	0.502575
7333	0.50257
7333.5	0.502565
7334	0.50256
7334.5	0.502555
7335	0.50255
7335.5	0.502545
7336	0.50254
7336.5	0.502535
7337	0.50253
7337.5	0.502525
7338	0.50252
7338.5	0.502515
7339	0.50251
7339.5	0.502505
7340	0.5025
7340.5	0.50247
7341	0.50244
7341.5	0.50241
7342	0.50238
7342.5	0.50235
7343	0.50232
7343.5	0.50229
7344	0.50226
7344.5	0.50223
7345	0.5022
7345.5	0.50217
7346	0.50214
7346.5	0.50211
7347	0.50208
7347.5	0.50205
7348	0.50202
7348.5	0.50199
7349	0.50196
7349.5	0.50193
7350	0.5019
7350.5	0.50187
7351	0.50184
7351.5	0.50181
7352	0.50178
7352.5	0.50175
7353	0.50172
7353.5	0.50169
7354	0.50166
7354.5	0.50163
7355	0.5016
7355.5	0.50157
7356	0.50154
7356.5	0.50151
7357	0.50148
7357.5	0.50145
7358	0.50142
7358.5	0.50139
7359	0.50136
7359.5	0.50133
7360	0.5013
7360.5	0.501275
7361	0.50125
7361.5	0.501225
7362	0.5012
7362.5	0.501175
7363	0.50115
7363.5	0.501125
7364	0.5011
7364.5	0.501075
7365	0.50105
7365.5	0.501025
7366	0.501
7366.5	0.500975
7367	0.50095
7367.5	0.500925
7368	0.5009
7368.5	0.500875
7369	0.50085
7369.5	0.500825
7370	0.5008
7370.5	0.500845
7371	0.50089
7371.5	0.500935
7372	0.50098
7372.5	0.501025
7373	0.50107
7373.5	0.501115
7374	0.50116
7374.5	0.501205
7375	0.50125
7375.5	0.501295
7376	0.50134
7376.5	0.501385
7377	0.50143
7377.5	0.501475
7378	0.50152
7378.5	0.501565
7379	0.50161
7379.5	0.501655
7380	0.5017
7380.5	0.50163
7381	0.50156
7381.5	0.50149
7382	0.50142
7382.5	0.50135
7383	0.50128
7383.5	0.50121
7384	0.50114
7384.5	0.50107
7385	0.501
7385.5	0.50093
7386	0.50086
7386.5	0.50079
7387	0.50072
7387.5	0.50065
7388	0.50058
7388.5	0.50051
7389	0.50044
7389.5	0.50037
7390	0.5003
7390.5	0.500275
7391	0.50025
7391.5	0.500225
7392	0.5002
7392.5	0.500175
7393	0.50015
7393.5	0.500125
7394	0.5001
7394.5	0.500075
7395	0.50005
7395.5	0.500025
7396	0.5
7396.5	0.499975
7397	0.49995
7397.5	0.499925
7398	0.4999
7398.5	0.499875
7399	0.49985
7399.5	0.499825
7400	0.4998
7400.5	0.49978
7401	0.49976
7401.5	0.49974
7402	0.49972
7402.5	0.4997
7403	0.49968
7403.5	0.49966
7404	0.49964
7404.5	0.49962
7405	0.4996
7405.5	0.49958
7406	0.49956
7406.5	0.49954
7407	0.49952
7407.5	0.4995
7408	0.49948
7408.5	0.49946
7409	0.49944
7409.5	0.49942
7410	0.4994
7410.5	0.499385
7411	0.49937
7411.5	0.499355
7412	0.49934
7412.5	0.499325
7413	0.49931
7413.5	0.499295
7414	0.49928
7414.5	0.499265
7415	0.49925
7415.5	0.499235
7416	0.49922
7416.5	0.499205
7417	0.49919
7417.5	0.499175
7418	0.49916
7418.5	0.499145
7419	0.49913
7419.5	0.499115
7420	0.4991
7420.5	0.499055
7421	0.49901
7421.5	0.498965
7422	0.49892
7422.5	0.498875
7423	0.49883
7423.5	0.498785
7424	0.49874
7424.5	0.498695
7425	0.49865
7425.5	0.498605
7426	0.49856
7426.5	0.498515
7427	0.49847
7427.5	0.498425
7428	0.49838
7428.5	0.498335
7429	0.49829
7429.5	0.498245
7430	0.4982
7430.5	0.498155
7431	0.49811
7431.5	0.498065
7432	0.49802
7432.5	0.497975
7433	0.49793
7433.5	0.497885
7434	0.49784
7434.5	0.497795
7435	0.49775
7435.5	0.497705
7436	0.49766
7436.5	0.497615
7437	0.49757
7437.5	0.497525
7438	0.49748
7438.5	0.497435
7439	0.49739
7439.5	0.497345
7440	0.4973
7440.5	0.497235
7441	0.49717
7441.5	0.497105
7442	0.49704
7442.5	0.496975
7443	0.49691
7443.5	0.496845
7444	0.49678
7444.5	0.496715
7445	0.49665
7445.5	0.496585
7446	0.49652
7446.5	0.496455
7447	0.49639
7447.5	0.496325
7448	0.49626
7448.5	0.496195
7449	0.49613
7449.5	0.496065
7450	0.496
7450.5	0.49594
7451	0.49588
7451.5	0.49582
7452	0.49576
7452.5	0.4957
7453	0.49564
7453.5	0.49558
7454	0.49552
7454.5	0.49546
7455	0.4954
7455.5	0.49534
7456	0.49528
7456.5	0.49522
7457	0.49516
7457.5	0.4951
7458	0.49504
7458.5	0.49498
7459	0.49492
7459.5	0.49486
7460	0.4948
7460.5	0.494795
7461	0.49479
7461.5	0.494785
7462	0.49478
7462.5	0.494775
7463	0.49477
7463.5	0.494765
7464	0.49476
7464.5	0.494755
7465	0.49475
7465.5	0.494745
7466	0.49474
7466.5	0.494735
7467	0.49473
7467.5	0.494725
7468	0.49472
7468.5	0.494715
7469	0.49471
7469.5	0.494705
7470	0.4947
7470.5	0.494705
7471	0.49471
7471.5	0.494715
7472	0.49472
7472.5	0.494725
7473	0.49473
7473.5	0.494735
7474	0.49474
7474.5	0.494745
7475	0.49475
7475.5	0.494755
7476	0.49476
7476.5	0.494765
7477	0.49477
7477.5	0.494775
7478	0.49478
7478.5	0.494785
7479	0.49479
7479.5	0.494795
7480	0.4948
7480.5	0.494785
7481	0.49477
7481.5	0.494755
7482	0.49474
7482.5	0.494725
7483	0.49471
7483.5	0.494695
7484	0.49468
7484.5	0.494665
7485	0.49465
7485.5	0.494635
7486	0.49462
7486.5	0.494605
7487	0.49459
7487.5	0.494575
7488	0.49456
7488.5	0.494545
7489	0.49453
7489.5	0.494515
7490	0.4945
7490.5	0.49449
7491	0.49448
7491.5	0.49447
7492	0.49446
7492.5	0.49445
7493	0.49444
7493.5	0.49443
7494	0.49442
7494.5	0.49441
7495	0.4944
7495.5	0.49439
7496	0.49438
7496.5	0.49437
7497	0.49436
7497.5	0.49435
7498	0.49434
7498.5	0.49433
7499	0.49432
7499.5	0.49431
7500	0.4943
7500.5	0.49429
7501	0.49428
7501.5	0.49427
7502	0.49426
7502.5	0.49425
7503	0.49424
7503.5	0.49423
7504	0.49422
7504.5	0.49421
7505	0.4942
7505.5	0.49419
7506	0.49418
7506.5	0.49417
7507	0.49416
7507.5	0.49415
7508	0.49414
7508.5	0.49413
7509	0.49412
7509.5	0.49411
7510	0.4941
7510.5	0.49409
7511	0.49408
7511.5	0.49407
7512	0.49406
7512.5	0.49405
7513	0.49404
7513.5	0.49403
7514	0.49402
7514.5	0.49401
7515	0.494
7515.5	0.49399
7516	0.49398
7516.5	0.49397
7517	0.49396
7517.5	0.49395
7518	0.49394
7518.5	0.49393
7519	0.49392
7519.5	0.49391
7520	0.4939
7520.5	0.4939
7521	0.4939
7521.5	0.4939
7522	0.4939
7522.5	0.4939
7523	0.4939
7523.5	0.4939
7524	0.4939
7524.5	0.4939
7525	0.4939
7525.5	0.4939
7526	0.4939
7526.5	0.4939
7527	0.4939
7527.5	0.4939
7528	0.4939
7528.5	0.4939
7529	0.4939
7529.5	0.4939
7530	0.4939
7530.5	0.493905
7531	0.49391
7531.5	0.493915
7532	0.49392
7532.5	0.493925
7533	0.49393
7533.5	0.493935
7534	0.49394
7534.5	0.493945
7535	0.49395
7535.5	0.493955
7536	0.49396
7536.5	0.493965
7537	0.49397
7537.5	0.493975
7538	0.49398
7538.5	0.493985
7539	0.49399
7539.5	0.493995
7540	0.494
7540.5	0.494005
7541	0.49401
7541.5	0.494015
7542	0.49402
7542.5	0.494025
7543	0.49403
7543.5	0.494035
7544	0.49404
7544.5	0.494045
7545	0.49405
7545.5	0.494055
7546	0.49406
7546.5	0.494065
7547	0.49407
7547.5	0.494075
7548	0.49408
7548.5	0.494085
7549	0.49409
7549.5	0.494095
7550	0.4941
7550.5	0.494105
7551	0.49411
7551.5	0.494115
7552	0.49412
7552.5	0.494125
7553	0.49413
7553.5	0.494135
7554	0.49414
7554.5	0.494145
7555	0.49415
7555.5	0.494155
7556	0.49416
7556.5	0.494165
7557	0.49417
7557.5	0.494175
7558	0.49418
7558.5	0.494185
7559	0.49419
7559.5	0.494195
7560	0.4942
7560.5	0.494215
7561	0.49423
7561.5	0.494245
7562	0.49426
7562.5	0.494275
7563	0.49429
7563.5	0.494305
7564	0.49432
7564.5	0.494335
7565	0.49435
7565.5	0.494365
7566	0.49438
7566.5	0.494395
7567	0.49441
7567.5	0.494425
7568	0.49444
7568.5	0.494455
7569	0.49447
7569.5	0.494485
7570	0.4945
7570.5	0.49451
7571	0.49452
7571.5	0.49453
7572	0.49454
7572.5	0.49455
7573	0.49456
7573.5	0.49457
7574	0.49458
7574.5	0.49459
7575	0.4946
7575.5	0.49461
7576	0.49462
7576.5	0.49463
7577	0.49464
7577.5	0.49465
7578	0.49466
7578.5	0.49467
7579	0.49468
7579.5	0.49469
7580	0.4947
7580.5	0.49461
7581	0.49452
7581.5	0.49443
7582	0.49434
7582.5	0.49425
7583	0.49416
7583.5	0.49407
7584	0.49398
7584.5	0.49389
7585	0.4938
7585.5	0.49371
7586	0.49362
7586.5	0.49353
7587	0.49344
7587.5	0.49335
7588	0.49326
7588.5	0.49317
7589	0.49308
7589.5	0.49299
7590	0.4929
7590.5	0.48094
7591	0.46898
7591.5	0.45702
7592	0.44506
7592.5	0.4331
7593	0.42114
7593.5	0.40918
7594	0.39722
7594.5	0.38526
7595	0.3733
7595.5	0.36134
7596	0.34938
7596.5	0.33742
7597	0.32546
7597.5	0.3135
7598	0.30154
7598.5	0.28958
7599	0.27762
7599.5	0.26566
7600	0.2537
7600.5	0.251205
7601	0.24871
7601.5	0.246215
7602	0.24372
7602.5	0.241225
7603	0.23873
7603.5	0.236235
7604	0.23374
7604.5	0.231245
7605	0.22875
7605.5	0.226255
7606	0.22376
7606.5	0.221265
7607	0.21877
7607.5	0.216275
7608	0.21378
7608.5	0.211285
7609	0.20879
7609.5	0.206295
7610	0.2038
7610.5	0.212485
7611	0.22117
7611.5	0.229855
7612	0.23854
7612.5	0.247225
7613	0.25591
7613.5	0.264595
7614	0.27328
7614.5	0.281965
7615	0.29065
7615.5	0.299335
7616	0.30802
7616.5	0.316705
7617	0.32539
7617.5	0.334075
7618	0.34276
7618.5	0.351445
7619	0.36013
7619.5	0.368815
7620	0.3775
7620.5	0.37235
7621	0.3672
7621.5	0.36205
7622	0.3569
7622.5	0.35175
7623	0.3466
7623.5	0.34145
7624	0.3363
7624.5	0.33115
7625	0.326
7625.5	0.32085
7626	0.3157
7626.5	0.31055
7627	0.3054
7627.5	0.30025
7628	0.2951
7628.5	0.28995
7629	0.2848
7629.5	0.27965
7630	0.2745
7630.5	0.27718
7631	0.27986
7631.5	0.28254
7632	0.28522
7632.5	0.2879
7633	0.29058
7633.5	0.29326
7634	0.29594
7634.5	0.29862
7635	0.3013
7635.5	0.30398
7636	0.30666
7636.5	0.30934
7637	0.31202
7637.5	0.3147
7638	0.31738
7638.5	0.32006
7639	0.32274
7639.5	0.32542
7640	0.3281
7640.5	0.330115
7641	0.33213
7641.5	0.334145
7642	0.33616
7642.5	0.338175
7643	0.34019
7643.5	0.342205
7644	0.34422
7644.5	0.346235
7645	0.34825
7645.5	0.350265
7646	0.35228
7646.5	0.354295
7647	0.35631
7647.5	0.358325
7648	0.36034
7648.5	0.362355
7649	0.36437
7649.5	0.366385
7650	0.3684
7650.5	0.37071
7651	0.37302
7651.5	0.37533
7652	0.37764
7652.5	0.37995
7653	0.38226
7653.5	0.38457
7654	0.38688
7654.5	0.38919
7655	0.3915
7655.5	0.39381
7656	0.39612
7656.5	0.39843
7657	0.40074
7657.5	0.40305
7658	0.40536
7658.5	0.40767
7659	0.40998
7659.5	0.41229
7660	0.4146
7660.5	0.415875
7661	0.41715
7661.5	0.418425
7662	0.4197
7662.5	0.420975
7663	0.42225
7663.5	0.423525
7664	0.4248
7664.5	0.426075
7665	0.42735
7665.5	0.428625
7666	0.4299
7666.5	0.431175
7667	0.43245
7667.5	0.433725
7668	0.435
7668.5	0.436275
7669	0.43755
7669.5	0.438825
7670	0.4401
7670.5	0.44131
7671	0.44252
7671.5	0.44373
7672	0.44494
7672.5	0.44615
7673	0.44736
7673.5	0.44857
7674	0.44978
7674.5	0.45099
7675	0.4522
7675.5	0.45341
7676	0.45462
7676.5	0.45583
7677	0.45704
7677.5	0.45825
7678	0.45946
7678.5	0.46067
7679	0.46188
7679.5	0.46309
7680	0.4643
7680.5	0.46452
7681	0.46474
7681.5	0.46496
7682	0.46518
7682.5	0.4654
7683	0.46562
7683.5	0.46584
7684	0.46606
7684.5	0.46628
7685	0.4665
7685.5	0.46672
7686	0.46694
7686.5	0.46716
7687	0.46738
7687.5	0.4676
7688	0.46782
7688.5	0.46804
7689	0.46826
7689.5	0.46848
7690	0.4687
7690.5	0.46897
7691	0.46924
7691.5	0.46951
7692	0.46978
7692.5	0.47005
7693	0.47032
7693.5	0.47059
7694	0.47086
7694.5	0.47113
7695	0.4714
7695.5	0.47167
7696	0.47194
7696.5	0.47221
7697	0.47248
7697.5	0.47275
7698	0.47302
7698.5	0.47329
7699	0.47356
7699.5	0.47383
7700	0.4741
7700.5	0.474175
7701	0.47425
7701.5	0.474325
7702	0.4744
7702.5	0.474475
7703	0.47455
7703.5	0.474625
7704	0.4747
7704.5	0.474775
7705	0.47485
7705.5	0.474925
7706	0.475
7706.5	0.475075
7707	0.47515
7707.5	0.475225
7708	0.4753
7708.5	0.475375
7709	0.47545
7709.5	0.475525
7710	0.4756
7710.5	0.4756
7711	0.4756
7711.5	0.4756
7712	0.4756
7712.5	0.4756
7713	0.4756
7713.5	0.4756
7714	0.4756
7714.5	0.4756
7715	0.4756
7715.5	0.4756
7716	0.4756
7716.5	0.4756
7717	0.4756
7717.5	0.4756
7718	0.4756
7718.5	0.4756
7719	0.4756
7719.5	0.4756
7720	0.4756
7720.5	0.475615
7721	0.47563
7721.5	0.475645
7722	0.47566
7722.5	0.475675
7723	0.47569
7723.5	0.475705
7724	0.47572
7724.5	0.475735
7725	0.47575
7725.5	0.475765
7726	0.47578
7726.5	0.475795
7727	0.47581
7727.5	0.475825
7728	0.47584
7728.5	0.475855
7729	0.47587
7729.5	0.475885
7730	0.4759
7730.5	0.47592
7731	0.47594
7731.5	0.47596
7732	0.47598
7732.5	0.476
7733	0.47602
7733.5	0.47604
7734	0.47606
7734.5	0.47608
7735	0.4761
7735.5	0.47612
7736	0.47614
7736.5	0.47616
7737	0.47618
7737.5	0.4762
7738	0.47622
7738.5	0.47624
7739	0.47626
7739.5	0.47628
7740	0.4763
7740.5	0.476325
7741	0.47635
7741.5	0.476375
7742	0.4764
7742.5	0.476425
7743	0.47645
7743.5	0.476475
7744	0.4765
7744.5	0.476525
7745	0.47655
7745.5	0.476575
7746	0.4766
7746.5	0.476625
7747	0.47665
7747.5	0.476675
7748	0.4767
7748.5	0.476725
7749	0.47675
7749.5	0.476775
7750	0.4768
7750.5	0.47682
7751	0.47684
7751.5	0.47686
7752	0.47688
7752.5	0.4769
7753	0.47692
7753.5	0.47694
7754	0.47696
7754.5	0.47698
7755	0.477
7755.5	0.47702
7756	0.47704
7756.5	0.47706
7757	0.47708
7757.5	0.4771
7758	0.47712
7758.5	0.47714
7759	0.47716
7759.5	0.47718
7760	0.4772
7760.5	0.477235
7761	0.47727
7761.5	0.477305
7762	0.47734
7762.5	0.477375
7763	0.47741
7763.5	0.477445
7764	0.47748
7764.5	0.477515
7765	0.47755
7765.5	0.477585
7766	0.47762
7766.5	0.477655
7767	0.47769
7767.5	0.477725
7768	0.47776
7768.5	0.477795
7769	0.47783
7769.5	0.477865
7770	0.4779
7770.5	0.47793
7771	0.47796
7771.5	0.47799
7772	0.47802
7772.5	0.47805
7773	0.47808
7773.5	0.47811
7774	0.47814
7774.5	0.47817
7775	0.4782
7775.5	0.47823
7776	0.47826
7776.5	0.47829
7777	0.47832
7777.5	0.47835
7778	0.47838
7778.5	0.47841
7779	0.47844
7779.5	0.47847
7780	0.4785
7780.5	0.4785
7781	0.4785
7781.5	0.4785
7782	0.4785
7782.5	0.4785
7783	0.4785
7783.5	0.4785
7784	0.4785
7784.5	0.4785
7785	0.4785
7785.5	0.4785
7786	0.4785
7786.5	0.4785
7787	0.4785
7787.5	0.4785
7788	0.4785
7788.5	0.4785
7789	0.4785
7789.5	0.4785
7790	0.4785
7790.5	0.47849
7791	0.47848
7791.5	0.47847
7792	0.47846
7792.5	0.47845
7793	0.47844
7793.5	0.47843
7794	0.47842
7794.5	0.47841
7795	0.4784
7795.5	0.47839
7796	0.47838
7796.5	0.47837
7797	0.47836
7797.5	0.47835
7798	0.47834
7798.5	0.47833
7799	0.47832
7799.5	0.47831
7800	0.4783
7800.5	0.47829
7801	0.47828
7801.5	0.47827
7802	0.47826
7802.5	0.47825
7803	0.47824
7803.5	0.47823
7804	0.47822
7804.5	0.47821
7805	0.4782
7805.5	0.47819
7806	0.47818
7806.5	0.47817
7807	0.47816
7807.5	0.47815
7808	0.47814
7808.5	0.47813
7809	0.47812
7809.5	0.47811
7810	0.4781
7810.5	0.47809
7811	0.47808
7811.5	0.47807
7812	0.47806
7812.5	0.47805
7813	0.47804
7813.5	0.47803
7814	0.47802
7814.5	0.47801
7815	0.478
7815.5	0.47799
7816	0.47798
7816.5	0.47797
7817	0.47796
7817.5	0.47795
7818	0.47794
7818.5	0.47793
7819	0.47792
7819.5	0.47791
7820	0.4779
7820.5	0.477925
7821	0.47795
7821.5	0.477975
7822	0.478
7822.5	0.478025
7823	0.47805
7823.5	0.478075
7824	0.4781
7824.5	0.478125
7825	0.47815
7825.5	0.478175
7826	0.4782
7826.5	0.478225
7827	0.47825
7827.5	0.478275
7828	0.4783
7828.5	0.478325
7829	0.47835
7829.5	0.478375
7830	0.4784
7830.5	0.47842
7831	0.47844
7831.5	0.47846
7832	0.47848
7832.5	0.4785
7833	0.47852
7833.5	0.47854
7834	0.47856
7834.5	0.47858
7835	0.4786
7835.5	0.47862
7836	0.47864
7836.5	0.47866
7837	0.47868
7837.5	0.4787
7838	0.47872
7838.5	0.47874
7839	0.47876
7839.5	0.47878
7840	0.4788
7840.5	0.478775
7841	0.47875
7841.5	0.478725
7842	0.4787
7842.5	0.478675
7843	0.47865
7843.5	0.478625
7844	0.4786
7844.5	0.478575
7845	0.47855
7845.5	0.478525
7846	0.4785
7846.5	0.478475
7847	0.47845
7847.5	0.478425
7848	0.4784
7848.5	0.478375
7849	0.47835
7849.5	0.478325
7850	0.4783
7850.5	0.47826
7851	0.47822
7851.5	0.47818
7852	0.47814
7852.5	0.4781
7853	0.47806
7853.5	0.47802
7854	0.47798
7854.5	0.47794
7855	0.4779
7855.5	0.47786
7856	0.47782
7856.5	0.47778
7857	0.47774
7857.5	0.4777
7858	0.47766
7858.5	0.47762
7859	0.47758
7859.5	0.47754
7860	0.4775
7860.5	0.47742
7861	0.47734
7861.5	0.47726
7862	0.47718
7862.5	0.4771
7863	0.47702
7863.5	0.47694
7864	0.47686
7864.5	0.47678
7865	0.4767
7865.5	0.47662
7866	0.47654
7866.5	0.47646
7867	0.47638
7867.5	0.4763
7868	0.47622
7868.5	0.47614
7869	0.47606
7869.5	0.47598
7870	0.4759
7870.5	0.475835
7871	0.47577
7871.5	0.475705
7872	0.47564
7872.5	0.475575
7873	0.47551
7873.5	0.475445
7874	0.47538
7874.5	0.475315
7875	0.47525
7875.5	0.475185
7876	0.47512
7876.5	0.475055
7877	0.47499
7877.5	0.474925
7878	0.47486
7878.5	0.474795
7879	0.47473
7879.5	0.474665
7880	0.4746
7880.5	0.47453
7881	0.47446
7881.5	0.47439
7882	0.47432
7882.5	0.47425
7883	0.47418
7883.5	0.47411
7884	0.47404
7884.5	0.47397
7885	0.4739
7885.5	0.47383
7886	0.47376
7886.5	0.47369
7887	0.47362
7887.5	0.47355
7888	0.47348
7888.5	0.47341
7889	0.47334
7889.5	0.47327
7890	0.4732
7890.5	0.473095
7891	0.47299
7891.5	0.472885
7892	0.47278
7892.5	0.472675
7893	0.47257
7893.5	0.472465
7894	0.47236
7894.5	0.472255
7895	0.47215
7895.5	0.472045
7896	0.47194
7896.5	0.471835
7897	0.47173
7897.5	0.471625
7898	0.47152
7898.5	0.471415
7899	0.47131
7899.5	0.471205
7900	0.4711
7900.5	0.4711
7901	0.4711
7901.5	0.4711
7902	0.4711
7902.5	0.4711
7903	0.4711
7903.5	0.4711
7904	0.4711
7904.5	0.4711
7905	0.4711
7905.5	0.4711
7906	0.4711
7906.5	0.4711
7907	0.4711
7907.5	0.4711
7908	0.4711
7908.5	0.4711
7909	0.4711
7909.5	0.4711
7910	0.4711
7910.5	0.47106
7911	0.47102
7911.5	0.47098
7912	0.47094
7912.5	0.4709
7913	0.47086
7913.5	0.47082
7914	0.47078
7914.5	0.47074
7915	0.4707
7915.5	0.47066
7916	0.47062
7916.5	0.47058
7917	0.47054
7917.5	0.4705
7918	0.47046
7918.5	0.47042
7919	0.47038
7919.5	0.47034
7920	0.4703
7920.5	0.470255
7921	0.47021
7921.5	0.470165
7922	0.47012
7922.5	0.470075
7923	0.47003
7923.5	0.469985
7924	0.46994
7924.5	0.469895
7925	0.46985
7925.5	0.469805
7926	0.46976
7926.5	0.469715
7927	0.46967
7927.5	0.469625
7928	0.46958
7928.5	0.469535
7929	0.46949
7929.5	0.469445
7930	0.4694
7930.5	0.46943
7931	0.46946
7931.5	0.46949
7932	0.46952
7932.5	0.46955
7933	0.46958
7933.5	0.46961
7934	0.46964
7934.5	0.46967
7935	0.4697
7935.5	0.46973
7936	0.46976
7936.5	0.46979
7937	0.46982
7937.5	0.46985
7938	0.46988
7938.5	0.46991
7939	0.46994
7939.5	0.46997
7940	0.47
7940.5	0.46996
7941	0.46992
7941.5	0.46988
7942	0.46984
7942.5	0.4698
7943	0.46976
7943.5	0.46972
7944	0.46968
7944.5	0.46964
7945	0.4696
7945.5	0.46956
7946	0.46952
7946.5	0.46948
7947	0.46944
7947.5	0.4694
7948	0.46936
7948.5	0.46932
7949	0.46928
7949.5	0.46924
7950	0.4692
7950.5	0.46911
7951	0.46902
7951.5	0.46893
7952	0.46884
7952.5	0.46875
7953	0.46866
7953.5	0.46857
7954	0.46848
7954.5	0.46839
7955	0.4683
7955.5	0.46821
7956	0.46812
7956.5	0.46803
7957	0.46794
7957.5	0.46785
7958	0.46776
7958.5	0.46767
7959	0.46758
7959.5	0.46749
7960	0.4674
7960.5	0.467425
7961	0.46745
7961.5	0.467475
7962	0.4675
7962.5	0.467525
7963	0.46755
7963.5	0.467575
7964	0.4676
7964.5	0.467625
7965	0.46765
7965.5	0.467675
7966	0.4677
7966.5	0.467725
7967	0.46775
7967.5	0.467775
7968	0.4678
7968.5	0.467825
7969	0.46785
7969.5	0.467875
7970	0.4679
7970.5	0.467965
7971	0.46803
7971.5	0.468095
7972	0.46816
7972.5	0.468225
7973	0.46829
7973.5	0.468355
7974	0.46842
7974.5	0.468485
7975	0.46855
7975.5	0.468615
7976	0.46868
7976.5	0.468745
7977	0.46881
7977.5	0.468875
7978	0.46894
7978.5	0.469005
7979	0.46907
7979.5	0.469135
7980	0.4692
7980.5	0.46918
7981	0.46916
7981.5	0.46914
7982	0.46912
7982.5	0.4691
7983	0.46908
7983.5	0.46906
7984	0.46904
7984.5	0.46902
7985	0.469
7985.5	0.46898
7986	0.46896
7986.5	0.46894
7987	0.46892
7987.5	0.4689
7988	0.46888
7988.5	0.46886
7989	0.46884
7989.5	0.46882
7990	0.4688
7990.5	0.46877
7991	0.46874
7991.5	0.46871
7992	0.46868
7992.5	0.46865
7993	0.46862
7993.5	0.46859
7994	0.46856
7994.5	0.46853
7995	0.4685
7995.5	0.46847
7996	0.46844
7996.5	0.46841
7997	0.46838
7997.5	0.46835
7998	0.46832
7998.5	0.46829
7999	0.46826
7999.5	0.46823
8000	0.4682
8000.5	0.468155
8001	0.46811
8001.5	0.468065
8002	0.46802
8002.5	0.467975
8003	0.46793
8003.5	0.467885
8004	0.46784
8004.5	0.467795
8005	0.46775
8005.5	0.467705
8006	0.46766
8006.5	0.467615
8007	0.46757
8007.5	0.467525
8008	0.46748
8008.5	0.467435
8009	0.46739
8009.5	0.467345
8010	0.4673
8010.5	0.467255
8011	0.46721
8011.5	0.467165
8012	0.46712
8012.5	0.467075
8013	0.46703
8013.5	0.466985
8014	0.46694
8014.5	0.466895
8015	0.46685
8015.5	0.466805
8016	0.46676
8016.5	0.466715
8017	0.46667
8017.5	0.466625
8018	0.46658
8018.5	0.466535
8019	0.46649
8019.5	0.466445
8020	0.4664
8020.5	0.46638
8021	0.46636
8021.5	0.46634
8022	0.46632
8022.5	0.4663
8023	0.46628
8023.5	0.46626
8024	0.46624
8024.5	0.46622
8025	0.4662
8025.5	0.46618
8026	0.46616
8026.5	0.46614
8027	0.46612
8027.5	0.4661
8028	0.46608
8028.5	0.46606
8029	0.46604
8029.5	0.46602
8030	0.466
8030.5	0.466
8031	0.466
8031.5	0.466
8032	0.466
8032.5	0.466
8033	0.466
8033.5	0.466
8034	0.466
8034.5	0.466
8035	0.466
8035.5	0.466
8036	0.466
8036.5	0.466
8037	0.466
8037.5	0.466
8038	0.466
8038.5	0.466
8039	0.466
8039.5	0.466
8040	0.466
8040.5	0.46603
8041	0.46606
8041.5	0.46609
8042	0.46612
8042.5	0.46615
8043	0.46618
8043.5	0.46621
8044	0.46624
8044.5	0.46627
8045	0.4663
8045.5	0.46633
8046	0.46636
8046.5	0.46639
8047	0.46642
8047.5	0.46645
8048	0.46648
8048.5	0.46651
8049	0.46654
8049.5	0.46657
8050	0.4666
8050.5	0.466645
8051	0.46669
8051.5	0.466735
8052	0.46678
8052.5	0.466825
8053	0.46687
8053.5	0.466915
8054	0.46696
8054.5	0.467005
8055	0.46705
8055.5	0.467095
8056	0.46714
8056.5	0.467185
8057	0.46723
8057.5	0.467275
8058	0.46732
8058.5	0.467365
8059	0.46741
8059.5	0.467455
8060	0.4675
8060.5	0.46749
8061	0.46748
8061.5	0.46747
8062	0.46746
8062.5	0.46745
8063	0.46744
8063.5	0.46743
8064	0.46742
8064.5	0.46741
8065	0.4674
8065.5	0.46739
8066	0.46738
8066.5	0.46737
8067	0.46736
8067.5	0.46735
8068	0.46734
8068.5	0.46733
8069	0.46732
8069.5	0.46731
8070	0.4673
8070.5	0.46731
8071	0.46732
8071.5	0.46733
8072	0.46734
8072.5	0.46735
8073	0.46736
8073.5	0.46737
8074	0.46738
8074.5	0.46739
8075	0.4674
8075.5	0.46741
8076	0.46742
8076.5	0.46743
8077	0.46744
8077.5	0.46745
8078	0.46746
8078.5	0.46747
8079	0.46748
8079.5	0.46749
8080	0.4675
8080.5	0.46742
8081	0.46734
8081.5	0.46726
8082	0.46718
8082.5	0.4671
8083	0.46702
8083.5	0.46694
8084	0.46686
8084.5	0.46678
8085	0.4667
8085.5	0.46662
8086	0.46654
8086.5	0.46646
8087	0.46638
8087.5	0.4663
8088	0.46622
8088.5	0.46614
8089	0.46606
8089.5	0.46598
8090	0.4659
8090.5	0.465825
8091	0.46575
8091.5	0.465675
8092	0.4656
8092.5	0.465525
8093	0.46545
8093.5	0.465375
8094	0.4653
8094.5	0.465225
8095	0.46515
8095.5	0.465075
8096	0.465
8096.5	0.464925
8097	0.46485
8097.5	0.464775
8098	0.4647
8098.5	0.464625
8099	0.46455
8099.5	0.464475
8100	0.4644
8100.5	0.46433
8101	0.46426
8101.5	0.46419
8102	0.46412
8102.5	0.46405
8103	0.46398
8103.5	0.46391
8104	0.46384
8104.5	0.46377
8105	0.4637
8105.5	0.46363
8106	0.46356
8106.5	0.46349
8107	0.46342
8107.5	0.46335
8108	0.46328
8108.5	0.46321
8109	0.46314
8109.5	0.46307
8110	0.463
8110.5	0.46288
8111	0.46276
8111.5	0.46264
8112	0.46252
8112.5	0.4624
8113	0.46228
8113.5	0.46216
8114	0.46204
8114.5	0.46192
8115	0.4618
8115.5	0.46168
8116	0.46156
8116.5	0.46144
8117	0.46132
8117.5	0.4612
8118	0.46108
8118.5	0.46096
8119	0.46084
8119.5	0.46072
8120	0.4606
8120.5	0.460485
8121	0.46037
8121.5	0.460255
8122	0.46014
8122.5	0.460025
8123	0.45991
8123.5	0.459795
8124	0.45968
8124.5	0.459565
8125	0.45945
8125.5	0.459335
8126	0.45922
8126.5	0.459105
8127	0.45899
8127.5	0.458875
8128	0.45876
8128.5	0.458645
8129	0.45853
8129.5	0.458415
8130	0.4583
8130.5	0.457985
8131	0.45767
8131.5	0.457355
8132	0.45704
8132.5	0.456725
8133	0.45641
8133.5	0.456095
8134	0.45578
8134.5	0.455465
8135	0.45515
8135.5	0.454835
8136	0.45452
8136.5	0.454205
8137	0.45389
8137.5	0.453575
8138	0.45326
8138.5	0.452945
8139	0.45263
8139.5	0.452315
8140	0.452
8140.5	0.45198
8141	0.45196
8141.5	0.45194
8142	0.45192
8142.5	0.4519
8143	0.45188
8143.5	0.45186
8144	0.45184
8144.5	0.45182
8145	0.4518
8145.5	0.45178
8146	0.45176
8146.5	0.45174
8147	0.45172
8147.5	0.4517
8148	0.45168
8148.5	0.45166
8149	0.45164
8149.5	0.45162
8150	0.4516
8150.5	0.45125
8151	0.4509
8151.5	0.45055
8152	0.4502
8152.5	0.44985
8153	0.4495
8153.5	0.44915
8154	0.4488
8154.5	0.44845
8155	0.4481
8155.5	0.44775
8156	0.4474
8156.5	0.44705
8157	0.4467
8157.5	0.44635
8158	0.446
8158.5	0.44565
8159	0.4453
8159.5	0.44495
8160	0.4446
8160.5	0.444615
8161	0.44463
8161.5	0.444645
8162	0.44466
8162.5	0.444675
8163	0.44469
8163.5	0.444705
8164	0.44472
8164.5	0.444735
8165	0.44475
8165.5	0.444765
8166	0.44478
8166.5	0.444795
8167	0.44481
8167.5	0.444825
8168	0.44484
8168.5	0.444855
8169	0.44487
8169.5	0.444885
8170	0.4449
8170.5	0.444845
8171	0.44479
8171.5	0.444735
8172	0.44468
8172.5	0.444625
8173	0.44457
8173.5	0.444515
8174	0.44446
8174.5	0.444405
8175	0.44435
8175.5	0.444295
8176	0.44424
8176.5	0.444185
8177	0.44413
8177.5	0.444075
8178	0.44402
8178.5	0.443965
8179	0.44391
8179.5	0.443855
8180	0.4438
8180.5	0.44414
8181	0.44448
8181.5	0.44482
8182	0.44516
8182.5	0.4455
8183	0.44584
8183.5	0.44618
8184	0.44652
8184.5	0.44686
8185	0.4472
8185.5	0.44754
8186	0.44788
8186.5	0.44822
8187	0.44856
8187.5	0.4489
8188	0.44924
8188.5	0.44958
8189	0.44992
8189.5	0.45026
8190	0.4506
8190.5	0.4504
8191	0.4502
8191.5	0.45
8192	0.4498
8192.5	0.4496
8193	0.4494
8193.5	0.4492
8194	0.449
8194.5	0.4488
8195	0.4486
8195.5	0.4484
8196	0.4482
8196.5	0.448
8197	0.4478
8197.5	0.4476
8198	0.4474
8198.5	0.4472
8199	0.447
8199.5	0.4468
8200	0.4466
8200.5	0.447115
8201	0.44763
8201.5	0.448145
8202	0.44866
8202.5	0.449175
8203	0.44969
8203.5	0.450205
8204	0.45072
8204.5	0.451235
8205	0.45175
8205.5	0.452265
8206	0.45278
8206.5	0.453295
8207	0.45381
8207.5	0.454325
8208	0.45484
8208.5	0.455355
8209	0.45587
8209.5	0.456385
8210	0.4569
8210.5	0.456745
8211	0.45659
8211.5	0.456435
8212	0.45628
8212.5	0.456125
8213	0.45597
8213.5	0.455815
8214	0.45566
8214.5	0.455505
8215	0.45535
8215.5	0.455195
8216	0.45504
8216.5	0.454885
8217	0.45473
8217.5	0.454575
8218	0.45442
8218.5	0.454265
8219	0.45411
8219.5	0.453955
8220	0.4538
8220.5	0.452405
8221	0.45101
8221.5	0.449615
8222	0.44822
8222.5	0.446825
8223	0.44543
8223.5	0.444035
8224	0.44264
8224.5	0.441245
8225	0.43985
8225.5	0.438455
8226	0.43706
8226.5	0.435665
8227	0.43427
8227.5	0.432875
8228	0.43148
8228.5	0.430085
8229	0.42869
8229.5	0.427295
8230	0.4259
8230.5	0.42712
8231	0.42834
8231.5	0.42956
8232	0.43078
8232.5	0.432
8233	0.43322
8233.5	0.43444
8234	0.43566
8234.5	0.43688
8235	0.4381
8235.5	0.43932
8236	0.44054
8236.5	0.44176
8237	0.44298
8237.5	0.4442
8238	0.44542
8238.5	0.44664
8239	0.44786
8239.5	0.44908
8240	0.4503
8240.5	0.45039
8241	0.45048
8241.5	0.45057
8242	0.45066
8242.5	0.45075
8243	0.45084
8243.5	0.45093
8244	0.45102
8244.5	0.45111
8245	0.4512
8245.5	0.45129
8246	0.45138
8246.5	0.45147
8247	0.45156
8247.5	0.45165
8248	0.45174
8248.5	0.45183
8249	0.45192
8249.5	0.45201
8250	0.4521
8250.5	0.452
8251	0.4519
8251.5	0.4518
8252	0.4517
8252.5	0.4516
8253	0.4515
8253.5	0.4514
8254	0.4513
8254.5	0.4512
8255	0.4511
8255.5	0.451
8256	0.4509
8256.5	0.4508
8257	0.4507
8257.5	0.4506
8258	0.4505
8258.5	0.4504
8259	0.4503
8259.5	0.4502
8260	0.4501
8260.5	0.450325
8261	0.45055
8261.5	0.450775
8262	0.451
8262.5	0.451225
8263	0.45145
8263.5	0.451675
8264	0.4519
8264.5	0.452125
8265	0.45235
8265.5	0.452575
8266	0.4528
8266.5	0.453025
8267	0.45325
8267.5	0.453475
8268	0.4537
8268.5	0.453925
8269	0.45415
8269.5	0.454375
8270	0.4546
8270.5	0.45409
8271	0.45358
8271.5	0.45307
8272	0.45256
8272.5	0.45205
8273	0.45154
8273.5	0.45103
8274	0.45052
8274.5	0.45001
8275	0.4495
8275.5	0.44899
8276	0.44848
8276.5	0.44797
8277	0.44746
8277.5	0.44695
8278	0.44644
8278.5	0.44593
8279	0.44542
8279.5	0.44491
8280	0.4444
8280.5	0.4447
8281	0.445
8281.5	0.4453
8282	0.4456
8282.5	0.4459
8283	0.4462
8283.5	0.4465
8284	0.4468
8284.5	0.4471
8285	0.4474
8285.5	0.4477
8286	0.448
8286.5	0.4483
8287	0.4486
8287.5	0.4489
8288	0.4492
8288.5	0.4495
8289	0.4498
8289.5	0.4501
8290	0.4504
8290.5	0.450305
8291	0.45021
8291.5	0.450115
8292	0.45002
8292.5	0.449925
8293	0.44983
8293.5	0.449735
8294	0.44964
8294.5	0.449545
8295	0.44945
8295.5	0.449355
8296	0.44926
8296.5	0.449165
8297	0.44907
8297.5	0.448975
8298	0.44888
8298.5	0.448785
8299	0.44869
8299.5	0.448595
8300	0.4485
8300.5	0.44847
8301	0.44844
8301.5	0.44841
8302	0.44838
8302.5	0.44835
8303	0.44832
8303.5	0.44829
8304	0.44826
8304.5	0.44823
8305	0.4482
8305.5	0.44817
8306	0.44814
8306.5	0.44811
8307	0.44808
8307.5	0.44805
8308	0.44802
8308.5	0.44799
8309	0.44796
8309.5	0.44793
8310	0.4479
8310.5	0.44767
8311	0.44744
8311.5	0.44721
8312	0.44698
8312.5	0.44675
8313	0.44652
8313.5	0.44629
8314	0.44606
8314.5	0.44583
8315	0.4456
8315.5	0.44537
8316	0.44514
8316.5	0.44491
8317	0.44468
8317.5	0.44445
8318	0.44422
8318.5	0.44399
8319	0.44376
8319.5	0.44353
8320	0.4433
8320.5	0.44357
8321	0.44384
8321.5	0.44411
8322	0.44438
8322.5	0.44465
8323	0.44492
8323.5	0.44519
8324	0.44546
8324.5	0.44573
8325	0.446
8325.5	0.44627
8326	0.44654
8326.5	0.44681
8327	0.44708
8327.5	0.44735
8328	0.44762
8328.5	0.44789
8329	0.44816
8329.5	0.44843
8330	0.4487
8330.5	0.44849
8331	0.44828
8331.5	0.44807
8332	0.44786
8332.5	0.44765
8333	0.44744
8333.5	0.44723
8334	0.44702
8334.5	0.44681
8335	0.4466
8335.5	0.44639
8336	0.44618
8336.5	0.44597
8337	0.44576
8337.5	0.44555
8338	0.44534
8338.5	0.44513
8339	0.44492
8339.5	0.44471
8340	0.4445
8340.5	0.4445
8341	0.4445
8341.5	0.4445
8342	0.4445
8342.5	0.4445
8343	0.4445
8343.5	0.4445
8344	0.4445
8344.5	0.4445
8345	0.4445
8345.5	0.4445
8346	0.4445
8346.5	0.4445
8347	0.4445
8347.5	0.4445
8348	0.4445
8348.5	0.4445
8349	0.4445
8349.5	0.4445
8350	0.4445
8350.5	0.444245
8351	0.44399
8351.5	0.443735
8352	0.44348
8352.5	0.443225
8353	0.44297
8353.5	0.442715
8354	0.44246
8354.5	0.442205
8355	0.44195
8355.5	0.441695
8356	0.44144
8356.5	0.441185
8357	0.44093
8357.5	0.440675
8358	0.44042
8358.5	0.440165
8359	0.43991
8359.5	0.439655
8360	0.4394
8360.5	0.439275
8361	0.43915
8361.5	0.439025
8362	0.4389
8362.5	0.438775
8363	0.43865
8363.5	0.438525
8364	0.4384
8364.5	0.438275
8365	0.43815
8365.5	0.438025
8366	0.4379
8366.5	0.437775
8367	0.43765
8367.5	0.437525
8368	0.4374
8368.5	0.437275
8369	0.43715
8369.5	0.437025
8370	0.4369
8370.5	0.436635
8371	0.43637
8371.5	0.436105
8372	0.43584
8372.5	0.435575
8373	0.43531
8373.5	0.435045
8374	0.43478
8374.5	0.434515
8375	0.43425
8375.5	0.433985
8376	0.43372
8376.5	0.433455
8377	0.43319
8377.5	0.432925
8378	0.43266
8378.5	0.432395
8379	0.43213
8379.5	0.431865
8380	0.4316
8380.5	0.431185
8381	0.43077
8381.5	0.430355
8382	0.42994
8382.5	0.429525
8383	0.42911
8383.5	0.428695
8384	0.42828
8384.5	0.427865
8385	0.42745
8385.5	0.427035
8386	0.42662
8386.5	0.426205
8387	0.42579
8387.5	0.425375
8388	0.42496
8388.5	0.424545
8389	0.42413
8389.5	0.423715
8390	0.4233
8390.5	0.422805
8391	0.42231
8391.5	0.421815
8392	0.42132
8392.5	0.420825
8393	0.42033
8393.5	0.419835
8394	0.41934
8394.5	0.418845
8395	0.41835
8395.5	0.417855
8396	0.41736
8396.5	0.416865
8397	0.41637
8397.5	0.415875
8398	0.41538
8398.5	0.414885
8399	0.41439
8399.5	0.413895
8400	0.4134
8400.5	0.412715
8401	0.41203
8401.5	0.411345
8402	0.41066
8402.5	0.409975
8403	0.40929
8403.5	0.408605
8404	0.40792
8404.5	0.407235
8405	0.40655
8405.5	0.405865
8406	0.40518
8406.5	0.404495
8407	0.40381
8407.5	0.403125
8408	0.40244
8408.5	0.401755
8409	0.40107
8409.5	0.400385
8410	0.3997
8410.5	0.39898
8411	0.39826
8411.5	0.39754
8412	0.39682
8412.5	0.3961
8413	0.39538
8413.5	0.39466
8414	0.39394
8414.5	0.39322
8415	0.3925
8415.5	0.39178
8416	0.39106
8416.5	0.39034
8417	0.38962
8417.5	0.3889
8418	0.38818
8418.5	0.38746
8419	0.38674
8419.5	0.38602
8420	0.3853
8420.5	0.384415
8421	0.38353
8421.5	0.382645
8422	0.38176
8422.5	0.380875
8423	0.37999
8423.5	0.379105
8424	0.37822
8424.5	0.377335
8425	0.37645
8425.5	0.375565
8426	0.37468
8426.5	0.373795
8427	0.37291
8427.5	0.372025
8428	0.37114
8428.5	0.370255
8429	0.36937
8429.5	0.368485
8430	0.3676
8430.5	0.36651
8431	0.36542
8431.5	0.36433
8432	0.36324
8432.5	0.36215
8433	0.36106
8433.5	0.35997
8434	0.35888
8434.5	0.35779
8435	0.3567
8435.5	0.35561
8436	0.35452
8436.5	0.35343
8437	0.35234
8437.5	0.35125
8438	0.35016
8438.5	0.34907
8439	0.34798
8439.5	0.34689
8440	0.3458
8440.5	0.34382
8441	0.34184
8441.5	0.33986
8442	0.33788
8442.5	0.3359
8443	0.33392
8443.5	0.33194
8444	0.32996
8444.5	0.32798
8445	0.326
8445.5	0.32402
8446	0.32204
8446.5	0.32006
8447	0.31808
8447.5	0.3161
8448	0.31412
8448.5	0.31214
8449	0.31016
8449.5	0.30818
8450	0.3062
8450.5	0.304205
8451	0.30221
8451.5	0.300215
8452	0.29822
8452.5	0.296225
8453	0.29423
8453.5	0.292235
8454	0.29024
8454.5	0.288245
8455	0.28625
8455.5	0.284255
8456	0.28226
8456.5	0.280265
8457	0.27827
8457.5	0.276275
8458	0.27428
8458.5	0.272285
8459	0.27029
8459.5	0.268295
8460	0.2663
8460.5	0.2653
8461	0.2643
8461.5	0.2633
8462	0.2623
8462.5	0.2613
8463	0.2603
8463.5	0.2593
8464	0.2583
8464.5	0.2573
8465	0.2563
8465.5	0.2553
8466	0.2543
8466.5	0.2533
8467	0.2523
8467.5	0.2513
8468	0.2503
8468.5	0.2493
8469	0.2483
8469.5	0.2473
8470	0.2463
8470.5	0.24545
8471	0.2446
8471.5	0.24375
8472	0.2429
8472.5	0.24205
8473	0.2412
8473.5	0.24035
8474	0.2395
8474.5	0.23865
8475	0.2378
8475.5	0.23695
8476	0.2361
8476.5	0.23525
8477	0.2344
8477.5	0.23355
8478	0.2327
8478.5	0.23185
8479	0.231
8479.5	0.23015
8480	0.2293
8480.5	0.22846
8481	0.22762
8481.5	0.22678
8482	0.22594
8482.5	0.2251
8483	0.22426
8483.5	0.22342
8484	0.22258
8484.5	0.22174
8485	0.2209
8485.5	0.22006
8486	0.21922
8486.5	0.21838
8487	0.21754
8487.5	0.2167
8488	0.21586
8488.5	0.21502
8489	0.21418
8489.5	0.21334
8490	0.2125
8490.5	0.211665
8491	0.21083
8491.5	0.209995
8492	0.20916
8492.5	0.208325
8493	0.20749
8493.5	0.206655
8494	0.20582
8494.5	0.204985
8495	0.20415
8495.5	0.203315
8496	0.20248
8496.5	0.201645
8497	0.20081
8497.5	0.199975
8498	0.19914
8498.5	0.198305
8499	0.19747
8499.5	0.196635
8500	0.1958
8500.5	0.19502
8501	0.19424
8501.5	0.19346
8502	0.19268
8502.5	0.1919
8503	0.19112
8503.5	0.19034
8504	0.18956
8504.5	0.18878
8505	0.188
8505.5	0.18722
8506	0.18644
8506.5	0.18566
8507	0.18488
8507.5	0.1841
8508	0.18332
8508.5	0.18254
8509	0.18176
8509.5	0.18098
8510	0.1802
8510.5	0.179435
8511	0.17867
8511.5	0.177905
8512	0.17714
8512.5	0.176375
8513	0.17561
8513.5	0.174845
8514	0.17408
8514.5	0.173315
8515	0.17255
8515.5	0.171785
8516	0.17102
8516.5	0.170255
8517	0.16949
8517.5	0.168725
8518	0.16796
8518.5	0.167195
8519	0.16643
8519.5	0.165665
8520	0.1649
8520.5	0.16415
8521	0.1634
8521.5	0.16265
8522	0.1619
8522.5	0.16115
8523	0.1604
8523.5	0.15965
8524	0.1589
8524.5	0.15815
8525	0.1574
8525.5	0.15665
8526	0.1559
8526.5	0.15515
8527	0.1544
8527.5	0.15365
8528	0.1529
8528.5	0.15215
8529	0.1514
8529.5	0.15065
8530	0.1499
8530.5	0.14916
8531	0.14842
8531.5	0.14768
8532	0.14694
8532.5	0.1462
8533	0.14546
8533.5	0.14472
8534	0.14398
8534.5	0.14324
8535	0.1425
8535.5	0.14176
8536	0.14102
8536.5	0.14028
8537	0.13954
8537.5	0.1388
8538	0.13806
8538.5	0.13732
8539	0.13658
8539.5	0.13584
8540	0.1351
8540.5	0.13444
8541	0.13378
8541.5	0.13312
8542	0.13246
8542.5	0.1318
8543	0.13114
8543.5	0.13048
8544	0.12982
8544.5	0.12916
8545	0.1285
8545.5	0.12784
8546	0.12718
8546.5	0.12652
8547	0.12586
8547.5	0.1252
8548	0.12454
8548.5	0.12388
8549	0.12322
8549.5	0.12256
8550	0.1219
8550.5	0.12123
8551	0.12056
8551.5	0.11989
8552	0.11922
8552.5	0.11855
8553	0.11788
8553.5	0.11721
8554	0.11654
8554.5	0.11587
8555	0.1152
8555.5	0.11453
8556	0.11386
8556.5	0.11319
8557	0.11252
8557.5	0.11185
8558	0.11118
8558.5	0.11051
8559	0.10984
8559.5	0.10917
8560	0.1085
8560.5	0.107735
8561	0.10697
8561.5	0.106205
8562	0.10544
8562.5	0.104675
8563	0.10391
8563.5	0.103145
8564	0.10238
8564.5	0.101615
8565	0.10085
8565.5	0.100085
8566	0.09932
8566.5	0.098555
8567	0.09779
8567.5	0.097025
8568	0.09626
8568.5	0.095495
8569	0.09473
8569.5	0.093965
8570	0.0932
8570.5	0.092455
8571	0.09171
8571.5	0.090965
8572	0.09022
8572.5	0.089475
8573	0.08873
8573.5	0.087985
8574	0.08724
8574.5	0.086495
8575	0.08575
8575.5	0.085005
8576	0.08426
8576.5	0.083515
8577	0.08277
8577.5	0.082025
8578	0.08128
8578.5	0.080535
8579	0.07979
8579.5	0.079045
8580	0.0783
8580.5	0.0778
8581	0.0773
8581.5	0.0768
8582	0.0763
8582.5	0.0758
8583	0.0753
8583.5	0.0748
8584	0.0743
8584.5	0.0738
8585	0.0733
8585.5	0.0728
8586	0.0723
8586.5	0.0718
8587	0.0713
8587.5	0.0708
8588	0.0703
8588.5	0.0698
8589	0.0693
8589.5	0.0688
8590	0.0683
8590.5	0.067855
8591	0.06741
8591.5	0.066965
8592	0.06652
8592.5	0.066075
8593	0.06563
8593.5	0.065185
8594	0.06474
8594.5	0.064295
8595	0.06385
8595.5	0.063405
8596	0.06296
8596.5	0.062515
8597	0.06207
8597.5	0.061625
8598	0.06118
8598.5	0.060735
8599	0.06029
8599.5	0.059845
8600	0.0594
8600.5	0.05906
8601	0.05872
8601.5	0.05838
8602	0.05804
8602.5	0.0577
8603	0.05736
8603.5	0.05702
8604	0.05668
8604.5	0.05634
8605	0.056
8605.5	0.05566
8606	0.05532
8606.5	0.05498
8607	0.05464
8607.5	0.0543
8608	0.05396
8608.5	0.05362
8609	0.05328
8609.5	0.05294
8610	0.0526
8610.5	0.052295
8611	0.05199
8611.5	0.051685
8612	0.05138
8612.5	0.051075
8613	0.05077
8613.5	0.050465
8614	0.05016
8614.5	0.049855
8615	0.04955
8615.5	0.049245
8616	0.04894
8616.5	0.048635
8617	0.04833
8617.5	0.048025
8618	0.04772
8618.5	0.047415
8619	0.04711
8619.5	0.046805
8620	0.0465
8620.5	0.046265
8621	0.04603
8621.5	0.045795
8622	0.04556
8622.5	0.045325
8623	0.04509
8623.5	0.044855
8624	0.04462
8624.5	0.044385
8625	0.04415
8625.5	0.043915
8626	0.04368
8626.5	0.043445
8627	0.04321
8627.5	0.042975
8628	0.04274
8628.5	0.042505
8629	0.04227
8629.5	0.042035
8630	0.0418
8630.5	0.041545
8631	0.04129
8631.5	0.041035
8632	0.04078
8632.5	0.040525
8633	0.04027
8633.5	0.040015
8634	0.03976
8634.5	0.039505
8635	0.03925
8635.5	0.038995
8636	0.03874
8636.5	0.038485
8637	0.03823
8637.5	0.037975
8638	0.03772
8638.5	0.037465
8639	0.03721
8639.5	0.036955
8640	0.0367
8640.5	0.036255
8641	0.03581
8641.5	0.035365
8642	0.03492
8642.5	0.034475
8643	0.03403
8643.5	0.033585
8644	0.03314
8644.5	0.032695
8645	0.03225
8645.5	0.031805
8646	0.03136
8646.5	0.030915
8647	0.03047
8647.5	0.030025
8648	0.02958
8648.5	0.029135
8649	0.02869
8649.5	0.028245
8650	0.0278
8650.5	0.027375
8651	0.02695
8651.5	0.026525
8652	0.0261
8652.5	0.025675
8653	0.02525
8653.5	0.024825
8654	0.0244
8654.5	0.023975
8655	0.02355
8655.5	0.023125
8656	0.0227
8656.5	0.022275
8657	0.02185
8657.5	0.021425
8658	0.021
8658.5	0.020575
8659	0.02015
8659.5	0.019725
8660	0.0193
8660.5	0.01922
8661	0.01914
8661.5	0.01906
8662	0.01898
8662.5	0.0189
8663	0.01882
8663.5	0.01874
8664	0.01866
8664.5	0.01858
8665	0.0185
8665.5	0.01842
8666	0.01834
8666.5	0.01826
8667	0.01818
8667.5	0.0181
8668	0.01802
8668.5	0.01794
8669	0.01786
8669.5	0.01778
8670	0.0177
8670.5	0.01764
8671	0.01758
8671.5	0.01752
8672	0.01746
8672.5	0.0174
8673	0.01734
8673.5	0.01728
8674	0.01722
8674.5	0.01716
8675	0.0171
8675.5	0.01704
8676	0.01698
8676.5	0.01692
8677	0.01686
8677.5	0.0168
8678	0.01674
8678.5	0.01668
8679	0.01662
8679.5	0.01656
8680	0.0165
8680.5	0.01624
8681	0.01598
8681.5	0.01572
8682	0.01546
8682.5	0.0152
8683	0.01494
8683.5	0.01468
8684	0.01442
8684.5	0.01416
8685	0.0139
8685.5	0.01364
8686	0.01338
8686.5	0.01312
8687	0.01286
8687.5	0.0126
8688	0.01234
8688.5	0.01208
8689	0.01182
8689.5	0.01156
8690	0.0113
8690.5	0.01105
8691	0.0108
8691.5	0.01055
8692	0.0103
8692.5	0.01005
8693	0.0098
8693.5	0.00955
8694	0.0093
8694.5	0.00905
8695	0.0088
8695.5	0.00855
8696	0.0083
8696.5	0.00805
8697	0.0078
8697.5	0.00755
8698	0.0073
8698.5	0.00705
8699	0.0068
8699.5	0.00655
8700	0.0063
8700.5	0.00633
8701	0.00636
8701.5	0.00639
8702	0.00642
8702.5	0.00645
8703	0.00648
8703.5	0.00651
8704	0.00654
8704.5	0.00657
8705	0.0066
8705.5	0.00663
8706	0.00666
8706.5	0.00669
8707	0.00672
8707.5	0.00675
8708	0.00678
8708.5	0.00681
8709	0.00684
8709.5	0.00687
8710	0.0069
8710.5	0.006945
8711	0.00699
8711.5	0.007035
8712	0.00708
8712.5	0.007125
8713	0.00717
8713.5	0.007215
8714	0.00726
8714.5	0.007305
8715	0.00735
8715.5	0.007395
8716	0.00744
8716.5	0.007485
8717	0.00753
8717.5	0.007575
8718	0.00762
8718.5	0.007665
8719	0.00771
8719.5	0.007755
8720	0.0078
8720.5	0.007705
8721	0.00761
8721.5	0.007515
8722	0.00742
8722.5	0.007325
8723	0.00723
8723.5	0.007135
8724	0.00704
8724.5	0.006945
8725	0.00685
8725.5	0.006755
8726	0.00666
8726.5	0.006565
8727	0.00647
8727.5	0.006375
8728	0.00628
8728.5	0.006185
8729	0.00609
8729.5	0.005995
8730	0.0059
8730.5	0.005815
8731	0.00573
8731.5	0.005645
8732	0.00556
8732.5	0.005475
8733	0.00539
8733.5	0.005305
8734	0.00522
8734.5	0.005135
8735	0.00505
8735.5	0.004965
8736	0.00488
8736.5	0.004795
8737	0.00471
8737.5	0.004625
8738	0.00454
8738.5	0.004455
8739	0.00437
8739.5	0.004285
8740	0.0042
8740.5	0.00428
8741	0.00436
8741.5	0.00444
8742	0.00452
8742.5	0.0046
8743	0.00468
8743.5	0.00476
8744	0.00484
8744.5	0.00492
8745	0.005
8745.5	0.00508
8746	0.00516
8746.5	0.00524
8747	0.00532
8747.5	0.0054
8748	0.00548
8748.5	0.00556
8749	0.00564
8749.5	0.00572
8750	0.0058
8750.5	0.00588
8751	0.00596
8751.5	0.00604
8752	0.00612
8752.5	0.0062
8753	0.00628
8753.5	0.00636
8754	0.00644
8754.5	0.00652
8755	0.0066
8755.5	0.00668
8756	0.00676
8756.5	0.00684
8757	0.00692
8757.5	0.007
8758	0.00708
8758.5	0.00716
8759	0.00724
8759.5	0.00732
8760	0.0074
8760.5	0.00728
8761	0.00716
8761.5	0.00704
8762	0.00692
8762.5	0.0068
8763	0.00668
8763.5	0.00656
8764	0.00644
8764.5	0.00632
8765	0.0062
8765.5	0.00608
8766	0.00596
8766.5	0.00584
8767	0.00572
8767.5	0.0056
8768	0.00548
8768.5	0.00536
8769	0.00524
8769.5	0.00512
8770	0.005
8770.5	0.00487
8771	0.00474
8771.5	0.00461
8772	0.00448
8772.5	0.00435
8773	0.00422
8773.5	0.00409
8774	0.00396
8774.5	0.00383
8775	0.0037
8775.5	0.00357
8776	0.00344
8776.5	0.00331
8777	0.00318
8777.5	0.00305
8778	0.00292
8778.5	0.00279
8779	0.00266
8779.5	0.00253
8780	0.0024
8780.5	0.002375
8781	0.00235
8781.5	0.002325
8782	0.0023
8782.5	0.002275
8783	0.00225
8783.5	0.002225
8784	0.0022
8784.5	0.002175
8785	0.00215
8785.5	0.002125
8786	0.0021
8786.5	0.002075
8787	0.00205
8787.5	0.002025
8788	0.002
8788.5	0.001975
8789	0.00195
8789.5	0.001925
8790	0.0019
8790.5	0.001905
8791	0.00191
8791.5	0.001915
8792	0.00192
8792.5	0.001925
8793	0.00193
8793.5	0.001935
8794	0.00194
8794.5	0.001945
8795	0.00195
8795.5	0.001955
8796	0.00196
8796.5	0.001965
8797	0.00197
8797.5	0.001975
8798	0.00198
8798.5	0.001985
8799	0.00199
8799.5	0.001995
8800	0.002
8800.5	0.00205
8801	0.0021
8801.5	0.00215
8802	0.0022
8802.5	0.00225
8803	0.0023
8803.5	0.00235
8804	0.0024
8804.5	0.00245
8805	0.0025
8805.5	0.00255
8806	0.0026
8806.5	0.00265
8807	0.0027
8807.5	0.00275
8808	0.0028
8808.5	0.00285
8809	0.0029
8809.5	0.00295
8810	0.003
8810.5	0.003025
8811	0.00305
8811.5	0.003075
8812	0.0031
8812.5	0.003125
8813	0.00315
8813.5	0.003175
8814	0.0032
8814.5	0.003225
8815	0.00325
8815.5	0.003275
8816	0.0033
8816.5	0.003325
8817	0.00335
8817.5	0.003375
8818	0.0034
8818.5	0.003425
8819	0.00345
8819.5	0.003475
8820	0.0035
8820.5	0.00334
8821	0.00318
8821.5	0.00302
8822	0.00286
8822.5	0.0027
8823	0.00254
8823.5	0.00238
8824	0.00222
8824.5	0.00206
8825	0.0019
8825.5	0.00174
8826	0.00158
8826.5	0.00142
8827	0.00126
8827.5	0.0011
8828	0.00094
8828.5	0.00078
8829	0.00062
8829.5	0.00046
8830	0.0003
8830.5	0.00014
8831	-2e-05
8831.5	-0.00018
8832	-0.00034
8832.5	-0.0005
8833	-0.00066
8833.5	-0.00082
8834	-0.00098
8834.5	-0.00114
8835	-0.0013
8835.5	-0.00146
8836	-0.00162
8836.5	-0.00178
8837	-0.00194
8837.5	-0.0021
8838	-0.00226
8838.5	-0.00242
8839	-0.00258
8839.5	-0.00274
8840	-0.0029
8840.5	-0.00283
8841	-0.00276
8841.5	-0.00269
8842	-0.00262
8842.5	-0.00255
8843	-0.00248
8843.5	-0.00241
8844	-0.00234
8844.5	-0.00227
8845	-0.0022
8845.5	-0.00213
8846	-0.00206
8846.5	-0.00199
8847	-0.00192
8847.5	-0.00185
8848	-0.00178
8848.5	-0.00171
8849	-0.00164
8849.5	-0.00157
8850	-0.0015
8850.5	-0.0014
8851	-0.0013
8851.5	-0.0012
8852	-0.0011
8852.5	-0.001
8853	-0.0009
8853.5	-0.0008
8854	-0.0007
8854.5	-0.0006
8855	-0.0005
8855.5	-0.0004
8856	-0.0003
8856.5	-0.0002
8857	-0.0001
8857.5	0
8858	0.0001
8858.5	0.0002
8859	0.0003
8859.5	0.0004
8860	0.0005
8860.5	0.00058
8861	0.00066
8861.5	0.00074
8862	0.00082
8862.5	0.0009
8863	0.00098
8863.5	0.00106
8864	0.00114
8864.5	0.00122
8865	0.0013
8865.5	0.00138
8866	0.00146
8866.5	0.00154
8867	0.00162
8867.5	0.0017
8868	0.00178
8868.5	0.00186
8869	0.00194
8869.5	0.00202
8870	0.0021
8870.5	0.00216
8871	0.00222
8871.5	0.00228
8872	0.00234
8872.5	0.0024
8873	0.00246
8873.5	0.00252
8874	0.00258
8874.5	0.00264
8875	0.0027
8875.5	0.00276
8876	0.00282
8876.5	0.00288
8877	0.00294
8877.5	0.003
8878	0.00306
8878.5	0.00312
8879	0.00318
8879.5	0.00324
8880	0.0033
8880.5	0.00323
8881	0.00316
8881.5	0.00309
8882	0.00302
8882.5	0.00295
8883	0.00288
8883.5	0.00281
8884	0.00274
8884.5	0.00267
8885	0.0026
8885.5	0.00253
8886	0.00246
8886.5	0.00239
8887	0.00232
8887.5	0.00225
8888	0.00218
8888.5	0.00211
8889	0.00204
8889.5	0.00197
8890	0.0019
8890.5	0.00182
8891	0.00174
8891.5	0.00166
8892	0.00158
8892.5	0.0015
8893	0.00142
8893.5	0.00134
8894	0.00126
8894.5	0.00118
8895	0.0011
8895.5	0.00102
8896	0.00094
8896.5	0.00086
8897	0.00078
8897.5	0.0007
8898	0.00062
8898.5	0.00054
8899	0.00046
8899.5	0.00038
8900	0.0003
8900.5	0.000275
8901	0.00025
8901.5	0.000225
8902	0.0002
8902.5	0.000175
8903	0.00015
8903.5	0.000125
8904	0.0001
8904.5	7.5e-05
8905	5e-05
8905.5	2.5e-05
8906	-1.110223e-16
8906.5	-2.5e-05
8907	-5e-05
8907.5	-7.5e-05
8908	-0.0001
8908.5	-0.000125
8909	-0.00015
8909.5	-0.000175
8910	-0.0002
8910.5	-0.000205
8911	-0.00021
8911.5	-0.000215
8912	-0.00022
8912.5	-0.000225
8913	-0.00023
8913.5	-0.000235
8914	-0.00024
8914.5	-0.000245
8915	-0.00025
8915.5	-0.000255
8916	-0.00026
8916.5	-0.000265
8917	-0.00027
8917.5	-0.000275
8918	-0.00028
8918.5	-0.000285
8919	-0.00029
8919.5	-0.000295
8920	-0.0003
8920.5	-0.000285
8921	-0.00027
8921.5	-0.000255
8922	-0.00024
8922.5	-0.000225
8923	-0.00021
8923.5	-0.000195
8924	-0.00018
8924.5	-0.000165
8925	-0.00015
8925.5	-0.000135
8926	-0.00012
8926.5	-0.000105
8927	-9e-05
8927.5	-7.5e-05
8928	-6e-05
8928.5	-4.5e-05
8929	-3e-05
8929.5	-1.5e-05
8930	0
8930.5	2e-05
8931	4e-05
8931.5	6e-05
8932	8e-05
8932.5	0.0001
8933	0.00012
8933.5	0.00014
8934	0.00016
8934.5	0.00018
8935	0.0002
8935.5	0.00022
8936	0.00024
8936.5	0.00026
8937	0.00028
8937.5	0.0003
8938	0.00032
8938.5	0.00034
8939	0.00036
8939.5	0.00038
8940	0.0004
8940.5	0.00045
8941	0.0005
8941.5	0.00055
8942	0.0006
8942.5	0.00065
8943	0.0007
8943.5	0.00075
8944	0.0008
8944.5	0.00085
8945	0.0009
8945.5	0.00095
8946	0.001
8946.5	0.00105
8947	0.0011
8947.5	0.00115
8948	0.0012
8948.5	0.00125
8949	0.0013
8949.5	0.00135
8950	0.0014
8950.5	0.001435
8951	0.00147
8951.5	0.001505
8952	0.00154
8952.5	0.001575
8953	0.00161
8953.5	0.001645
8954	0.00168
8954.5	0.001715
8955	0.00175
8955.5	0.001785
8956	0.00182
8956.5	0.001855
8957	0.00189
8957.5	0.001925
8958	0.00196
8958.5	0.001995
8959	0.00203
8959.5	0.002065
8960	0.0021
8960.5	0.002055
8961	0.00201
8961.5	0.001965
8962	0.00192
8962.5	0.001875
8963	0.00183
8963.5	0.001785
8964	0.00174
8964.5	0.001695
8965	0.00165
8965.5	0.001605
8966	0.00156
8966.5	0.001515
8967	0.00147
8967.5	0.001425
8968	0.00138
8968.5	0.001335
8969	0.00129
8969.5	0.001245
8970	0.0012
8970.5	0.00116
8971	0.00112
8971.5	0.00108
8972	0.00104
8972.5	0.001
8973	0.00096
8973.5	0.00092
8974	0.00088
8974.5	0.00084
8975	0.0008
8975.5	0.00076
8976	0.00072
8976.5	0.00068
8977	0.00064
8977.5	0.0006
8978	0.00056
8978.5	0.00052
8979	0.00048
8979.5	0.00044
8980	0.0004
8980.5	0.00042
8981	0.00044
8981.5	0.00046
8982	0.00048
8982.5	0.0005
8983	0.00052
8983.5	0.00054
8984	0.00056
8984.5	0.00058
8985	0.0006
8985.5	0.00062
8986	0.00064
8986.5	0.00066
8987	0.00068
8987.5	0.0007
8988	0.00072
8988.5	0.00074
8989	0.00076
8989.5	0.00078
8990	0.0008
8990.5	0.00083
8991	0.00086
8991.5	0.00089
8992	0.00092
8992.5	0.00095
8993	0.00098
8993.5	0.00101
8994	0.00104
8994.5	0.00107
8995	0.0011
8995.5	0.00113
8996	0.00116
8996.5	0.00119
8997	0.00122
8997.5	0.00125
8998	0.00128
8998.5	0.00131
8999	0.00134
8999.5	0.00137
