9000	0.0007
9000.5	0.000725
9001	0.00075
9001.5	0.000775
9002	0.0008
9002.5	0.000825
9003	0.00085
9003.5	0.000875
9004	0.0009
9004.5	0.000925
9005	0.00095
9005.5	0.000975
9006	0.001
9006.5	0.001025
9007	0.00105
9007.5	0.001075
9008	0.0011
9008.5	0.001125
9009	0.00115
9009.5	0.001175
9010	0.0012
9010.5	0.00124
9011	0.00128
9011.5	0.00132
9012	0.00136
9012.5	0.0014
9013	0.00144
9013.5	0.00148
9014	0.00152
9014.5	0.00156
9015	0.0016
9015.5	0.00164
9016	0.00168
9016.5	0.00172
9017	0.00176
9017.5	0.0018
9018	0.00184
9018.5	0.00188
9019	0.00192
9019.5	0.00196
9020	0.002
9020.5	0.002065
9021	0.00213
9021.5	0.002195
9022	0.00226
9022.5	0.002325
9023	0.00239
9023.5	0.002455
9024	0.00252
9024.5	0.002585
9025	0.00265
9025.5	0.002715
9026	0.00278
9026.5	0.002845
9027	0.00291
9027.5	0.002975
9028	0.00304
9028.5	0.003105
9029	0.00317
9029.5	0.003235
9030	0.0033
9030.5	0.003375
9031	0.00345
9031.5	0.003525
9032	0.0036
9032.5	0.003675
9033	0.00375
9033.5	0.003825
9034	0.0039
9034.5	0.003975
9035	0.00405
9035.5	0.004125
9036	0.0042
9036.5	0.004275
9037	0.00435
9037.5	0.004425
9038	0.0045
9038.5	0.004575
9039	0.00465
9039.5	0.004725
9040	0.0048
9040.5	0.004805
9041	0.00481
9041.5	0.004815
9042	0.00482
9042.5	0.004825
9043	0.00483
9043.5	0.004835
9044	0.00484
9044.5	0.004845
9045	0.00485
9045.5	0.004855
9046	0.00486
9046.5	0.004865
9047	0.00487
9047.5	0.004875
9048	0.00488
9048.5	0.004885
9049	0.00489
9049.5	0.004895
9050	0.0049
9050.5	0.0049
9051	0.0049
9051.5	0.0049
9052	0.0049
9052.5	0.0049
9053	0.0049
9053.5	0.0049
9054	0.0049
9054.5	0.0049
9055	0.0049
9055.5	0.0049
9056	0.0049
9056.5	0.0049
9057	0.0049
9057.5	0.0049
9058	0.0049
9058.5	0.0049
9059	0.0049
9059.5	0.0049
9060	0.0049
9060.5	0.004895
9061	0.00489
9061.5	0.004885
9062	0.00488
9062.5	0.004875
9063	0.00487
9063.5	0.004865
9064	0.00486
9064.5	0.004855
9065	0.00485
9065.5	0.004845
9066	0.00484
9066.5	0.004835
9067	0.00483
9067.5	0.004825
9068	0.00482
9068.5	0.004815
9069	0.00481
9069.5	0.004805
9070	0.0048
9070.5	0.004805
9071	0.00481
9071.5	0.004815
9072	0.00482
9072.5	0.004825
9073	0.00483
9073.5	0.004835
9074	0.00484
9074.5	0.004845
9075	0.00485
9075.5	0.004855
9076	0.00486
9076.5	0.004865
9077	0.00487
9077.5	0.004875
9078	0.00488
9078.5	0.004885
9079	0.00489
9079.5	0.004895
9080	0.0049
9080.5	0.00494
9081	0.00498
9081.5	0.00502
9082	0.00506
9082.5	0.0051
9083	0.00514
9083.5	0.00518
9084	0.00522
9084.5	0.00526
9085	0.0053
9085.5	0.00534
9086	0.00538
9086.5	0.00542
9087	0.00546
9087.5	0.0055
9088	0.00554
9088.5	0.00558
9089	0.00562
9089.5	0.00566
9090	0.0057
9090.5	0.005735
9091	0.00577
9091.5	0.005805
9092	0.00584
9092.5	0.005875
9093	0.00591
9093.5	0.005945
9094	0.00598
9094.5	0.006015
9095	0.00605
9095.5	0.006085
9096	0.00612
9096.5	0.006155
9097	0.00619
9097.5	0.006225
9098	0.00626
9098.5	0.006295
9099	0.00633
9099.5	0.006365
9100	0.0064
9100.5	0.006375
9101	0.00635
9101.5	0.006325
9102	0.0063
9102.5	0.006275
9103	0.00625
9103.5	0.006225
9104	0.0062
9104.5	0.006175
9105	0.00615
9105.5	0.006125
9106	0.0061
9106.5	0.006075
9107	0.00605
9107.5	0.006025
9108	0.006
9108.5	0.005975
9109	0.00595
9109.5	0.005925
9110	0.0059
9110.5	0.005875
9111	0.00585
9111.5	0.005825
9112	0.0058
9112.5	0.005775
9113	0.00575
9113.5	0.005725
9114	0.0057
9114.5	0.005675
9115	0.00565
9115.5	0.005625
9116	0.0056
9116.5	0.005575
9117	0.00555
9117.5	0.005525
9118	0.0055
9118.5	0.005475
9119	0.00545
9119.5	0.005425
9120	0.0054
9120.5	0.005485
9121	0.00557
9121.5	0.005655
9122	0.00574
9122.5	0.005825
9123	0.00591
9123.5	0.005995
9124	0.00608
9124.5	0.006165
9125	0.00625
9125.5	0.006335
9126	0.00642
9126.5	0.006505
9127	0.00659
9127.5	0.006675
9128	0.00676
9128.5	0.006845
9129	0.00693
9129.5	0.007015
9130	0.0071
9130.5	0.007185
9131	0.00727
9131.5	0.007355
9132	0.00744
9132.5	0.007525
9133	0.00761
9133.5	0.007695
9134	0.00778
9134.5	0.007865
9135	0.00795
9135.5	0.008035
9136	0.00812
9136.5	0.008205
9137	0.00829
9137.5	0.008375
9138	0.00846
9138.5	0.008545
9139	0.00863
9139.5	0.008715
9140	0.0088
9140.5	0.00885
9141	0.0089
9141.5	0.00895
9142	0.009
9142.5	0.00905
9143	0.0091
9143.5	0.00915
9144	0.0092
9144.5	0.00925
9145	0.0093
9145.5	0.00935
9146	0.0094
9146.5	0.00945
9147	0.0095
9147.5	0.00955
9148	0.0096
9148.5	0.00965
9149	0.0097
9149.5	0.00975
9150	0.0098
9150.5	0.00982
9151	0.00984
9151.5	0.00986
9152	0.00988
9152.5	0.0099
9153	0.00992
9153.5	0.00994
9154	0.00996
9154.5	0.00998
9155	0.01
9155.5	0.01002
9156	0.01004
9156.5	0.01006
9157	0.01008
9157.5	0.0101
9158	0.01012
9158.5	0.01014
9159	0.01016
9159.5	0.01018
9160	0.0102
9160.5	0.01031
9161	0.01042
9161.5	0.01053
9162	0.01064
9162.5	0.01075
9163	0.01086
9163.5	0.01097
9164	0.01108
9164.5	0.01119
9165	0.0113
9165.5	0.01141
9166	0.01152
9166.5	0.01163
9167	0.01174
9167.5	0.01185
9168	0.01196
9168.5	0.01207
9169	0.01218
9169.5	0.01229
9170	0.0124
9170.5	0.012485
9171	0.01257
9171.5	0.012655
9172	0.01274
9172.5	0.012825
9173	0.01291
9173.5	0.012995
9174	0.01308
9174.5	0.013165
9175	0.01325
9175.5	0.013335
9176	0.01342
9176.5	0.013505
9177	0.01359
9177.5	0.013675
9178	0.01376
9178.5	0.013845
9179	0.01393
9179.5	0.014015
9180	0.0141
9180.5	0.014315
9181	0.01453
9181.5	0.014745
9182	0.01496
9182.5	0.015175
9183	0.01539
9183.5	0.015605
9184	0.01582
9184.5	0.016035
9185	0.01625
9185.5	0.016465
9186	0.01668
9186.5	0.016895
9187	0.01711
9187.5	0.017325
9188	0.01754
9188.5	0.017755
9189	0.01797
9189.5	0.018185
9190	0.0184
9190.5	0.018615
9191	0.01883
9191.5	0.019045
9192	0.01926
9192.5	0.019475
9193	0.01969
9193.5	0.019905
9194	0.02012
9194.5	0.020335
9195	0.02055
9195.5	0.020765
9196	0.02098
9196.5	0.021195
9197	0.02141
9197.5	0.021625
9198	0.02184
9198.5	0.022055
9199	0.02227
9199.5	0.022485
9200	0.0227
9200.5	0.022985
9201	0.02327
9201.5	0.023555
9202	0.02384
9202.5	0.024125
9203	0.02441
9203.5	0.024695
9204	0.02498
9204.5	0.025265
9205	0.02555
9205.5	0.025835
9206	0.02612
9206.5	0.026405
9207	0.02669
9207.5	0.026975
9208	0.02726
9208.5	0.027545
9209	0.02783
9209.5	0.028115
9210	0.0284
9210.5	0.028695
9211	0.02899
9211.5	0.029285
9212	0.02958
9212.5	0.029875
9213	0.03017
9213.5	0.030465
9214	0.03076
9214.5	0.031055
9215	0.03135
9215.5	0.031645
9216	0.03194
9216.5	0.032235
9217	0.03253
9217.5	0.032825
9218	0.03312
9218.5	0.033415
9219	0.03371
9219.5	0.034005
9220	0.0343
9220.5	0.03478
9221	0.03526
9221.5	0.03574
9222	0.03622
9222.5	0.0367
9223	0.03718
9223.5	0.03766
9224	0.03814
9224.5	0.03862
9225	0.0391
9225.5	0.03958
9226	0.04006
9226.5	0.04054
9227	0.04102
9227.5	0.0415
9228	0.04198
9228.5	0.04246
9229	0.04294
9229.5	0.04342
9230	0.0439
9230.5	0.04439
9231	0.04488
9231.5	0.04537
9232	0.04586
9232.5	0.04635
9233	0.04684
9233.5	0.04733
9234	0.04782
9234.5	0.04831
9235	0.0488
9235.5	0.04929
9236	0.04978
9236.5	0.05027
9237	0.05076
9237.5	0.05125
9238	0.05174
9238.5	0.05223
9239	0.05272
9239.5	0.05321
9240	0.0537
9240.5	0.054285
9241	0.05487
9241.5	0.055455
9242	0.05604
9242.5	0.056625
9243	0.05721
9243.5	0.057795
9244	0.05838
9244.5	0.058965
9245	0.05955
9245.5	0.060135
9246	0.06072
9246.5	0.061305
9247	0.06189
9247.5	0.062475
9248	0.06306
9248.5	0.063645
9249	0.06423
9249.5	0.064815
9250	0.0654
9250.5	0.066065
9251	0.06673
9251.5	0.067395
9252	0.06806
9252.5	0.068725
9253	0.06939
9253.5	0.070055
9254	0.07072
9254.5	0.071385
9255	0.07205
9255.5	0.072715
9256	0.07338
9256.5	0.074045
9257	0.07471
9257.5	0.075375
9258	0.07604
9258.5	0.076705
9259	0.07737
9259.5	0.078035
9260	0.0787
9260.5	0.07952
9261	0.08034
9261.5	0.08116
9262	0.08198
9262.5	0.0828
9263	0.08362
9263.5	0.08444
9264	0.08526
9264.5	0.08608
9265	0.0869
9265.5	0.08772
9266	0.08854
9266.5	0.08936
9267	0.09018
9267.5	0.091
9268	0.09182
9268.5	0.09264
9269	0.09346
9269.5	0.09428
9270	0.0951
9270.5	0.09573
9271	0.09636
9271.5	0.09699
9272	0.09762
9272.5	0.09825
9273	0.09888
9273.5	0.09951
9274	0.10014
9274.5	0.10077
9275	0.1014
9275.5	0.10203
9276	0.10266
9276.5	0.10329
9277	0.10392
9277.5	0.10455
9278	0.10518
9278.5	0.10581
9279	0.10644
9279.5	0.10707
9280	0.1077
9280.5	0.10858
9281	0.10946
9281.5	0.11034
9282	0.11122
9282.5	0.1121
9283	0.11298
9283.5	0.11386
9284	0.11474
9284.5	0.11562
9285	0.1165
9285.5	0.11738
9286	0.11826
9286.5	0.11914
9287	0.12002
9287.5	0.1209
9288	0.12178
9288.5	0.12266
9289	0.12354
9289.5	0.12442
9290	0.1253
9290.5	0.125895
9291	0.12649
9291.5	0.127085
9292	0.12768
9292.5	0.128275
9293	0.12887
9293.5	0.129465
9294	0.13006
9294.5	0.130655
9295	0.13125
9295.5	0.131845
9296	0.13244
9296.5	0.133035
9297	0.13363
9297.5	0.134225
9298	0.13482
9298.5	0.135415
9299	0.13601
9299.5	0.136605
9300	0.1372
9300.5	0.13786
9301	0.13852
9301.5	0.13918
9302	0.13984
9302.5	0.1405
9303	0.14116
9303.5	0.14182
9304	0.14248
9304.5	0.14314
9305	0.1438
9305.5	0.14446
9306	0.14512
9306.5	0.14578
9307	0.14644
9307.5	0.1471
9308	0.14776
9308.5	0.14842
9309	0.14908
9309.5	0.14974
9310	0.1504
9310.5	0.15073
9311	0.15106
9311.5	0.15139
9312	0.15172
9312.5	0.15205
9313	0.15238
9313.5	0.15271
9314	0.15304
9314.5	0.15337
9315	0.1537
9315.5	0.15403
9316	0.15436
9316.5	0.15469
9317	0.15502
9317.5	0.15535
9318	0.15568
9318.5	0.15601
9319	0.15634
9319.5	0.15667
9320	0.157
9320.5	0.157795
9321	0.15859
9321.5	0.159385
9322	0.16018
9322.5	0.160975
9323	0.16177
9323.5	0.162565
9324	0.16336
9324.5	0.164155
9325	0.16495
9325.5	0.165745
9326	0.16654
9326.5	0.167335
9327	0.16813
9327.5	0.168925
9328	0.16972
9328.5	0.170515
9329	0.17131
9329.5	0.172105
9330	0.1729
9330.5	0.17309
9331	0.17328
9331.5	0.17347
9332	0.17366
9332.5	0.17385
9333	0.17404
9333.5	0.17423
9334	0.17442
9334.5	0.17461
9335	0.1748
9335.5	0.17499
9336	0.17518
9336.5	0.17537
9337	0.17556
9337.5	0.17575
9338	0.17594
9338.5	0.17613
9339	0.17632
9339.5	0.17651
9340	0.1767
9340.5	0.1778
9341	0.1789
9341.5	0.18
9342	0.1811
9342.5	0.1822
9343	0.1833
9343.5	0.1844
9344	0.1855
9344.5	0.1866
9345	0.1877
9345.5	0.1888
9346	0.1899
9346.5	0.191
9347	0.1921
9347.5	0.1932
9348	0.1943
9348.5	0.1954
9349	0.1965
9349.5	0.1976
9350	0.1987
9350.5	0.19871
9351	0.19872
9351.5	0.19873
9352	0.19874
9352.5	0.19875
9353	0.19876
9353.5	0.19877
9354	0.19878
9354.5	0.19879
9355	0.1988
9355.5	0.19881
9356	0.19882
9356.5	0.19883
9357	0.19884
9357.5	0.19885
9358	0.19886
9358.5	0.19887
9359	0.19888
9359.5	0.19889
9360	0.1989
9360.5	0.20007
9361	0.20124
9361.5	0.20241
9362	0.20358
9362.5	0.20475
9363	0.20592
9363.5	0.20709
9364	0.20826
9364.5	0.20943
9365	0.2106
9365.5	0.21177
9366	0.21294
9366.5	0.21411
9367	0.21528
9367.5	0.21645
9368	0.21762
9368.5	0.21879
9369	0.21996
9369.5	0.22113
9370	0.2223
9370.5	0.223465
9371	0.22463
9371.5	0.225795
9372	0.22696
9372.5	0.228125
9373	0.22929
9373.5	0.230455
9374	0.23162
9374.5	0.232785
9375	0.23395
9375.5	0.235115
9376	0.23628
9376.5	0.237445
9377	0.23861
9377.5	0.239775
9378	0.24094
9378.5	0.242105
9379	0.24327
9379.5	0.244435
9380	0.2456
9380.5	0.24806
9381	0.25052
9381.5	0.25298
9382	0.25544
9382.5	0.2579
9383	0.26036
9383.5	0.26282
9384	0.26528
9384.5	0.26774
9385	0.2702
9385.5	0.27266
9386	0.27512
9386.5	0.27758
9387	0.28004
9387.5	0.2825
9388	0.28496
9388.5	0.28742
9389	0.28988
9389.5	0.29234
9390	0.2948
9390.5	0.296225
9391	0.29765
9391.5	0.299075
9392	0.3005
9392.5	0.301925
9393	0.30335
9393.5	0.304775
9394	0.3062
9394.5	0.307625
9395	0.30905
9395.5	0.310475
9396	0.3119
9396.5	0.313325
9397	0.31475
9397.5	0.316175
9398	0.3176
9398.5	0.319025
9399	0.32045
9399.5	0.321875
9400	0.3233
9400.5	0.323295
9401	0.32329
9401.5	0.323285
9402	0.32328
9402.5	0.323275
9403	0.32327
9403.5	0.323265
9404	0.32326
9404.5	0.323255
9405	0.32325
9405.5	0.323245
9406	0.32324
9406.5	0.323235
9407	0.32323
9407.5	0.323225
9408	0.32322
9408.5	0.323215
9409	0.32321
9409.5	0.323205
9410	0.3232
9410.5	0.3239
9411	0.3246
9411.5	0.3253
9412	0.326
9412.5	0.3267
9413	0.3274
9413.5	0.3281
9414	0.3288
9414.5	0.3295
9415	0.3302
9415.5	0.3309
9416	0.3316
9416.5	0.3323
9417	0.333
9417.5	0.3337
9418	0.3344
9418.5	0.3351
9419	0.3358
9419.5	0.3365
9420	0.3372
9420.5	0.33551
9421	0.33382
9421.5	0.33213
9422	0.33044
9422.5	0.32875
9423	0.32706
9423.5	0.32537
9424	0.32368
9424.5	0.32199
9425	0.3203
9425.5	0.31861
9426	0.31692
9426.5	0.31523
9427	0.31354
9427.5	0.31185
9428	0.31016
9428.5	0.30847
9429	0.30678
9429.5	0.30509
9430	0.3034
9430.5	0.30376
9431	0.30412
9431.5	0.30448
9432	0.30484
9432.5	0.3052
9433	0.30556
9433.5	0.30592
9434	0.30628
9434.5	0.30664
9435	0.307
9435.5	0.30736
9436	0.30772
9436.5	0.30808
9437	0.30844
9437.5	0.3088
9438	0.30916
9438.5	0.30952
9439	0.30988
9439.5	0.31024
9440	0.3106
9440.5	0.3127
9441	0.3148
9441.5	0.3169
9442	0.319
9442.5	0.3211
9443	0.3232
9443.5	0.3253
9444	0.3274
9444.5	0.3295
9445	0.3316
9445.5	0.3337
9446	0.3358
9446.5	0.3379
9447	0.34
9447.5	0.3421
9448	0.3442
9448.5	0.3463
9449	0.3484
9449.5	0.3505
9450	0.3526
9450.5	0.35028
9451	0.34796
9451.5	0.34564
9452	0.34332
9452.5	0.341
9453	0.33868
9453.5	0.33636
9454	0.33404
9454.5	0.33172
9455	0.3294
9455.5	0.32708
9456	0.32476
9456.5	0.32244
9457	0.32012
9457.5	0.3178
9458	0.31548
9458.5	0.31316
9459	0.31084
9459.5	0.30852
9460	0.3062
9460.5	0.30884
9461	0.31148
9461.5	0.31412
9462	0.31676
9462.5	0.3194
9463	0.32204
9463.5	0.32468
9464	0.32732
9464.5	0.32996
9465	0.3326
9465.5	0.33524
9466	0.33788
9466.5	0.34052
9467	0.34316
9467.5	0.3458
9468	0.34844
9468.5	0.35108
9469	0.35372
9469.5	0.35636
9470	0.359
9470.5	0.35734
9471	0.35568
9471.5	0.35402
9472	0.35236
9472.5	0.3507
9473	0.34904
9473.5	0.34738
9474	0.34572
9474.5	0.34406
9475	0.3424
9475.5	0.34074
9476	0.33908
9476.5	0.33742
9477	0.33576
9477.5	0.3341
9478	0.33244
9478.5	0.33078
9479	0.32912
9479.5	0.32746
9480	0.3258
9480.5	0.328555
9481	0.33131
9481.5	0.334065
9482	0.33682
9482.5	0.339575
9483	0.34233
9483.5	0.345085
9484	0.34784
9484.5	0.350595
9485	0.35335
9485.5	0.356105
9486	0.35886
9486.5	0.361615
9487	0.36437
9487.5	0.367125
9488	0.36988
9488.5	0.372635
9489	0.37539
9489.5	0.378145
9490	0.3809
9490.5	0.37676
9491	0.37262
9491.5	0.36848
9492	0.36434
9492.5	0.3602
9493	0.35606
9493.5	0.35192
9494	0.34778
9494.5	0.34364
9495	0.3395
9495.5	0.33536
9496	0.33122
9496.5	0.32708
9497	0.32294
9497.5	0.3188
9498	0.31466
9498.5	0.31052
9499	0.30638
9499.5	0.30224
9500	0.2981
9500.5	0.3025
9501	0.3069
9501.5	0.3113
9502	0.3157
9502.5	0.3201
9503	0.3245
9503.5	0.3289
9504	0.3333
9504.5	0.3377
9505	0.3421
9505.5	0.3465
9506	0.3509
9506.5	0.3553
9507	0.3597
9507.5	0.3641
9508	0.3685
9508.5	0.3729
9509	0.3773
9509.5	0.3817
9510	0.3861
9510.5	0.38336
9511	0.38062
9511.5	0.37788
9512	0.37514
9512.5	0.3724
9513	0.36966
9513.5	0.36692
9514	0.36418
9514.5	0.36144
9515	0.3587
9515.5	0.35596
9516	0.35322
9516.5	0.35048
9517	0.34774
9517.5	0.345
9518	0.34226
9518.5	0.33952
9519	0.33678
9519.5	0.33404
9520	0.3313
9520.5	0.33219
9521	0.33308
9521.5	0.33397
9522	0.33486
9522.5	0.33575
9523	0.33664
9523.5	0.33753
9524	0.33842
9524.5	0.33931
9525	0.3402
9525.5	0.34109
9526	0.34198
9526.5	0.34287
9527	0.34376
9527.5	0.34465
9528	0.34554
9528.5	0.34643
9529	0.34732
9529.5	0.34821
9530	0.3491
9530.5	0.349725
9531	0.35035
9531.5	0.350975
9532	0.3516
9532.5	0.352225
9533	0.35285
9533.5	0.353475
9534	0.3541
9534.5	0.354725
9535	0.35535
9535.5	0.355975
9536	0.3566
9536.5	0.357225
9537	0.35785
9537.5	0.358475
9538	0.3591
9538.5	0.359725
9539	0.36035
9539.5	0.360975
9540	0.3616
9540.5	0.360855
9541	0.36011
9541.5	0.359365
9542	0.35862
9542.5	0.357875
9543	0.35713
9543.5	0.356385
9544	0.35564
9544.5	0.354895
9545	0.35415
9545.5	0.353405
9546	0.35266
9546.5	0.351915
9547	0.35117
9547.5	0.350425
9548	0.34968
9548.5	0.348935
9549	0.34819
9549.5	0.347445
9550	0.3467
9550.5	0.346505
9551	0.34631
9551.5	0.346115
9552	0.34592
9552.5	0.345725
9553	0.34553
9553.5	0.345335
9554	0.34514
9554.5	0.344945
9555	0.34475
9555.5	0.344555
9556	0.34436
9556.5	0.344165
9557	0.34397
9557.5	0.343775
9558	0.34358
9558.5	0.343385
9559	0.34319
9559.5	0.342995
9560	0.3428
9560.5	0.34226
9561	0.34172
9561.5	0.34118
9562	0.34064
9562.5	0.3401
9563	0.33956
9563.5	0.33902
9564	0.33848
9564.5	0.33794
9565	0.3374
9565.5	0.33686
9566	0.33632
9566.5	0.33578
9567	0.33524
9567.5	0.3347
9568	0.33416
9568.5	0.33362
9569	0.33308
9569.5	0.33254
9570	0.332
9570.5	0.33294
9571	0.33388
9571.5	0.33482
9572	0.33576
9572.5	0.3367
9573	0.33764
9573.5	0.33858
9574	0.33952
9574.5	0.34046
9575	0.3414
9575.5	0.34234
9576	0.34328
9576.5	0.34422
9577	0.34516
9577.5	0.3461
9578	0.34704
9578.5	0.34798
9579	0.34892
9579.5	0.34986
9580	0.3508
9580.5	0.350365
9581	0.34993
9581.5	0.349495
9582	0.34906
9582.5	0.348625
9583	0.34819
9583.5	0.347755
9584	0.34732
9584.5	0.346885
9585	0.34645
9585.5	0.346015
9586	0.34558
9586.5	0.345145
9587	0.34471
9587.5	0.344275
9588	0.34384
9588.5	0.343405
9589	0.34297
9589.5	0.342535
9590	0.3421
9590.5	0.342525
9591	0.34295
9591.5	0.343375
9592	0.3438
9592.5	0.344225
9593	0.34465
9593.5	0.345075
9594	0.3455
9594.5	0.345925
9595	0.34635
9595.5	0.346775
9596	0.3472
9596.5	0.347625
9597	0.34805
9597.5	0.348475
9598	0.3489
9598.5	0.349325
9599	0.34975
9599.5	0.350175
9600	0.3506
9600.5	0.350465
9601	0.35033
9601.5	0.350195
9602	0.35006
9602.5	0.349925
9603	0.34979
9603.5	0.349655
9604	0.34952
9604.5	0.349385
9605	0.34925
9605.5	0.349115
9606	0.34898
9606.5	0.348845
9607	0.34871
9607.5	0.348575
9608	0.34844
9608.5	0.348305
9609	0.34817
9609.5	0.348035
9610	0.3479
9610.5	0.347715
9611	0.34753
9611.5	0.347345
9612	0.34716
9612.5	0.346975
9613	0.34679
9613.5	0.346605
9614	0.34642
9614.5	0.346235
9615	0.34605
9615.5	0.345865
9616	0.34568
9616.5	0.345495
9617	0.34531
9617.5	0.345125
9618	0.34494
9618.5	0.344755
9619	0.34457
9619.5	0.344385
9620	0.3442
9620.5	0.34447
9621	0.34474
9621.5	0.34501
9622	0.34528
9622.5	0.34555
9623	0.34582
9623.5	0.34609
9624	0.34636
9624.5	0.34663
9625	0.3469
9625.5	0.34717
9626	0.34744
9626.5	0.34771
9627	0.34798
9627.5	0.34825
9628	0.34852
9628.5	0.34879
9629	0.34906
9629.5	0.34933
9630	0.3496
9630.5	0.349325
9631	0.34905
9631.5	0.348775
9632	0.3485
9632.5	0.348225
9633	0.34795
9633.5	0.347675
9634	0.3474
9634.5	0.347125
9635	0.34685
9635.5	0.346575
9636	0.3463
9636.5	0.346025
9637	0.34575
9637.5	0.345475
9638	0.3452
9638.5	0.344925
9639	0.34465
9639.5	0.344375
9640	0.3441
9640.5	0.34402
9641	0.34394
9641.5	0.34386
9642	0.34378
9642.5	0.3437
9643	0.34362
9643.5	0.34354
9644	0.34346
9644.5	0.34338
9645	0.3433
9645.5	0.34322
9646	0.34314
9646.5	0.34306
9647	0.34298
9647.5	0.3429
9648	0.34282
9648.5	0.34274
9649	0.34266
9649.5	0.34258
9650	0.3425
9650.5	0.34252
9651	0.34254
9651.5	0.34256
9652	0.34258
9652.5	0.3426
9653	0.34262
9653.5	0.34264
9654	0.34266
9654.5	0.34268
9655	0.3427
9655.5	0.34272
9656	0.34274
9656.5	0.34276
9657	0.34278
9657.5	0.3428
9658	0.34282
9658.5	0.34284
9659	0.34286
9659.5	0.34288
9660	0.3429
9660.5	0.342775
9661	0.34265
9661.5	0.342525
9662	0.3424
9662.5	0.342275
9663	0.34215
9663.5	0.342025
9664	0.3419
9664.5	0.341775
9665	0.34165
9665.5	0.341525
9666	0.3414
9666.5	0.341275
9667	0.34115
9667.5	0.341025
9668	0.3409
9668.5	0.340775
9669	0.34065
9669.5	0.340525
9670	0.3404
9670.5	0.34077
9671	0.34114
9671.5	0.34151
9672	0.34188
9672.5	0.34225
9673	0.34262
9673.5	0.34299
9674	0.34336
9674.5	0.34373
9675	0.3441
9675.5	0.34447
9676	0.34484
9676.5	0.34521
9677	0.34558
9677.5	0.34595
9678	0.34632
9678.5	0.34669
9679	0.34706
9679.5	0.34743
9680	0.3478
9680.5	0.34796
9681	0.34812
9681.5	0.34828
9682	0.34844
9682.5	0.3486
9683	0.34876
9683.5	0.34892
9684	0.34908
9684.5	0.34924
9685	0.3494
9685.5	0.34956
9686	0.34972
9686.5	0.34988
9687	0.35004
9687.5	0.3502
9688	0.35036
9688.5	0.35052
9689	0.35068
9689.5	0.35084
9690	0.351
9690.5	0.3506
9691	0.3502
9691.5	0.3498
9692	0.3494
9692.5	0.349
9693	0.3486
9693.5	0.3482
9694	0.3478
9694.5	0.3474
9695	0.347
9695.5	0.3466
9696	0.3462
9696.5	0.3458
9697	0.3454
9697.5	0.345
9698	0.3446
9698.5	0.3442
9699	0.3438
9699.5	0.3434
9700	0.343
9700.5	0.343175
9701	0.34335
9701.5	0.343525
9702	0.3437
9702.5	0.343875
9703	0.34405
9703.5	0.344225
9704	0.3444
9704.5	0.344575
9705	0.34475
9705.5	0.344925
9706	0.3451
9706.5	0.345275
9707	0.34545
9707.5	0.345625
9708	0.3458
9708.5	0.345975
9709	0.34615
9709.5	0.346325
9710	0.3465
9710.5	0.346155
9711	0.34581
9711.5	0.345465
9712	0.34512
9712.5	0.344775
9713	0.34443
9713.5	0.344085
9714	0.34374
9714.5	0.343395
9715	0.34305
9715.5	0.342705
9716	0.34236
9716.5	0.342015
9717	0.34167
9717.5	0.341325
9718	0.34098
9718.5	0.340635
9719	0.34029
9719.5	0.339945
9720	0.3396
9720.5	0.339375
9721	0.33915
9721.5	0.338925
9722	0.3387
9722.5	0.338475
9723	0.33825
9723.5	0.338025
9724	0.3378
9724.5	0.337575
9725	0.33735
9725.5	0.337125
9726	0.3369
9726.5	0.336675
9727	0.33645
9727.5	0.336225
9728	0.336
9728.5	0.335775
9729	0.33555
9729.5	0.335325
9730	0.3351
9730.5	0.334825
9731	0.33455
9731.5	0.334275
9732	0.334
9732.5	0.333725
9733	0.33345
9733.5	0.333175
9734	0.3329
9734.5	0.332625
9735	0.33235
9735.5	0.332075
9736	0.3318
9736.5	0.331525
9737	0.33125
9737.5	0.330975
9738	0.3307
9738.5	0.330425
9739	0.33015
9739.5	0.329875
9740	0.3296
9740.5	0.3294
9741	0.3292
9741.5	0.329
9742	0.3288
9742.5	0.3286
9743	0.3284
9743.5	0.3282
9744	0.328
9744.5	0.3278
9745	0.3276
9745.5	0.3274
9746	0.3272
9746.5	0.327
9747	0.3268
9747.5	0.3266
9748	0.3264
9748.5	0.3262
9749	0.326
9749.5	0.3258
9750	0.3256
9750.5	0.325515
9751	0.32543
9751.5	0.325345
9752	0.32526
9752.5	0.325175
9753	0.32509
9753.5	0.325005
9754	0.32492
9754.5	0.324835
9755	0.32475
9755.5	0.324665
9756	0.32458
9756.5	0.324495
9757	0.32441
9757.5	0.324325
9758	0.32424
9758.5	0.324155
9759	0.32407
9759.5	0.323985
9760	0.3239
9760.5	0.324
9761	0.3241
9761.5	0.3242
9762	0.3243
9762.5	0.3244
9763	0.3245
9763.5	0.3246
9764	0.3247
9764.5	0.3248
9765	0.3249
9765.5	0.325
9766	0.3251
9766.5	0.3252
9767	0.3253
9767.5	0.3254
9768	0.3255
9768.5	0.3256
9769	0.3257
9769.5	0.3258
9770	0.3259
9770.5	0.325725
9771	0.32555
9771.5	0.325375
9772	0.3252
9772.5	0.325025
9773	0.32485
9773.5	0.324675
9774	0.3245
9774.5	0.324325
9775	0.32415
9775.5	0.323975
9776	0.3238
9776.5	0.323625
9777	0.32345
9777.5	0.323275
9778	0.3231
9778.5	0.322925
9779	0.32275
9779.5	0.322575
9780	0.3224
9780.5	0.322375
9781	0.32235
9781.5	0.322325
9782	0.3223
9782.5	0.322275
9783	0.32225
9783.5	0.322225
9784	0.3222
9784.5	0.322175
9785	0.32215
9785.5	0.322125
9786	0.3221
9786.5	0.322075
9787	0.32205
9787.5	0.322025
9788	0.322
9788.5	0.321975
9789	0.32195
9789.5	0.321925
9790	0.3219
9790.5	0.321595
9791	0.32129
9791.5	0.320985
9792	0.32068
9792.5	0.320375
9793	0.32007
9793.5	0.319765
9794	0.31946
9794.5	0.319155
9795	0.31885
9795.5	0.318545
9796	0.31824
9796.5	0.317935
9797	0.31763
9797.5	0.317325
9798	0.31702
9798.5	0.316715
9799	0.31641
9799.5	0.316105
9800	0.3158
9800.5	0.315975
9801	0.31615
9801.5	0.316325
9802	0.3165
9802.5	0.316675
9803	0.31685
9803.5	0.317025
9804	0.3172
9804.5	0.317375
9805	0.31755
9805.5	0.317725
9806	0.3179
9806.5	0.318075
9807	0.31825
9807.5	0.318425
9808	0.3186
9808.5	0.318775
9809	0.31895
9809.5	0.319125
9810	0.3193
9810.5	0.31907
9811	0.31884
9811.5	0.31861
9812	0.31838
9812.5	0.31815
9813	0.31792
9813.5	0.31769
9814	0.31746
9814.5	0.31723
9815	0.317
9815.5	0.31677
9816	0.31654
9816.5	0.31631
9817	0.31608
9817.5	0.31585
9818	0.31562
9818.5	0.31539
9819	0.31516
9819.5	0.31493
9820	0.3147
9820.5	0.314395
9821	0.31409
9821.5	0.313785
9822	0.31348
9822.5	0.313175
9823	0.31287
9823.5	0.312565
9824	0.31226
9824.5	0.311955
9825	0.31165
9825.5	0.311345
9826	0.31104
9826.5	0.310735
9827	0.31043
9827.5	0.310125
9828	0.30982
9828.5	0.309515
9829	0.30921
9829.5	0.308905
9830	0.3086
9830.5	0.308585
9831	0.30857
9831.5	0.308555
9832	0.30854
9832.5	0.308525
9833	0.30851
9833.5	0.308495
9834	0.30848
9834.5	0.308465
9835	0.30845
9835.5	0.308435
9836	0.30842
9836.5	0.308405
9837	0.30839
9837.5	0.308375
9838	0.30836
9838.5	0.308345
9839	0.30833
9839.5	0.308315
9840	0.3083
9840.5	0.307985
9841	0.30767
9841.5	0.307355
9842	0.30704
9842.5	0.306725
9843	0.30641
9843.5	0.306095
9844	0.30578
9844.5	0.305465
9845	0.30515
9845.5	0.304835
9846	0.30452
9846.5	0.304205
9847	0.30389
9847.5	0.303575
9848	0.30326
9848.5	0.302945
9849	0.30263
9849.5	0.302315
9850	0.302
9850.5	0.301925
9851	0.30185
9851.5	0.301775
9852	0.3017
9852.5	0.301625
9853	0.30155
9853.5	0.301475
9854	0.3014
9854.5	0.301325
9855	0.30125
9855.5	0.301175
9856	0.3011
9856.5	0.301025
9857	0.30095
9857.5	0.300875
9858	0.3008
9858.5	0.300725
9859	0.30065
9859.5	0.300575
9860	0.3005
9860.5	0.30029
9861	0.30008
9861.5	0.29987
9862	0.29966
9862.5	0.29945
9863	0.29924
9863.5	0.29903
9864	0.29882
9864.5	0.29861
9865	0.2984
9865.5	0.29819
9866	0.29798
9866.5	0.29777
9867	0.29756
9867.5	0.29735
9868	0.29714
9868.5	0.29693
9869	0.29672
9869.5	0.29651
9870	0.2963
9870.5	0.296085
9871	0.29587
9871.5	0.295655
9872	0.29544
9872.5	0.295225
9873	0.29501
9873.5	0.294795
9874	0.29458
9874.5	0.294365
9875	0.29415
9875.5	0.293935
9876	0.29372
9876.5	0.293505
9877	0.29329
9877.5	0.293075
9878	0.29286
9878.5	0.292645
9879	0.29243
9879.5	0.292215
9880	0.292
9880.5	0.29183
9881	0.29166
9881.5	0.29149
9882	0.29132
9882.5	0.29115
9883	0.29098
9883.5	0.29081
9884	0.29064
9884.5	0.29047
9885	0.2903
9885.5	0.29013
9886	0.28996
9886.5	0.28979
9887	0.28962
9887.5	0.28945
9888	0.28928
9888.5	0.28911
9889	0.28894
9889.5	0.28877
9890	0.2886
9890.5	0.288365
9891	0.28813
9891.5	0.287895
9892	0.28766
9892.5	0.287425
9893	0.28719
9893.5	0.286955
9894	0.28672
9894.5	0.286485
9895	0.28625
9895.5	0.286015
9896	0.28578
9896.5	0.285545
9897	0.28531
9897.5	0.285075
9898	0.28484
9898.5	0.284605
9899	0.28437
9899.5	0.284135
9900	0.2839
9900.5	0.28372
9901	0.28354
9901.5	0.28336
9902	0.28318
9902.5	0.283
9903	0.28282
9903.5	0.28264
9904	0.28246
9904.5	0.28228
9905	0.2821
9905.5	0.28192
9906	0.28174
9906.5	0.28156
9907	0.28138
9907.5	0.2812
9908	0.28102
9908.5	0.28084
9909	0.28066
9909.5	0.28048
9910	0.2803
9910.5	0.280095
9911	0.27989
9911.5	0.279685
9912	0.27948
9912.5	0.279275
9913	0.27907
9913.5	0.278865
9914	0.27866
9914.5	0.278455
9915	0.27825
9915.5	0.278045
9916	0.27784
9916.5	0.277635
9917	0.27743
9917.5	0.277225
9918	0.27702
9918.5	0.276815
9919	0.27661
9919.5	0.276405
9920	0.2762
9920.5	0.27597
9921	0.27574
9921.5	0.27551
9922	0.27528
9922.5	0.27505
9923	0.27482
9923.5	0.27459
9924	0.27436
9924.5	0.27413
9925	0.2739
9925.5	0.27367
9926	0.27344
9926.5	0.27321
9927	0.27298
9927.5	0.27275
9928	0.27252
9928.5	0.27229
9929	0.27206
9929.5	0.27183
9930	0.2716
9930.5	0.271405
9931	0.27121
9931.5	0.271015
9932	0.27082
9932.5	0.270625
9933	0.27043
9933.5	0.270235
9934	0.27004
9934.5	0.269845
9935	0.26965
9935.5	0.269455
9936	0.26926
9936.5	0.269065
9937	0.26887
9937.5	0.268675
9938	0.26848
9938.5	0.268285
9939	0.26809
9939.5	0.267895
9940	0.2677
9940.5	0.2675
9941	0.2673
9941.5	0.2671
9942	0.2669
9942.5	0.2667
9943	0.2665
9943.5	0.2663
9944	0.2661
9944.5	0.2659
9945	0.2657
9945.5	0.2655
9946	0.2653
9946.5	0.2651
9947	0.2649
9947.5	0.2647
9948	0.2645
9948.5	0.2643
9949	0.2641
9949.5	0.2639
9950	0.2637
9950.5	0.26349
9951	0.26328
9951.5	0.26307
9952	0.26286
9952.5	0.26265
9953	0.26244
9953.5	0.26223
9954	0.26202
9954.5	0.26181
9955	0.2616
9955.5	0.26139
9956	0.26118
9956.5	0.26097
9957	0.26076
9957.5	0.26055
9958	0.26034
9958.5	0.26013
9959	0.25992
9959.5	0.25971
9960	0.2595
9960.5	0.259285
9961	0.25907
9961.5	0.258855
9962	0.25864
9962.5	0.258425
9963	0.25821
9963.5	0.257995
9964	0.25778
9964.5	0.257565
9965	0.25735
9965.5	0.257135
9966	0.25692
9966.5	0.256705
9967	0.25649
9967.5	0.256275
9968	0.25606
9968.5	0.255845
9969	0.25563
9969.5	0.255415
9970	0.2552
9970.5	0.254985
9971	0.25477
9971.5	0.254555
9972	0.25434
9972.5	0.254125
9973	0.25391
9973.5	0.253695
9974	0.25348
9974.5	0.253265
9975	0.25305
9975.5	0.252835
9976	0.25262
9976.5	0.252405
9977	0.25219
9977.5	0.251975
9978	0.25176
9978.5	0.251545
9979	0.25133
9979.5	0.251115
9980	0.2509
9980.5	0.250685
9981	0.25047
9981.5	0.250255
9982	0.25004
9982.5	0.249825
9983	0.24961
9983.5	0.249395
9984	0.24918
9984.5	0.248965
9985	0.24875
9985.5	0.248535
9986	0.24832
9986.5	0.248105
9987	0.24789
9987.5	0.247675
9988	0.24746
9988.5	0.247245
9989	0.24703
9989.5	0.246815
9990	0.2466
9990.5	0.24637
9991	0.24614
9991.5	0.24591
9992	0.24568
9992.5	0.24545
9993	0.24522
9993.5	0.24499
9994	0.24476
9994.5	0.24453
9995	0.2443
9995.5	0.24407
9996	0.24384
9996.5	0.24361
9997	0.24338
9997.5	0.24315
9998	0.24292
9998.5	0.24269
9999	0.24246
9999.5	0.24223
10000	0.242
10000.5	0.241735
10001	0.24147
10001.5	0.241205
10002	0.24094
10002.5	0.240675
10003	0.24041
10003.5	0.240145
10004	0.23988
10004.5	0.239615
10005	0.23935
10005.5	0.239085
10006	0.23882
10006.5	0.238555
10007	0.23829
10007.5	0.238025
10008	0.23776
10008.5	0.237495
10009	0.23723
10009.5	0.236965
10010	0.2367
10010.5	0.236395
10011	0.23609
10011.5	0.235785
10012	0.23548
10012.5	0.235175
10013	0.23487
10013.5	0.234565
10014	0.23426
10014.5	0.233955
10015	0.23365
10015.5	0.233345
10016	0.23304
10016.5	0.232735
10017	0.23243
10017.5	0.232125
10018	0.23182
10018.5	0.231515
10019	0.23121
10019.5	0.230905
10020	0.2306
10020.5	0.230335
10021	0.23007
10021.5	0.229805
10022	0.22954
10022.5	0.229275
10023	0.22901
10023.5	0.228745
10024	0.22848
10024.5	0.228215
10025	0.22795
10025.5	0.227685
10026	0.22742
10026.5	0.227155
10027	0.22689
10027.5	0.226625
10028	0.22636
10028.5	0.226095
10029	0.22583
10029.5	0.225565
10030	0.2253
10030.5	0.22501
10031	0.22472
10031.5	0.22443
10032	0.22414
10032.5	0.22385
10033	0.22356
10033.5	0.22327
10034	0.22298
10034.5	0.22269
10035	0.2224
10035.5	0.22211
10036	0.22182
10036.5	0.22153
10037	0.22124
10037.5	0.22095
10038	0.22066
10038.5	0.22037
10039	0.22008
10039.5	0.21979
10040	0.2195
10040.5	0.219225
10041	0.21895
10041.5	0.218675
10042	0.2184
10042.5	0.218125
10043	0.21785
10043.5	0.217575
10044	0.2173
10044.5	0.217025
10045	0.21675
10045.5	0.216475
10046	0.2162
10046.5	0.215925
10047	0.21565
10047.5	0.215375
10048	0.2151
10048.5	0.214825
10049	0.21455
10049.5	0.214275
10050	0.214
10050.5	0.21371
10051	0.21342
10051.5	0.21313
10052	0.21284
10052.5	0.21255
10053	0.21226
10053.5	0.21197
10054	0.21168
10054.5	0.21139
10055	0.2111
10055.5	0.21081
10056	0.21052
10056.5	0.21023
10057	0.20994
10057.5	0.20965
10058	0.20936
10058.5	0.20907
10059	0.20878
10059.5	0.20849
10060	0.2082
10060.5	0.20793
10061	0.20766
10061.5	0.20739
10062	0.20712
10062.5	0.20685
10063	0.20658
10063.5	0.20631
10064	0.20604
10064.5	0.20577
10065	0.2055
10065.5	0.20523
10066	0.20496
10066.5	0.20469
10067	0.20442
10067.5	0.20415
10068	0.20388
10068.5	0.20361
10069	0.20334
10069.5	0.20307
10070	0.2028
10070.5	0.20252
10071	0.20224
10071.5	0.20196
10072	0.20168
10072.5	0.2014
10073	0.20112
10073.5	0.20084
10074	0.20056
10074.5	0.20028
10075	0.2
10075.5	0.19972
10076	0.19944
10076.5	0.19916
10077	0.19888
10077.5	0.1986
10078	0.19832
10078.5	0.19804
10079	0.19776
10079.5	0.19748
10080	0.1972
10080.5	0.19694
10081	0.19668
10081.5	0.19642
10082	0.19616
10082.5	0.1959
10083	0.19564
10083.5	0.19538
10084	0.19512
10084.5	0.19486
10085	0.1946
10085.5	0.19434
10086	0.19408
10086.5	0.19382
10087	0.19356
10087.5	0.1933
10088	0.19304
10088.5	0.19278
10089	0.19252
10089.5	0.19226
10090	0.192
10090.5	0.19174
10091	0.19148
10091.5	0.19122
10092	0.19096
10092.5	0.1907
10093	0.19044
10093.5	0.19018
10094	0.18992
10094.5	0.18966
10095	0.1894
10095.5	0.18914
10096	0.18888
10096.5	0.18862
10097	0.18836
10097.5	0.1881
10098	0.18784
10098.5	0.18758
10099	0.18732
10099.5	0.18706
10100	0.1868
10100.5	0.186555
10101	0.18631
10101.5	0.186065
10102	0.18582
10102.5	0.185575
10103	0.18533
10103.5	0.185085
10104	0.18484
10104.5	0.184595
10105	0.18435
10105.5	0.184105
10106	0.18386
10106.5	0.183615
10107	0.18337
10107.5	0.183125
10108	0.18288
10108.5	0.182635
10109	0.18239
10109.5	0.182145
10110	0.1819
10110.5	0.181635
10111	0.18137
10111.5	0.181105
10112	0.18084
10112.5	0.180575
10113	0.18031
10113.5	0.180045
10114	0.17978
10114.5	0.179515
10115	0.17925
10115.5	0.178985
10116	0.17872
10116.5	0.178455
10117	0.17819
10117.5	0.177925
10118	0.17766
10118.5	0.177395
10119	0.17713
10119.5	0.176865
10120	0.1766
10120.5	0.176345
10121	0.17609
10121.5	0.175835
10122	0.17558
10122.5	0.175325
10123	0.17507
10123.5	0.174815
10124	0.17456
10124.5	0.174305
10125	0.17405
10125.5	0.173795
10126	0.17354
10126.5	0.173285
10127	0.17303
10127.5	0.172775
10128	0.17252
10128.5	0.172265
10129	0.17201
10129.5	0.171755
10130	0.1715
10130.5	0.171245
10131	0.17099
10131.5	0.170735
10132	0.17048
10132.5	0.170225
10133	0.16997
10133.5	0.169715
10134	0.16946
10134.5	0.169205
10135	0.16895
10135.5	0.168695
10136	0.16844
10136.5	0.168185
10137	0.16793
10137.5	0.167675
10138	0.16742
10138.5	0.167165
10139	0.16691
10139.5	0.166655
10140	0.1664
10140.5	0.166135
10141	0.16587
10141.5	0.165605
10142	0.16534
10142.5	0.165075
10143	0.16481
10143.5	0.164545
10144	0.16428
10144.5	0.164015
10145	0.16375
10145.5	0.163485
10146	0.16322
10146.5	0.162955
10147	0.16269
10147.5	0.162425
10148	0.16216
10148.5	0.161895
10149	0.16163
10149.5	0.161365
10150	0.1611
10150.5	0.160835
10151	0.16057
10151.5	0.160305
10152	0.16004
10152.5	0.159775
10153	0.15951
10153.5	0.159245
10154	0.15898
10154.5	0.158715
10155	0.15845
10155.5	0.158185
10156	0.15792
10156.5	0.157655
10157	0.15739
10157.5	0.157125
10158	0.15686
10158.5	0.156595
10159	0.15633
10159.5	0.156065
10160	0.1558
10160.5	0.15553
10161	0.15526
10161.5	0.15499
10162	0.15472
10162.5	0.15445
10163	0.15418
10163.5	0.15391
10164	0.15364
10164.5	0.15337
10165	0.1531
10165.5	0.15283
10166	0.15256
10166.5	0.15229
10167	0.15202
10167.5	0.15175
10168	0.15148
10168.5	0.15121
10169	0.15094
10169.5	0.15067
10170	0.1504
10170.5	0.15013
10171	0.14986
10171.5	0.14959
10172	0.14932
10172.5	0.14905
10173	0.14878
10173.5	0.14851
10174	0.14824
10174.5	0.14797
10175	0.1477
10175.5	0.14743
10176	0.14716
10176.5	0.14689
10177	0.14662
10177.5	0.14635
10178	0.14608
10178.5	0.14581
10179	0.14554
10179.5	0.14527
10180	0.145
10180.5	0.14473
10181	0.14446
10181.5	0.14419
10182	0.14392
10182.5	0.14365
10183	0.14338
10183.5	0.14311
10184	0.14284
10184.5	0.14257
10185	0.1423
10185.5	0.14203
10186	0.14176
10186.5	0.14149
10187	0.14122
10187.5	0.14095
10188	0.14068
10188.5	0.14041
10189	0.14014
10189.5	0.13987
10190	0.1396
10190.5	0.139345
10191	0.13909
10191.5	0.138835
10192	0.13858
10192.5	0.138325
10193	0.13807
10193.5	0.137815
10194	0.13756
10194.5	0.137305
10195	0.13705
10195.5	0.136795
10196	0.13654
10196.5	0.136285
10197	0.13603
10197.5	0.135775
10198	0.13552
10198.5	0.135265
10199	0.13501
10199.5	0.134755
10200	0.1345
10200.5	0.134295
10201	0.13409
10201.5	0.133885
10202	0.13368
10202.5	0.133475
10203	0.13327
10203.5	0.133065
10204	0.13286
10204.5	0.132655
10205	0.13245
10205.5	0.132245
10206	0.13204
10206.5	0.131835
10207	0.13163
10207.5	0.131425
10208	0.13122
10208.5	0.131015
10209	0.13081
10209.5	0.130605
10210	0.1304
10210.5	0.1302
10211	0.13
10211.5	0.1298
10212	0.1296
10212.5	0.1294
10213	0.1292
10213.5	0.129
10214	0.1288
10214.5	0.1286
10215	0.1284
10215.5	0.1282
10216	0.128
10216.5	0.1278
10217	0.1276
10217.5	0.1274
10218	0.1272
10218.5	0.127
10219	0.1268
10219.5	0.1266
10220	0.1264
10220.5	0.1262
10221	0.126
10221.5	0.1258
10222	0.1256
10222.5	0.1254
10223	0.1252
10223.5	0.125
10224	0.1248
10224.5	0.1246
10225	0.1244
10225.5	0.1242
10226	0.124
10226.5	0.1238
10227	0.1236
10227.5	0.1234
10228	0.1232
10228.5	0.123
10229	0.1228
10229.5	0.1226
10230	0.1224
10230.5	0.1222
10231	0.122
10231.5	0.1218
10232	0.1216
10232.5	0.1214
10233	0.1212
10233.5	0.121
10234	0.1208
10234.5	0.1206
10235	0.1204
10235.5	0.1202
10236	0.12
10236.5	0.1198
10237	0.1196
10237.5	0.1194
10238	0.1192
10238.5	0.119
10239	0.1188
10239.5	0.1186
10240	0.1184
10240.5	0.11821
10241	0.11802
10241.5	0.11783
10242	0.11764
10242.5	0.11745
10243	0.11726
10243.5	0.11707
10244	0.11688
10244.5	0.11669
10245	0.1165
10245.5	0.11631
10246	0.11612
10246.5	0.11593
10247	0.11574
10247.5	0.11555
10248	0.11536
10248.5	0.11517
10249	0.11498
10249.5	0.11479
10250	0.1146
10250.5	0.114405
10251	0.11421
10251.5	0.114015
10252	0.11382
10252.5	0.113625
10253	0.11343
10253.5	0.113235
10254	0.11304
10254.5	0.112845
10255	0.11265
10255.5	0.112455
10256	0.11226
10256.5	0.112065
10257	0.11187
10257.5	0.111675
10258	0.11148
10258.5	0.111285
10259	0.11109
10259.5	0.110895
10260	0.1107
10260.5	0.1105
10261	0.1103
10261.5	0.1101
10262	0.1099
10262.5	0.1097
10263	0.1095
10263.5	0.1093
10264	0.1091
10264.5	0.1089
10265	0.1087
10265.5	0.1085
10266	0.1083
10266.5	0.1081
10267	0.1079
10267.5	0.1077
10268	0.1075
10268.5	0.1073
10269	0.1071
10269.5	0.1069
10270	0.1067
10270.5	0.106505
10271	0.10631
10271.5	0.106115
10272	0.10592
10272.5	0.105725
10273	0.10553
10273.5	0.105335
10274	0.10514
10274.5	0.104945
10275	0.10475
10275.5	0.104555
10276	0.10436
10276.5	0.104165
10277	0.10397
10277.5	0.103775
10278	0.10358
10278.5	0.103385
10279	0.10319
10279.5	0.102995
10280	0.1028
10280.5	0.102605
10281	0.10241
10281.5	0.102215
10282	0.10202
10282.5	0.101825
10283	0.10163
10283.5	0.101435
10284	0.10124
10284.5	0.101045
10285	0.10085
10285.5	0.100655
10286	0.10046
10286.5	0.100265
10287	0.10007
10287.5	0.099875
10288	0.09968
10288.5	0.099485
10289	0.09929
10289.5	0.099095
10290	0.0989
10290.5	0.098705
10291	0.09851
10291.5	0.098315
10292	0.09812
10292.5	0.097925
10293	0.09773
10293.5	0.097535
10294	0.09734
10294.5	0.097145
10295	0.09695
10295.5	0.096755
10296	0.09656
10296.5	0.096365
10297	0.09617
10297.5	0.095975
10298	0.09578
10298.5	0.095585
10299	0.09539
10299.5	0.095195
10300	0.095
10300.5	0.094805
10301	0.09461
10301.5	0.094415
10302	0.09422
10302.5	0.094025
10303	0.09383
10303.5	0.093635
10304	0.09344
10304.5	0.093245
10305	0.09305
10305.5	0.092855
10306	0.09266
10306.5	0.092465
10307	0.09227
10307.5	0.092075
10308	0.09188
10308.5	0.091685
10309	0.09149
10309.5	0.091295
10310	0.0911
10310.5	0.0909
10311	0.0907
10311.5	0.0905
10312	0.0903
10312.5	0.0901
10313	0.0899
10313.5	0.0897
10314	0.0895
10314.5	0.0893
10315	0.0891
10315.5	0.0889
10316	0.0887
10316.5	0.0885
10317	0.0883
10317.5	0.0881
10318	0.0879
10318.5	0.0877
10319	0.0875
10319.5	0.0873
10320	0.0871
10320.5	0.086905
10321	0.08671
10321.5	0.086515
10322	0.08632
10322.5	0.086125
10323	0.08593
10323.5	0.085735
10324	0.08554
10324.5	0.085345
10325	0.08515
10325.5	0.084955
10326	0.08476
10326.5	0.084565
10327	0.08437
10327.5	0.084175
10328	0.08398
10328.5	0.083785
10329	0.08359
10329.5	0.083395
10330	0.0832
10330.5	0.083005
10331	0.08281
10331.5	0.082615
10332	0.08242
10332.5	0.082225
10333	0.08203
10333.5	0.081835
10334	0.08164
10334.5	0.081445
10335	0.08125
10335.5	0.081055
10336	0.08086
10336.5	0.080665
10337	0.08047
10337.5	0.080275
10338	0.08008
10338.5	0.079885
10339	0.07969
10339.5	0.079495
10340	0.0793
10340.5	0.0791
10341	0.0789
10341.5	0.0787
10342	0.0785
10342.5	0.0783
10343	0.0781
10343.5	0.0779
10344	0.0777
10344.5	0.0775
10345	0.0773
10345.5	0.0771
10346	0.0769
10346.5	0.0767
10347	0.0765
10347.5	0.0763
10348	0.0761
10348.5	0.0759
10349	0.0757
10349.5	0.0755
10350	0.0753
10350.5	0.075105
10351	0.07491
10351.5	0.074715
10352	0.07452
10352.5	0.074325
10353	0.07413
10353.5	0.073935
10354	0.07374
10354.5	0.073545
10355	0.07335
10355.5	0.073155
10356	0.07296
10356.5	0.072765
10357	0.07257
10357.5	0.072375
10358	0.07218
10358.5	0.071985
10359	0.07179
10359.5	0.071595
10360	0.0714
10360.5	0.07121
10361	0.07102
10361.5	0.07083
10362	0.07064
10362.5	0.07045
10363	0.07026
10363.5	0.07007
10364	0.06988
10364.5	0.06969
10365	0.0695
10365.5	0.06931
10366	0.06912
10366.5	0.06893
10367	0.06874
10367.5	0.06855
10368	0.06836
10368.5	0.06817
10369	0.06798
10369.5	0.06779
10370	0.0676
10370.5	0.067405
10371	0.06721
10371.5	0.067015
10372	0.06682
10372.5	0.066625
10373	0.06643
10373.5	0.066235
10374	0.06604
10374.5	0.065845
10375	0.06565
10375.5	0.065455
10376	0.06526
10376.5	0.065065
10377	0.06487
10377.5	0.064675
10378	0.06448
10378.5	0.064285
10379	0.06409
10379.5	0.063895
10380	0.0637
10380.5	0.063505
10381	0.06331
10381.5	0.063115
10382	0.06292
10382.5	0.062725
10383	0.06253
10383.5	0.062335
10384	0.06214
10384.5	0.061945
10385	0.06175
10385.5	0.061555
10386	0.06136
10386.5	0.061165
10387	0.06097
10387.5	0.060775
10388	0.06058
10388.5	0.060385
10389	0.06019
10389.5	0.059995
10390	0.0598
10390.5	0.059625
10391	0.05945
10391.5	0.059275
10392	0.0591
10392.5	0.058925
10393	0.05875
10393.5	0.058575
10394	0.0584
10394.5	0.058225
10395	0.05805
10395.5	0.057875
10396	0.0577
10396.5	0.057525
10397	0.05735
10397.5	0.057175
10398	0.057
10398.5	0.056825
10399	0.05665
10399.5	0.056475
10400	0.0563
10400.5	0.05622
10401	0.05614
10401.5	0.05606
10402	0.05598
10402.5	0.0559
10403	0.05582
10403.5	0.05574
10404	0.05566
10404.5	0.05558
10405	0.0555
10405.5	0.05542
10406	0.05534
10406.5	0.05526
10407	0.05518
10407.5	0.0551
10408	0.05502
10408.5	0.05494
10409	0.05486
10409.5	0.05478
10410	0.0547
10410.5	0.054635
10411	0.05457
10411.5	0.054505
10412	0.05444
10412.5	0.054375
10413	0.05431
10413.5	0.054245
10414	0.05418
10414.5	0.054115
10415	0.05405
10415.5	0.053985
10416	0.05392
10416.5	0.053855
10417	0.05379
10417.5	0.053725
10418	0.05366
10418.5	0.053595
10419	0.05353
10419.5	0.053465
10420	0.0534
10420.5	0.05333
10421	0.05326
10421.5	0.05319
10422	0.05312
10422.5	0.05305
10423	0.05298
10423.5	0.05291
10424	0.05284
10424.5	0.05277
10425	0.0527
10425.5	0.05263
10426	0.05256
10426.5	0.05249
10427	0.05242
10427.5	0.05235
10428	0.05228
10428.5	0.05221
10429	0.05214
10429.5	0.05207
10430	0.052
10430.5	0.051935
10431	0.05187
10431.5	0.051805
10432	0.05174
10432.5	0.051675
10433	0.05161
10433.5	0.051545
10434	0.05148
10434.5	0.051415
10435	0.05135
10435.5	0.051285
10436	0.05122
10436.5	0.051155
10437	0.05109
10437.5	0.051025
10438	0.05096
10438.5	0.050895
10439	0.05083
10439.5	0.050765
10440	0.0507
10440.5	0.050635
10441	0.05057
10441.5	0.050505
10442	0.05044
10442.5	0.050375
10443	0.05031
10443.5	0.050245
10444	0.05018
10444.5	0.050115
10445	0.05005
10445.5	0.049985
10446	0.04992
10446.5	0.049855
10447	0.04979
10447.5	0.049725
10448	0.04966
10448.5	0.049595
10449	0.04953
10449.5	0.049465
10450	0.0494
10450.5	0.04933
10451	0.04926
10451.5	0.04919
10452	0.04912
10452.5	0.04905
10453	0.04898
10453.5	0.04891
10454	0.04884
10454.5	0.04877
10455	0.0487
10455.5	0.04863
10456	0.04856
10456.5	0.04849
10457	0.04842
10457.5	0.04835
10458	0.04828
10458.5	0.04821
10459	0.04814
10459.5	0.04807
10460	0.048
10460.5	0.047935
10461	0.04787
10461.5	0.047805
10462	0.04774
10462.5	0.047675
10463	0.04761
10463.5	0.047545
10464	0.04748
10464.5	0.047415
10465	0.04735
10465.5	0.047285
10466	0.04722
10466.5	0.047155
10467	0.04709
10467.5	0.047025
10468	0.04696
10468.5	0.046895
10469	0.04683
10469.5	0.046765
10470	0.0467
10470.5	0.046635
10471	0.04657
10471.5	0.046505
10472	0.04644
10472.5	0.046375
10473	0.04631
10473.5	0.046245
10474	0.04618
10474.5	0.046115
10475	0.04605
10475.5	0.045985
10476	0.04592
10476.5	0.045855
10477	0.04579
10477.5	0.045725
10478	0.04566
10478.5	0.045595
10479	0.04553
10479.5	0.045465
10480	0.0454
10480.5	0.04533
10481	0.04526
10481.5	0.04519
10482	0.04512
10482.5	0.04505
10483	0.04498
10483.5	0.04491
10484	0.04484
10484.5	0.04477
10485	0.0447
10485.5	0.04463
10486	0.04456
10486.5	0.04449
10487	0.04442
10487.5	0.04435
10488	0.04428
10488.5	0.04421
10489	0.04414
10489.5	0.04407
10490	0.044
10490.5	0.043935
10491	0.04387
10491.5	0.043805
10492	0.04374
10492.5	0.043675
10493	0.04361
10493.5	0.043545
10494	0.04348
10494.5	0.043415
10495	0.04335
10495.5	0.043285
10496	0.04322
10496.5	0.043155
10497	0.04309
10497.5	0.043025
10498	0.04296
10498.5	0.042895
10499	0.04283
10499.5	0.042765
10500	0.0427
10500.5	0.042635
10501	0.04257
10501.5	0.042505
10502	0.04244
10502.5	0.042375
10503	0.04231
10503.5	0.042245
10504	0.04218
10504.5	0.042115
10505	0.04205
10505.5	0.041985
10506	0.04192
10506.5	0.041855
10507	0.04179
10507.5	0.041725
10508	0.04166
10508.5	0.041595
10509	0.04153
10509.5	0.041465
10510	0.0414
10510.5	0.04133
10511	0.04126
10511.5	0.04119
10512	0.04112
10512.5	0.04105
10513	0.04098
10513.5	0.04091
10514	0.04084
10514.5	0.04077
10515	0.0407
10515.5	0.04063
10516	0.04056
10516.5	0.04049
10517	0.04042
10517.5	0.04035
10518	0.04028
10518.5	0.04021
10519	0.04014
10519.5	0.04007
10520	0.04
10520.5	0.039935
10521	0.03987
10521.5	0.039805
10522	0.03974
10522.5	0.039675
10523	0.03961
10523.5	0.039545
10524	0.03948
10524.5	0.039415
10525	0.03935
10525.5	0.039285
10526	0.03922
10526.5	0.039155
10527	0.03909
10527.5	0.039025
10528	0.03896
10528.5	0.038895
10529	0.03883
10529.5	0.038765
10530	0.0387
10530.5	0.03863
10531	0.03856
10531.5	0.03849
10532	0.03842
10532.5	0.03835
10533	0.03828
10533.5	0.03821
10534	0.03814
10534.5	0.03807
10535	0.038
10535.5	0.03793
10536	0.03786
10536.5	0.03779
10537	0.03772
10537.5	0.03765
10538	0.03758
10538.5	0.03751
10539	0.03744
10539.5	0.03737
10540	0.0373
10540.5	0.03723
10541	0.03716
10541.5	0.03709
10542	0.03702
10542.5	0.03695
10543	0.03688
10543.5	0.03681
10544	0.03674
10544.5	0.03667
10545	0.0366
10545.5	0.03653
10546	0.03646
10546.5	0.03639
10547	0.03632
10547.5	0.03625
10548	0.03618
10548.5	0.03611
10549	0.03604
10549.5	0.03597
10550	0.0359
10550.5	0.03583
10551	0.03576
10551.5	0.03569
10552	0.03562
10552.5	0.03555
10553	0.03548
10553.5	0.03541
10554	0.03534
10554.5	0.03527
10555	0.0352
10555.5	0.03513
10556	0.03506
10556.5	0.03499
10557	0.03492
10557.5	0.03485
10558	0.03478
10558.5	0.03471
10559	0.03464
10559.5	0.03457
10560	0.0345
10560.5	0.034425
10561	0.03435
10561.5	0.034275
10562	0.0342
10562.5	0.034125
10563	0.03405
10563.5	0.033975
10564	0.0339
10564.5	0.033825
10565	0.03375
10565.5	0.033675
10566	0.0336
10566.5	0.033525
10567	0.03345
10567.5	0.033375
10568	0.0333
10568.5	0.033225
10569	0.03315
10569.5	0.033075
10570	0.033
10570.5	0.032925
10571	0.03285
10571.5	0.032775
10572	0.0327
10572.5	0.032625
10573	0.03255
10573.5	0.032475
10574	0.0324
10574.5	0.032325
10575	0.03225
10575.5	0.032175
10576	0.0321
10576.5	0.032025
10577	0.03195
10577.5	0.031875
10578	0.0318
10578.5	0.031725
10579	0.03165
10579.5	0.031575
10580	0.0315
10580.5	0.031425
10581	0.03135
10581.5	0.031275
10582	0.0312
10582.5	0.031125
10583	0.03105
10583.5	0.030975
10584	0.0309
10584.5	0.030825
10585	0.03075
10585.5	0.030675
10586	0.0306
10586.5	0.030525
10587	0.03045
10587.5	0.030375
10588	0.0303
10588.5	0.030225
10589	0.03015
10589.5	0.030075
10590	0.03
10590.5	0.029925
10591	0.02985
10591.5	0.029775
10592	0.0297
10592.5	0.029625
10593	0.02955
10593.5	0.029475
10594	0.0294
10594.5	0.029325
10595	0.02925
10595.5	0.029175
10596	0.0291
10596.5	0.029025
10597	0.02895
10597.5	0.028875
10598	0.0288
10598.5	0.028725
10599	0.02865
10599.5	0.028575
10600	0.0285
10600.5	0.02844
10601	0.02838
10601.5	0.02832
10602	0.02826
10602.5	0.0282
10603	0.02814
10603.5	0.02808
10604	0.02802
10604.5	0.02796
10605	0.0279
10605.5	0.02784
10606	0.02778
10606.5	0.02772
10607	0.02766
10607.5	0.0276
10608	0.02754
10608.5	0.02748
10609	0.02742
10609.5	0.02736
10610	0.0273
10610.5	0.027245
10611	0.02719
10611.5	0.027135
10612	0.02708
10612.5	0.027025
10613	0.02697
10613.5	0.026915
10614	0.02686
10614.5	0.026805
10615	0.02675
10615.5	0.026695
10616	0.02664
10616.5	0.026585
10617	0.02653
10617.5	0.026475
10618	0.02642
10618.5	0.026365
10619	0.02631
10619.5	0.026255
10620	0.0262
10620.5	0.02614
10621	0.02608
10621.5	0.02602
10622	0.02596
10622.5	0.0259
10623	0.02584
10623.5	0.02578
10624	0.02572
10624.5	0.02566
10625	0.0256
10625.5	0.02554
10626	0.02548
10626.5	0.02542
10627	0.02536
10627.5	0.0253
10628	0.02524
10628.5	0.02518
10629	0.02512
10629.5	0.02506
10630	0.025
10630.5	0.02494
10631	0.02488
10631.5	0.02482
10632	0.02476
10632.5	0.0247
10633	0.02464
10633.5	0.02458
10634	0.02452
10634.5	0.02446
10635	0.0244
10635.5	0.02434
10636	0.02428
10636.5	0.02422
10637	0.02416
10637.5	0.0241
10638	0.02404
10638.5	0.02398
10639	0.02392
10639.5	0.02386
10640	0.0238
10640.5	0.023735
10641	0.02367
10641.5	0.023605
10642	0.02354
10642.5	0.023475
10643	0.02341
10643.5	0.023345
10644	0.02328
10644.5	0.023215
10645	0.02315
10645.5	0.023085
10646	0.02302
10646.5	0.022955
10647	0.02289
10647.5	0.022825
10648	0.02276
10648.5	0.022695
10649	0.02263
10649.5	0.022565
10650	0.0225
10650.5	0.022435
10651	0.02237
10651.5	0.022305
10652	0.02224
10652.5	0.022175
10653	0.02211
10653.5	0.022045
10654	0.02198
10654.5	0.021915
10655	0.02185
10655.5	0.021785
10656	0.02172
10656.5	0.021655
10657	0.02159
10657.5	0.021525
10658	0.02146
10658.5	0.021395
10659	0.02133
10659.5	0.021265
10660	0.0212
10660.5	0.021125
10661	0.02105
10661.5	0.020975
10662	0.0209
10662.5	0.020825
10663	0.02075
10663.5	0.020675
10664	0.0206
10664.5	0.020525
10665	0.02045
10665.5	0.020375
10666	0.0203
10666.5	0.020225
10667	0.02015
10667.5	0.020075
10668	0.02
10668.5	0.019925
10669	0.01985
10669.5	0.019775
10670	0.0197
10670.5	0.01963
10671	0.01956
10671.5	0.01949
10672	0.01942
10672.5	0.01935
10673	0.01928
10673.5	0.01921
10674	0.01914
10674.5	0.01907
10675	0.019
10675.5	0.01893
10676	0.01886
10676.5	0.01879
10677	0.01872
10677.5	0.01865
10678	0.01858
10678.5	0.01851
10679	0.01844
10679.5	0.01837
10680	0.0183
10680.5	0.018225
10681	0.01815
10681.5	0.018075
10682	0.018
10682.5	0.017925
10683	0.01785
10683.5	0.017775
10684	0.0177
10684.5	0.017625
10685	0.01755
10685.5	0.017475
10686	0.0174
10686.5	0.017325
10687	0.01725
10687.5	0.017175
10688	0.0171
10688.5	0.017025
10689	0.01695
10689.5	0.016875
10690	0.0168
10690.5	0.016725
10691	0.01665
10691.5	0.016575
10692	0.0165
10692.5	0.016425
10693	0.01635
10693.5	0.016275
10694	0.0162
10694.5	0.016125
10695	0.01605
10695.5	0.015975
10696	0.0159
10696.5	0.015825
10697	0.01575
10697.5	0.015675
10698	0.0156
10698.5	0.015525
10699	0.01545
10699.5	0.015375
10700	0.0153
10700.5	0.015225
10701	0.01515
10701.5	0.015075
10702	0.015
10702.5	0.014925
10703	0.01485
10703.5	0.014775
10704	0.0147
10704.5	0.014625
10705	0.01455
10705.5	0.014475
10706	0.0144
10706.5	0.014325
10707	0.01425
10707.5	0.014175
10708	0.0141
10708.5	0.014025
10709	0.01395
10709.5	0.013875
10710	0.0138
10710.5	0.013725
10711	0.01365
10711.5	0.013575
10712	0.0135
10712.5	0.013425
10713	0.01335
10713.5	0.013275
10714	0.0132
10714.5	0.013125
10715	0.01305
10715.5	0.012975
10716	0.0129
10716.5	0.012825
10717	0.01275
10717.5	0.012675
10718	0.0126
10718.5	0.012525
10719	0.01245
10719.5	0.012375
10720	0.0123
10720.5	0.01223
10721	0.01216
10721.5	0.01209
10722	0.01202
10722.5	0.01195
10723	0.01188
10723.5	0.01181
10724	0.01174
10724.5	0.01167
10725	0.0116
10725.5	0.01153
10726	0.01146
10726.5	0.01139
10727	0.01132
10727.5	0.01125
10728	0.01118
10728.5	0.01111
10729	0.01104
10729.5	0.01097
10730	0.0109
10730.5	0.01083
10731	0.01076
10731.5	0.01069
10732	0.01062
10732.5	0.01055
10733	0.01048
10733.5	0.01041
10734	0.01034
10734.5	0.01027
10735	0.0102
10735.5	0.01013
10736	0.01006
10736.5	0.00999
10737	0.00992
10737.5	0.00985
10738	0.00978
10738.5	0.00971
10739	0.00964
10739.5	0.00957
10740	0.0095
10740.5	0.009435
10741	0.00937
10741.5	0.009305
10742	0.00924
10742.5	0.009175
10743	0.00911
10743.5	0.009045
10744	0.00898
10744.5	0.008915
10745	0.00885
10745.5	0.008785
10746	0.00872
10746.5	0.008655
10747	0.00859
10747.5	0.008525
10748	0.00846
10748.5	0.008395
10749	0.00833
10749.5	0.008265
10750	0.0082
10750.5	0.00814
10751	0.00808
10751.5	0.00802
10752	0.00796
10752.5	0.0079
10753	0.00784
10753.5	0.00778
10754	0.00772
10754.5	0.00766
10755	0.0076
10755.5	0.00754
10756	0.00748
10756.5	0.00742
10757	0.00736
10757.5	0.0073
10758	0.00724
10758.5	0.00718
10759	0.00712
10759.5	0.00706
10760	0.007
10760.5	0.006945
10761	0.00689
10761.5	0.006835
10762	0.00678
10762.5	0.006725
10763	0.00667
10763.5	0.006615
10764	0.00656
10764.5	0.006505
10765	0.00645
10765.5	0.006395
10766	0.00634
10766.5	0.006285
10767	0.00623
10767.5	0.006175
10768	0.00612
10768.5	0.006065
10769	0.00601
10769.5	0.005955
10770	0.0059
10770.5	0.00585
10771	0.0058
10771.5	0.00575
10772	0.0057
10772.5	0.00565
10773	0.0056
10773.5	0.00555
10774	0.0055
10774.5	0.00545
10775	0.0054
10775.5	0.00535
10776	0.0053
10776.5	0.00525
10777	0.0052
10777.5	0.00515
10778	0.0051
10778.5	0.00505
10779	0.005
10779.5	0.00495
10780	0.0049
10780.5	0.00486
10781	0.00482
10781.5	0.00478
10782	0.00474
10782.5	0.0047
10783	0.00466
10783.5	0.00462
10784	0.00458
10784.5	0.00454
10785	0.0045
10785.5	0.00446
10786	0.00442
10786.5	0.00438
10787	0.00434
10787.5	0.0043
10788	0.00426
10788.5	0.00422
10789	0.00418
10789.5	0.00414
10790	0.0041
10790.5	0.00406
10791	0.00402
10791.5	0.00398
10792	0.00394
10792.5	0.0039
10793	0.00386
10793.5	0.00382
10794	0.00378
10794.5	0.00374
10795	0.0037
10795.5	0.00366
10796	0.00362
10796.5	0.00358
10797	0.00354
10797.5	0.0035
10798	0.00346
10798.5	0.00342
10799	0.00338
10799.5	0.00334
10800	0.0033
10800.5	0.00327
10801	0.00324
10801.5	0.00321
10802	0.00318
10802.5	0.00315
10803	0.00312
10803.5	0.00309
10804	0.00306
10804.5	0.00303
10805	0.003
10805.5	0.00297
10806	0.00294
10806.5	0.00291
10807	0.00288
10807.5	0.00285
10808	0.00282
10808.5	0.00279
10809	0.00276
10809.5	0.00273
10810	0.0027
10810.5	0.00267
10811	0.00264
10811.5	0.00261
10812	0.00258
10812.5	0.00255
10813	0.00252
10813.5	0.00249
10814	0.00246
10814.5	0.00243
10815	0.0024
10815.5	0.00237
10816	0.00234
10816.5	0.00231
10817	0.00228
10817.5	0.00225
10818	0.00222
10818.5	0.00219
10819	0.00216
10819.5	0.00213
10820	0.0021
10820.5	0.00208
10821	0.00206
10821.5	0.00204
10822	0.00202
10822.5	0.002
10823	0.00198
10823.5	0.00196
10824	0.00194
10824.5	0.00192
10825	0.0019
10825.5	0.00188
10826	0.00186
10826.5	0.00184
10827	0.00182
10827.5	0.0018
10828	0.00178
10828.5	0.00176
10829	0.00174
10829.5	0.00172
10830	0.0017
10830.5	0.00168
10831	0.00166
10831.5	0.00164
10832	0.00162
10832.5	0.0016
10833	0.00158
10833.5	0.00156
10834	0.00154
10834.5	0.00152
10835	0.0015
10835.5	0.00148
10836	0.00146
10836.5	0.00144
10837	0.00142
10837.5	0.0014
10838	0.00138
10838.5	0.00136
10839	0.00134
10839.5	0.00132
10840	0.0013
10840.5	0.001285
10841	0.00127
10841.5	0.001255
10842	0.00124
10842.5	0.001225
10843	0.00121
10843.5	0.001195
10844	0.00118
10844.5	0.001165
10845	0.00115
10845.5	0.001135
10846	0.00112
10846.5	0.001105
10847	0.00109
10847.5	0.001075
10848	0.00106
10848.5	0.001045
10849	0.00103
10849.5	0.001015
10850	0.001
10850.5	0.000985
10851	0.00097
10851.5	0.000955
10852	0.00094
10852.5	0.000925
10853	0.00091
10853.5	0.000895
10854	0.00088
10854.5	0.000865
10855	0.00085
10855.5	0.000835
10856	0.00082
10856.5	0.000805
10857	0.00079
10857.5	0.000775
10858	0.00076
10858.5	0.000745
10859	0.00073
10859.5	0.000715
10860	0.0007
10860.5	0.000695
10861	0.00069
10861.5	0.000685
10862	0.00068
10862.5	0.000675
10863	0.00067
10863.5	0.000665
10864	0.00066
10864.5	0.000655
10865	0.00065
10865.5	0.000645
10866	0.00064
10866.5	0.000635
10867	0.00063
10867.5	0.000625
10868	0.00062
10868.5	0.000615
10869	0.00061
10869.5	0.000605
10870	0.0006
10870.5	0.00059
10871	0.00058
10871.5	0.00057
10872	0.00056
10872.5	0.00055
10873	0.00054
10873.5	0.00053
10874	0.00052
10874.5	0.00051
10875	0.0005
10875.5	0.00049
10876	0.00048
10876.5	0.00047
10877	0.00046
10877.5	0.00045
10878	0.00044
10878.5	0.00043
10879	0.00042
10879.5	0.00041
10880	0.0004
10880.5	0.000395
10881	0.00039
10881.5	0.000385
10882	0.00038
10882.5	0.000375
10883	0.00037
10883.5	0.000365
10884	0.00036
10884.5	0.000355
10885	0.00035
10885.5	0.000345
10886	0.00034
10886.5	0.000335
10887	0.00033
10887.5	0.000325
10888	0.00032
10888.5	0.000315
10889	0.00031
10889.5	0.000305
10890	0.0003
10890.5	0.000295
10891	0.00029
10891.5	0.000285
10892	0.00028
10892.5	0.000275
10893	0.00027
10893.5	0.000265
10894	0.00026
10894.5	0.000255
10895	0.00025
10895.5	0.000245
10896	0.00024
10896.5	0.000235
10897	0.00023
10897.5	0.000225
10898	0.00022
10898.5	0.000215
10899	0.00021
10899.5	0.000205
10900	0.0002
10900.5	0.0002
10901	0.0002
10901.5	0.0002
10902	0.0002
10902.5	0.0002
10903	0.0002
10903.5	0.0002
10904	0.0002
10904.5	0.0002
10905	0.0002
10905.5	0.0002
10906	0.0002
10906.5	0.0002
10907	0.0002
10907.5	0.0002
10908	0.0002
10908.5	0.0002
10909	0.0002
10909.5	0.0002
10910	0.0002
10910.5	0.000195
10911	0.00019
10911.5	0.000185
10912	0.00018
10912.5	0.000175
10913	0.00017
10913.5	0.000165
10914	0.00016
10914.5	0.000155
10915	0.00015
10915.5	0.000145
10916	0.00014
10916.5	0.000135
10917	0.00013
10917.5	0.000125
10918	0.00012
10918.5	0.000115
10919	0.00011
10919.5	0.000105
10920	0.0001
10920.5	0.0001
10921	0.0001
10921.5	0.0001
10922	0.0001
10922.5	0.0001
10923	0.0001
10923.5	0.0001
10924	0.0001
10924.5	0.0001
10925	0.0001
10925.5	0.0001
10926	0.0001
10926.5	0.0001
10927	0.0001
10927.5	0.0001
10928	0.0001
10928.5	0.0001
10929	0.0001
10929.5	0.0001
10930	0.0001
10930.5	0.0001
10931	0.0001
10931.5	0.0001
10932	0.0001
10932.5	0.0001
10933	0.0001
10933.5	0.0001
10934	0.0001
10934.5	0.0001
10935	0.0001
10935.5	0.0001
10936	0.0001
10936.5	0.0001
10937	0.0001
10937.5	0.0001
10938	0.0001
10938.5	0.0001
10939	0.0001
10939.5	0.0001
10940	0.0001
10940.5	9.5e-05
10941	9e-05
10941.5	8.5e-05
10942	8e-05
10942.5	7.5e-05
10943	7e-05
10943.5	6.5e-05
10944	6e-05
10944.5	5.5e-05
10945	5e-05
10945.5	4.5e-05
10946	4e-05
10946.5	3.5e-05
10947	3e-05
10947.5	2.5e-05
10948	2e-05
10948.5	1.5e-05
10949	1e-05
10949.5	5e-06
10950	0
10950.5	0
10951	0
10951.5	0
10952	0
10952.5	0
10953	0
10953.5	0
10954	0
10954.5	0
10955	0
10955.5	0
10956	0
10956.5	0
10957	0
10957.5	0
10958	0
10958.5	0
10959	0
10959.5	0
10960	0
10960.5	0
10961	0
10961.5	0
10962	0
10962.5	0
10963	0
10963.5	0
10964	0
10964.5	0
10965	0
10965.5	0
10966	0
10966.5	0
10967	0
10967.5	0
10968	0
10968.5	0
10969	0
10969.5	0
10970	0
10970.5	0
10971	0
10971.5	0
10972	0
10972.5	0
10973	0
10973.5	0
10974	0
10974.5	0
10975	0
10975.5	0
10976	0
10976.5	0
10977	0
10977.5	0
10978	0
10978.5	0
10979	0
10979.5	0
10980	0
10980.5	0
10981	0
10981.5	0
10982	0
10982.5	0
10983	0
10983.5	0
10984	0
10984.5	0
10985	0
10985.5	0
10986	0
10986.5	0
10987	0
10987.5	0
10988	0
10988.5	0
10989	0
10989.5	0
10990	0
10990.5	0
10991	0
10991.5	0
10992	0
10992.5	0
10993	0
10993.5	0
10994	0
10994.5	0
10995	0
10995.5	0
10996	0
10996.5	0
10997	0
10997.5	0
10998	0
10998.5	0
10999	0
10999.5	0
