600	0.965899	0.0306773	0.538546
601	0.965847	0.0307153	0.538795
602	0.965795	0.0307534	0.539044
603	0.965742	0.0307948	0.538598
604	0.96569	0.0308363	0.538154
605	0.965637	0.0308761	0.538057
606	0.965585	0.0309159	0.537959
607	0.965533	0.0309541	0.538206
608	0.96548	0.0309922	0.538453
609	0.965427	0.0310338	0.538011
610	0.965375	0.031077	0.537228
611	0.965322	0.0311186	0.536791
612	0.965269	0.0311585	0.536695
613	0.965217	0.0312002	0.53626
614	0.965164	0.0312384	0.536504
615	0.965111	0.0312784	0.536409
616	0.965058	0.0313184	0.536313
617	0.965005	0.0313567	0.536556
618	0.964953	0.0313967	0.536461
619	0.9649	0.031435	0.536703
620	0.964847	0.0314768	0.53627
621	0.964794	0.0315186	0.535838
622	0.96474	0.0315587	0.535744
623	0.964687	0.0316005	0.535315
624	0.964634	0.0316424	0.534888
625	0.964581	0.0316808	0.535127
626	0.964528	0.0317227	0.534701
627	0.964475	0.0317663	0.533946
628	0.964421	0.0318134	0.532539
629	0.964368	0.0318536	0.532449
630	0.964314	0.0318974	0.531706
631	0.964261	0.0319359	0.531943
632	0.964208	0.0319762	0.531853
633	0.964154	0.0320165	0.531764
634	0.964101	0.0320585	0.531351
635	0.964047	0.0320971	0.531585
636	0.963993	0.0321374	0.531496
637	0.96394	0.0321778	0.531407
638	0.963886	0.0322217	0.530675
639	0.963832	0.0322621	0.530587
640	0.963778	0.0323043	0.530179
641	0.963725	0.0323447	0.530091
642	0.963671	0.0323834	0.530323
643	0.963617	0.0324256	0.529917
644	0.963563	0.0324643	0.530148
645	0.963509	0.0325048	0.530061
646	0.963455	0.0325436	0.530291
647	0.963401	0.0325894	0.529252
648	0.963347	0.03263	0.529166
649	0.963293	0.0326687	0.529395
650	0.963239	0.0327093	0.529308
651	0.963184	0.0327517	0.528907
652	0.96313	0.0327941	0.528507
653	0.963076	0.0328348	0.528422
654	0.963022	0.0328754	0.528336
655	0.962967	0.0329161	0.528251
656	0.962913	0.032955	0.528477
657	0.962858	0.0329975	0.52808
658	0.962804	0.03304	0.527684
659	0.962749	0.0330789	0.527909
660	0.962695	0.0331179	0.528134
661	0.96264	0.0331623	0.527429
662	0.962586	0.033203	0.527345
663	0.962531	0.0332475	0.526645
664	0.962476	0.0332865	0.526868
665	0.962422	0.0333255	0.527091
666	0.962367	0.0333682	0.5267
667	0.962312	0.033409	0.526616
668	0.962257	0.0334481	0.526838
669	0.962202	0.0334872	0.52706
670	0.962147	0.0335263	0.527282
671	0.962092	0.033569	0.526891
672	0.962037	0.0336081	0.527112
673	0.961982	0.0336509	0.526722
674	0.961927	0.0336901	0.526943
675	0.961872	0.0337348	0.52625
676	0.961817	0.0337739	0.52647
677	0.961762	0.033815	0.526386
678	0.961707	0.0338616	0.525395
679	0.961651	0.0339045	0.525012
680	0.961596	0.0339437	0.52523
681	0.961541	0.0339848	0.525147
682	0.961485	0.0340241	0.525364
683	0.96143	0.0340652	0.525281
684	0.961374	0.0341083	0.524899
685	0.961319	0.0341494	0.524817
686	0.961263	0.0341906	0.524734
687	0.961208	0.0342318	0.524652
688	0.961152	0.0342712	0.524867
689	0.961097	0.0343105	0.525082
690	0.961041	0.0343537	0.524702
691	0.960985	0.0343949	0.524619
692	0.960929	0.0344381	0.52424
693	0.960874	0.0344775	0.524454
694	0.960818	0.0345189	0.524372
695	0.960762	0.0345583	0.524585
696	0.960706	0.0345996	0.524502
697	0.96065	0.034641	0.524419
698	0.960594	0.0346805	0.524632
699	0.960538	0.0347219	0.524549
700	0.960482	0.0347614	0.52476
701	0.960426	0.0348048	0.524383
702	0.96037	0.03485	0.523714
703	0.960314	0.0348934	0.52334
704	0.960257	0.0349349	0.523259
705	0.960201	0.0349745	0.523468
706	0.960145	0.0350141	0.523678
707	0.960088	0.0350614	0.522724
708	0.960032	0.0351011	0.522933
709	0.959976	0.0351426	0.522852
710	0.959919	0.0351881	0.522193
711	0.959863	0.0352336	0.521538
712	0.959806	0.0352733	0.521745
713	0.95975	0.0353169	0.521379
714	0.959693	0.0353605	0.521013
715	0.959636	0.0354002	0.521219
716	0.95958	0.0354419	0.52114
717	0.959523	0.0354837	0.521061
718	0.959466	0.0355235	0.521266
719	0.95941	0.0355633	0.521471
720	0.959353	0.035607	0.521106
721	0.959296	0.0356468	0.521311
722	0.959239	0.0356886	0.521231
723	0.959182	0.0357324	0.520868
724	0.959125	0.0357782	0.520224
725	0.959068	0.03582	0.520145
726	0.959011	0.0358619	0.520066
727	0.958954	0.0359078	0.519427
728	0.958897	0.0359497	0.519349
729	0.95884	0.0359916	0.519271
730	0.958782	0.0360376	0.518637
731	0.958725	0.0360795	0.518559
732	0.958668	0.0361235	0.518205
733	0.958611	0.0361675	0.517852
734	0.958553	0.0362116	0.517501
735	0.958496	0.0362516	0.5177
736	0.958438	0.0362977	0.517074
737	0.958381	0.0363438	0.516452
738	0.958324	0.0363839	0.51665
739	0.958266	0.036426	0.516575
740	0.958208	0.0364681	0.5165
741	0.958151	0.0365083	0.516697
742	0.958093	0.0365565	0.515808
743	0.958035	0.0365987	0.515733
744	0.957978	0.0366389	0.51593
745	0.95792	0.0366811	0.515855
746	0.957862	0.0367234	0.515781
747	0.957804	0.0367657	0.515706
748	0.957746	0.03681	0.515363
749	0.957689	0.0368523	0.515289
750	0.957631	0.0368966	0.514946
751	0.957573	0.036939	0.514873
752	0.957515	0.0369854	0.514266
753	0.957457	0.0370298	0.513927
754	0.957398	0.0370722	0.513854
755	0.95734	0.0371126	0.514047
756	0.957282	0.0371571	0.513709
757	0.957224	0.0372057	0.512845
758	0.957166	0.0372482	0.512774
759	0.957107	0.0372907	0.512702
760	0.957049	0.0373332	0.512631
761	0.956991	0.0373757	0.51256
762	0.956932	0.0374224	0.511966
763	0.956874	0.0374649	0.511895
764	0.956816	0.0375054	0.512085
765	0.956757	0.0375501	0.511754
766	0.956698	0.0375948	0.511424
767	0.95664	0.0376354	0.511613
768	0.956581	0.0376801	0.511283
769	0.956523	0.0377228	0.511213
770	0.956464	0.0377655	0.511143
771	0.956405	0.0378082	0.511073
772	0.956346	0.0378509	0.511003
773	0.956288	0.037902	0.509907
774	0.956229	0.0379469	0.509583
775	0.95617	0.037996	0.508752
776	0.956111	0.0380388	0.508685
777	0.956052	0.0380817	0.508617
778	0.955993	0.0381245	0.50855
779	0.955934	0.0381652	0.508735
780	0.955875	0.0382166	0.50766
781	0.955816	0.0382595	0.507594
782	0.955757	0.0383067	0.507027
783	0.955698	0.0383539	0.506463
784	0.955638	0.0383969	0.506397
785	0.955579	0.0384377	0.506581
786	0.95552	0.0384786	0.506764
787	0.955461	0.0385216	0.506698
788	0.955401	0.0385667	0.506384
789	0.955342	0.0386119	0.506072
790	0.955282	0.0386593	0.505514
791	0.955223	0.0387024	0.505449
792	0.955163	0.0387477	0.505139
793	0.955104	0.0387908	0.505075
794	0.955044	0.0388382	0.504523
795	0.954985	0.0388792	0.504703
796	0.954925	0.0389289	0.503909
797	0.954865	0.0389721	0.503847
798	0.954806	0.0390153	0.503784
799	0.954746	0.0390586	0.503721
800	0.954686	0.039104	0.503417
801	0.954626	0.0391473	0.503354
802	0.954566	0.0391884	0.503533
803	0.954507	0.0392317	0.50347
804	0.954447	0.0392772	0.503167
805	0.954387	0.0393183	0.503345
806	0.954327	0.0393595	0.503522
807	0.954267	0.0394006	0.5037
808	0.954206	0.0394506	0.502918
809	0.954146	0.039494	0.502855
810	0.954086	0.0395352	0.503032
811	0.954026	0.0395831	0.502493
812	0.953966	0.0396243	0.502669
813	0.953906	0.0396678	0.502607
814	0.953845	0.0397157	0.50207
815	0.953785	0.0397615	0.501772
816	0.953724	0.0398072	0.501475
817	0.953664	0.0398486	0.50165
818	0.953604	0.0398944	0.501353
819	0.953543	0.0399424	0.500823
820	0.953483	0.0399905	0.500295
821	0.953422	0.0400386	0.499769
822	0.953361	0.04008	0.499942
823	0.953301	0.0401282	0.499418
824	0.95324	0.0401718	0.49936
825	0.95318	0.0402155	0.499301
826	0.953119	0.0402593	0.499242
827	0.953058	0.0403075	0.498722
828	0.952997	0.0403535	0.498434
829	0.952936	0.040395	0.498605
830	0.952876	0.0404388	0.498548
831	0.95282	0.0404818	0.497946
832	0.952806	0.040481	0.497382
833	0.95284	0.0404351	0.495803
834	0.953014	0.0402582	0.492678
835	0.953186	0.0400834	0.489358
836	0.953413	0.0398487	0.486308
837	0.953723	0.0395584	0.483442
838	0.953972	0.0393232	0.47949
839	0.95425	0.0390745	0.476421
840	0.954576	0.0387318	0.471848
841	0.954954	0.0384351	0.47241
842	0.955169	0.0382415	0.465712
843	0.955281	0.0380801	0.463329
844	0.955901	0.0375558	0.465208
845	0.956078	0.0374688	0.463078
846	0.956517	0.0370038	0.464503
847	0.956422	0.0370405	0.458084
848	0.956483	0.0370435	0.452321
849	0.957121	0.0365421	0.456341
850	0.958193	0.0355748	0.45503
851	0.958638	0.0352418	0.449354
852	0.95875	0.0352081	0.441614
853	0.958721	0.0350233	0.433749
854	0.959253	0.0344986	0.428679
855	0.959657	0.034318	0.424466
856	0.960458	0.0335635	0.422937
857	0.961354	0.0327844	0.4185
858	0.961478	0.032714	0.413386
859	0.962383	0.0319577	0.407294
860	0.963278	0.0311597	0.409458
861	0.963768	0.0307977	0.403676
862	0.964562	0.0301491	0.404863
863	0.964509	0.0301267	0.401739
864	0.963669	0.0306227	0.387287
865	0.964101	0.0302464	0.384555
866	0.964788	0.0297388	0.387379
867	0.965541	0.0290406	0.378342
868	0.966464	0.0282444	0.377487
869	0.966749	0.0280269	0.374469
870	0.967169	0.027692	0.369093
871	0.968033	0.0269589	0.361593
872	0.968672	0.026447	0.362695
873	0.969503	0.0256757	0.361382
874	0.969909	0.0253571	0.354815
875	0.970462	0.0248903	0.355153
876	0.970904	0.0245439	0.34801
877	0.971062	0.0244796	0.35386
878	0.971802	0.0238072	0.347161
879	0.97256	0.023175	0.344215
880	0.972772	0.0230677	0.34631
881	0.973933	0.0220275	0.338382
882	0.973451	0.0224992	0.343164
883	0.974172	0.0219184	0.333641
884	0.973903	0.0219844	0.322825
885	0.972566	0.0228425	0.313096
886	0.97335	0.0222434	0.307644
887	0.973865	0.0218164	0.309839
888	0.974852	0.0209167	0.302392
889	0.974625	0.0212165	0.295343
890	0.974815	0.0210612	0.292837
891	0.97557	0.0204399	0.291303
892	0.977202	0.0189762	0.277604
893	0.977315	0.0189022	0.280873
894	0.978212	0.0181385	0.274124
895	0.977887	0.0184954	0.268908
896	0.978689	0.0178157	0.256354
897	0.979409	0.0172244	0.25458
898	0.980007	0.0166982	0.256852
899	0.981078	0.0157636	0.240978
900	0.981307	0.0156089	0.236912
901	0.981483	0.0154861	0.237287
902	0.981819	0.0152508	0.225669
903	0.982912	0.0143081	0.216995
904	0.983262	0.0140197	0.216797
905	0.983828	0.0135454	0.211166
906	0.984686	0.0127891	0.200434
907	0.984505	0.0130208	0.193583
908	0.985398	0.0122318	0.187208
909	0.985887	0.0118617	0.176775
910	0.986956	0.0108851	0.160358
911	0.987534	0.0103467	0.155395
912	0.98804	0.00998834	0.145681
913	0.988681	0.00942319	0.131028
914	0.989114	0.00906338	0.115572
915	0.989639	0.00864792	0.112404
916	0.990186	0.00817704	0.105563
917	0.991265	0.00721995	0.0887085
918	0.991014	0.00748448	0.0965931
919	0.992153	0.0064642	0.0776001
920	0.991701	0.00696073	0.0938669
921	0.992034	0.00666397	0.0915206
922	0.992381	0.00635512	0.0872955
923	0.991996	0.00676864	0.094544
924	0.99268	0.00618124	0.0884183
925	0.992728	0.00614591	0.0853283
926	0.992784	0.00611182	0.0829977
927	0.993273	0.00572695	0.0797152
928	0.993618	0.00543092	0.0821164
929	0.993406	0.00560658	0.0841886
930	0.993622	0.00540769	0.0789513
931	0.994332	0.00484484	0.0777999
932	0.994101	0.00505355	0.0754181
933	0.989283	0.00896974	0.0907472
934	0.989046	0.00916344	0.0914077
935	0.989274	0.00895578	0.0978648
936	0.989164	0.00905859	0.0912148
937	0.99015	0.00816039	0.0807258
938	0.989904	0.00852942	0.0910992
939	0.990033	0.00844918	0.09272
940	0.989951	0.00852062	0.0988594
941	0.990714	0.00781179	0.0812276
942	0.990461	0.00806151	0.0907594
943	0.990668	0.00785721	0.0901722
944	0.990332	0.00818138	0.0965826
945	0.99006	0.00840177	0.0903731
946	0.989885	0.00855244	0.0893606
947	0.990019	0.00846356	0.0914201
948	0.990167	0.0083204	0.0841411
949	0.989712	0.00872628	0.0952845
950	0.99168	0.00711207	0.0890154
951	0.99256	0.006406	0.0769905
952	0.991902	0.0070054	0.0897635
953	0.991787	0.00712043	0.0962601
954	0.992214	0.00673744	0.0838968
955	0.991708	0.00717987	0.0883919
956	0.991623	0.00725965	0.0875611
957	0.991791	0.00712679	0.08866
958	0.992168	0.0067477	0.0810281
959	0.991427	0.00741764	0.0935399
960	0.991798	0.0070985	0.0816478
960	0.991798	0.0070985	0.0816478
961	0.991684	0.00719452	0.0893171
962	0.992061	0.00686364	0.0841494
963	0.99216	0.00676188	0.0830237
964	0.99176	0.00713414	0.0856007
965	0.992183	0.00674706	0.0813945
966	0.991858	0.00701801	0.0952271
967	0.991607	0.00726639	0.0931381
968	0.992001	0.0069007	0.0792511
969	0.992226	0.0066956	0.0810128
970	0.991743	0.00712284	0.0860565
971	0.992379	0.00656388	0.0767139
972	0.991987	0.0069368	0.0797742
973	0.994019	0.00535579	0.0800054
974	0.994402	0.00504121	0.0813966
975	0.994576	0.00489282	0.0746628
976	0.994737	0.00472938	0.0686993
977	0.994181	0.00526441	0.0775315
978	0.994811	0.00466126	0.0683491
979	0.99498	0.00451598	0.0661203
980	0.9943	0.0051542	0.0837627
981	0.994655	0.0048203	0.0736249
982	0.994797	0.00468609	0.0752534
983	0.994762	0.00473063	0.0693825
984	0.994658	0.00481376	0.0707155
985	0.994593	0.00485847	0.0737966
986	0.994439	0.0050138	0.0747808
987	0.994466	0.00497539	0.0750318
988	0.99456	0.00489799	0.072863
989	0.994789	0.00469317	0.0735644
990	0.994947	0.00454253	0.0680588
991	0.994663	0.00480654	0.076205
992	0.994284	0.00516857	0.0762247
993	0.994594	0.0048739	0.0722198
994	0.994295	0.00515449	0.0862421
995	0.994807	0.00467308	0.0759834
996	0.994611	0.00485202	0.06871
997	0.994569	0.00488919	0.0734298
998	0.994273	0.00516899	0.0789992
999	0.994208	0.00521275	0.0787398
1000	0.994326	0.00511408	0.0786209
1001	0.993856	0.00554595	0.0927638
1002	0.994444	0.00499852	0.0798768
1003	0.994953	0.0045212	0.0656692
1004	0.994625	0.00482835	0.0721388
1005	0.994631	0.00483753	0.0700733
1006	0.994624	0.00484193	0.0711813
1007	0.994246	0.00519609	0.0793431
1008	0.994244	0.00517968	0.0748543
1009	0.994619	0.00485156	0.0746041
1010	0.994772	0.00470206	0.0755786
1011	0.994516	0.00494261	0.0704868
1012	0.994393	0.00504464	0.0773115
1013	0.994662	0.00481136	0.071401
1014	0.994294	0.00514519	0.0796037
1015	0.994421	0.00502316	0.0791016
1016	0.994475	0.00497781	0.0783216
1017	0.994242	0.00520313	0.0831829
1018	0.994528	0.00492067	0.0784077
1019	0.994686	0.00476736	0.0821281
1020	0.994261	0.0051706	0.0851582
1021	0.994237	0.00520576	0.0833263
1022	0.994515	0.00491892	0.0784233
1023	0.994103	0.0053168	0.08121
1024	0.994408	0.00502725	0.0761176
1025	0.994404	0.00504424	0.0718469
1026	0.99842	0.00152541	0.0473399
1027	0.999977	2.25577e-05	0.00729284
1028	0.999982	1.83574e-05	0.00547722
1029	0.999984	1.58685e-05	0.00429967
1030	0.999986	1.42275e-05	0.00359739
1031	0.999987	1.30911e-05	0.00307756
1032	0.999988	1.22784e-05	0.00268853
1033	0.999988	1.16857e-05	0.00239024
1034	0.999989	1.12456e-05	0.00218371
1035	0.999989	1.09218e-05	0.00200751
1036	0.999989	1.06839e-05	0.00188217
1037	0.999989	1.05114e-05	0.00178544
1038	0.99999	1.03949e-05	0.00170559
1039	0.99999	1.03199e-05	0.00164866
1040	0.99999	1.02799e-05	0.00160562
1041	0.99999	1.02712e-05	0.00157867
1042	0.99999	1.02881e-05	0.001556
1043	0.99999	1.03281e-05	0.00154095
1044	0.99999	1.03897e-05	0.00152774
1045	0.99999	1.04677e-05	0.00152466
1046	0.999989	1.05625e-05	0.00152635
1047	0.999989	1.06732e-05	0.00153216
1048	0.999989	1.07975e-05	0.00154173
1049	0.999989	1.09377e-05	0.00154515
1050	0.999989	1.10877e-05	0.00157053
1051	0.999989	1.12532e-05	0.00158446
1052	0.999989	1.14312e-05	0.00160588
1053	0.999988	1.16216e-05	0.00162982
1054	0.999988	1.18254e-05	0.0016512
1055	0.999988	1.20399e-05	0.00168506
1056	0.999988	1.22677e-05	0.00172155
1057	0.999987	1.25092e-05	0.00175526
1058	0.999987	1.27655e-05	0.00178598
1059	0.999987	1.30333e-05	0.00183002
1060	0.999987	1.33167e-05	0.00187119
1061	0.999986	1.36148e-05	0.00191494
1062	0.999986	1.39303e-05	0.00195543
1063	0.999986	1.42598e-05	0.00201692
1064	0.999985	1.46075e-05	0.00206935
1065	0.999985	1.49733e-05	0.00212494
1066	0.999985	1.53594e-05	0.00218383
1067	0.999984	1.57654e-05	0.00223936
1068	0.999984	1.61931e-05	0.00230535
1069	0.999983	1.6645e-05	0.00236807
1070	0.999983	1.71206e-05	0.00244212
1071	0.999982	1.7622e-05	0.00252081
1072	0.999982	1.81541e-05	0.00260448
1073	0.999981	1.87152e-05	0.00269343
1074	0.999981	1.93094e-05	0.00278836
1075	0.99998	1.99417e-05	0.00287205
1076	0.999979	2.0609e-05	0.00298849
1077	0.999979	2.13204e-05	0.00311333
1078	0.999978	2.2077e-05	0.00323734
1079	0.999977	2.28862e-05	0.00336039
1080	0.999976	2.37496e-05	0.00350333
1081	0.999975	2.46749e-05	0.00365757
1082	0.999974	2.56647e-05	0.00383596
1083	0.999973	2.67315e-05	0.00401735
1084	0.999972	2.78824e-05	0.00421458
1085	0.999971	2.91234e-05	0.00445697
1086	0.999969	3.04746e-05	0.00467967
1087	0.999968	3.19408e-05	0.00495458
1088	0.999966	3.35459e-05	0.00524216
1089	0.999965	3.53055e-05	0.00556126
1090	0.999963	3.7243e-05	0.00593545
1091	0.99996	3.93926e-05	0.00631648
1092	0.999958	4.1783e-05	0.00678884
1093	0.999955	4.44634e-05	0.00732744
1094	0.999952	4.74962e-05	0.00792245
1095	0.999949	5.09541e-05	0.00858716
1096	0.999945	5.49363e-05	0.00936954
1097	0.99994	5.95751e-05	0.0103358
1098	0.999935	6.50579e-05	0.0115463
1099	0.999928	7.16574e-05	0.01305
1100	0.99992	7.97726e-05	0.0150607
1101	0.99991	9.00652e-05	0.0175375
1102	0.999896	0.000103594	0.0211846
1103	0.999877	0.000122421	0.0265055
1104	0.999847	0.000152193	0.0338553
1105	0.994125	0.00571047	0.0806472
1106	0.983478	0.0149291	0.115952
1107	0.983289	0.0150802	0.119054
1108	0.984154	0.0143038	0.122212
1109	0.983994	0.0144717	0.117229
1110	0.984297	0.0141349	0.113209
1111	0.98431	0.0141532	0.111087
1112	0.983394	0.0150274	0.123267
1113	0.98255	0.0157225	0.127432
1114	0.983261	0.0151115	0.126827
1115	0.983545	0.014857	0.118064
1116	0.983992	0.0144516	0.11421
1117	0.983915	0.0145225	0.113285
1118	0.983645	0.0147563	0.117185
1119	0.983103	0.0152292	0.124791
1120	0.983496	0.0149012	0.114257
1121	0.982524	0.0157151	0.121759
1122	0.983645	0.0148106	0.119744
1123	0.98317	0.0152474	0.116219
1124	0.983078	0.0153224	0.126395
1125	0.983814	0.0146448	0.114424
1126	0.983727	0.0146661	0.124482
1127	0.983431	0.0149827	0.124664
1128	0.983095	0.0152397	0.130649
1129	0.982536	0.0157385	0.138045
1130	0.983304	0.0150959	0.13309
1131	0.983022	0.0153492	0.128673
1132	0.982917	0.015401	0.134232
1133	0.982172	0.0160609	0.137013
1134	0.982501	0.0157917	0.137138
1135	0.983063	0.0152571	0.12896
1136	0.982308	0.0160083	0.132163
1137	0.982005	0.0162221	0.13565
1138	0.982154	0.0161249	0.126884
1139	0.982631	0.0156281	0.12331
1140	0.983126	0.0152312	0.124208
1141	0.982519	0.0157709	0.124915
1142	0.983052	0.0153661	0.119324
1143	0.98398	0.014466	0.112344
1144	0.982684	0.0156209	0.122475
1145	0.982978	0.01538	0.119924
1146	0.98292	0.0154156	0.122688
1147	0.982802	0.0155312	0.115274
1148	0.983294	0.0150518	0.121673
1149	0.98358	0.014804	0.118396
1150	0.982884	0.0154328	0.121336
1151	0.983558	0.0148352	0.115491
1152	0.982912	0.0154282	0.120939
1153	0.982363	0.0158649	0.12481
1154	0.982387	0.0158252	0.125082
1155	0.98268	0.0156438	0.123657
1156	0.982281	0.015948	0.121763
1157	0.982337	0.0158621	0.123318
1158	0.981953	0.0163293	0.125301
1159	0.982589	0.0157043	0.119716
1160	0.983411	0.0149188	0.121958
1161	0.982699	0.0156132	0.131248
1162	0.982672	0.0156304	0.126931
1163	0.983104	0.0152514	0.118396
1164	0.983336	0.0150926	0.116208
1165	0.983135	0.0151863	0.119332
1166	0.982516	0.0158282	0.120109
1167	0.982568	0.0156577	0.124002
1168	0.982844	0.0154527	0.122406
1169	0.981974	0.0162081	0.123229
1170	0.982429	0.0158262	0.12217
1171	0.982511	0.015739	0.122105
1172	0.982714	0.0155822	0.123558
1173	0.982487	0.0158183	0.121456
1174	0.98273	0.0155799	0.114521
1175	0.98231	0.0159581	0.127817
1176	0.981794	0.0164372	0.12737
1177	0.982105	0.0161432	0.130977
1178	0.981899	0.0163466	0.136714
1179	0.982429	0.0158334	0.131013
1180	0.982542	0.0157704	0.122326
1181	0.981591	0.0165871	0.130471
1182	0.981814	0.0163648	0.131083
1183	0.981547	0.0166351	0.133517
1184	0.981611	0.0165659	0.134093
1185	0.981588	0.0165596	0.134435
1186	0.981347	0.0168526	0.135754
1187	0.981569	0.0165492	0.135727
1188	0.982507	0.0157317	0.129216
1189	0.982797	0.0154841	0.124555
1190	0.981842	0.0163633	0.123959
1191	0.981938	0.0162772	0.125227
1192	0.982754	0.015515	0.121963
1193	0.981813	0.0164262	0.12956
1194	0.981508	0.016679	0.130508
1195	0.981882	0.0163287	0.123774
1196	0.982631	0.015679	0.124125
1197	0.98291	0.0153957	0.123533
1198	0.982116	0.0160881	0.124681
1199	0.981846	0.0163794	0.126315
1200	0.982468	0.0157812	0.119285
1201	0.982253	0.0160131	0.127035
1202	0.982176	0.0160456	0.129657
1203	0.982088	0.0161361	0.129523
1204	0.981931	0.0163212	0.129281
1205	0.981913	0.0162788	0.129678
1206	0.981844	0.0163416	0.132506
1207	0.98247	0.0157809	0.129665
1208	0.98295	0.0153266	0.126485
1209	0.981828	0.0163876	0.13172
1210	0.981507	0.0167111	0.135807
1211	0.982311	0.0159228	0.126133
1212	0.98185	0.0163604	0.129935
1213	0.981545	0.0166393	0.129559
1214	0.982203	0.0160339	0.123329
1215	0.98142	0.0167435	0.128569
1216	0.995515	0.00440699	0.0896339
1217	0.999648	0.000350489	0.120786
1218	0.99971	0.000288813	0.108512
1219	0.999753	0.00024648	0.0932721
1220	0.999785	0.000214377	0.0828208
1221	0.99981	0.000188917	0.0735446
1222	0.999831	0.000168096	0.0663639
1223	0.999849	0.000150769	0.0595175
1224	0.999863	0.000136132	0.0535184
1225	0.999876	0.000123615	0.0486596
1226	0.999887	0.000112833	0.0441758
1227	0.999896	0.000103478	0.0398882
1228	0.999904	9.52769e-05	0.0367139
1229	0.999912	8.80741e-05	0.033473
1230	0.999918	8.16891e-05	0.0309744
1231	0.999924	7.60099e-05	0.0287374
1232	0.999929	7.09469e-05	0.0264043
1233	0.999933	6.63958e-05	0.0245174
1234	0.999938	6.2299e-05	0.0227266
1235	0.999941	5.85957e-05	0.0210302
1236	0.999945	5.52313e-05	0.01958
1237	0.999948	5.21775e-05	0.0179901
1238	0.99995	4.93747e-05	0.0168813
1239	0.999953	4.68067e-05	0.0158698
1240	0.999955	4.44469e-05	0.0149449
1241	0.999958	4.22733e-05	0.0140972
1242	0.99996	4.02637e-05	0.0133689
1243	0.999961	3.84076e-05	0.0126019
1244	0.999963	3.66857e-05	0.0118963
1245	0.999965	3.50828e-05	0.0112878
1246	0.999966	3.35933e-05	0.0106453
1247	0.999968	3.21999e-05	0.0101268
1248	0.999969	3.08982e-05	0.0096097
1249	0.99997	2.96787e-05	0.009163
1250	0.999971	2.85349e-05	0.00874666
1251	0.999972	2.74599e-05	0.00835801
1252	0.999973	2.64496e-05	0.00796568
1253	0.999974	2.54961e-05	0.0076267
1254	0.999975	2.45976e-05	0.00730905
1255	0.999976	2.37485e-05	0.00701077
1256	0.999977	2.29452e-05	0.00673051
1257	0.999978	2.21845e-05	0.00646668
1258	0.999978	2.14639e-05	0.00619579
1259	0.999979	2.07802e-05	0.00596228
1260	0.99998	2.01302e-05	0.00574176
1261	0.99998	1.95123e-05	0.00553327
1262	0.999981	1.89242e-05	0.005317
1263	0.999982	1.83641e-05	0.00513086
1264	0.999982	1.78201e-05	0.00497219
1265	0.999983	1.73111e-05	0.00480413
1266	0.999983	1.68238e-05	0.00464455
1267	0.999984	1.63575e-05	0.00449285
1268	0.999984	1.59143e-05	0.00433295
1269	0.999984	1.5487e-05	0.00419596
1270	0.999985	1.50322e-05	0.00407997
1271	0.999985	1.46409e-05	0.00395506
1272	0.999986	1.42671e-05	0.00383588
1273	0.999986	1.39079e-05	0.00370874
1274	0.999986	1.35618e-05	0.00360036
1275	0.999987	1.32279e-05	0.0035092
1276	0.999987	1.29117e-05	0.00337348
1277	0.999987	1.26027e-05	0.0032908
1278	0.999988	1.23062e-05	0.00321149
1279	0.999988	1.20214e-05	0.00312423
1280	0.999988	1.17471e-05	0.00301909
1281	0.999988	1.14817e-05	0.00293931
1282	0.999989	1.12268e-05	0.00286268
1283	0.999989	1.09785e-05	0.00279892
1284	0.999989	1.07408e-05	0.00270871
1285	0.999989	1.0511e-05	0.00264085
1286	0.99999	1.02869e-05	0.00259372
1287	0.99999	1.00712e-05	0.00253042
1288	0.99999	9.8484e-06	0.00245204
1289	0.99999	9.64705e-06	0.00239368
1290	0.999991	9.45068e-06	0.00235391
1291	0.999991	9.26261e-06	0.00229917
1292	0.999991	9.07883e-06	0.00224639
1293	0.999991	8.90332e-06	0.00217249
1294	0.999991	8.73103e-06	0.00213117
1295	0.999991	8.56387e-06	0.00208395
1296	0.999992	8.40211e-06	0.00203832
1297	0.999992	8.24433e-06	0.00200121
1298	0.999992	8.09193e-06	0.00196523
1299	0.999992	7.94409e-06	0.00190348
1300	0.999992	7.79988e-06	0.00187006
