600	0.647909	0.268057	0.565959
601	0.648027	0.26786	0.564928
602	0.648992	0.267044	0.566238
603	0.650038	0.266727	0.566972
604	0.650016	0.265857	0.567209
605	0.651135	0.266296	0.5661
606	0.651909	0.265496	0.568047
607	0.651861	0.264621	0.568661
608	0.646353	0.263194	0.562938
609	0.642265	0.262281	0.558694
610	0.643054	0.262324	0.557919
611	0.644084	0.26229	0.559378
612	0.643828	0.261718	0.557682
613	0.644968	0.260938	0.559716
614	0.645703	0.260288	0.560902
615	0.645942	0.26067	0.559729
616	0.646012	0.26014	0.558669
617	0.646834	0.259575	0.559352
618	0.647245	0.259005	0.559331
619	0.648172	0.258274	0.560738
620	0.649382	0.258305	0.561267
621	0.648616	0.257197	0.562647
622	0.650481	0.257028	0.562963
623	0.650661	0.256581	0.561717
624	0.651476	0.255432	0.563825
625	0.651767	0.254978	0.562578
626	0.652459	0.254451	0.562053
627	0.653349	0.254203	0.563027
628	0.654477	0.253149	0.565748
629	0.654784	0.252968	0.564976
630	0.655037	0.252397	0.565999
631	0.655707	0.252073	0.565677
632	0.655672	0.251769	0.565275
633	0.657231	0.251404	0.565983
634	0.656806	0.251853	0.562239
635	0.658256	0.250917	0.56617
636	0.658558	0.249732	0.56788
637	0.65823	0.25043	0.563656
638	0.660815	0.249514	0.566556
639	0.66013	0.248998	0.565566
640	0.661571	0.248173	0.567335
641	0.662566	0.247089	0.568947
642	0.662223	0.247563	0.566382
643	0.663102	0.246624	0.567111
644	0.663815	0.245942	0.568249
645	0.664624	0.24564	0.567931
646	0.665609	0.244823	0.567975
647	0.665119	0.245009	0.566715
648	0.666107	0.244252	0.569697
649	0.666555	0.243735	0.570714
650	0.667514	0.243502	0.568425
651	0.668052	0.243243	0.568463
652	0.668168	0.24249	0.568775
653	0.669211	0.242269	0.568726
654	0.67059	0.241435	0.570135
655	0.670771	0.240836	0.570793
656	0.671649	0.240182	0.572155
657	0.671789	0.239238	0.572922
658	0.673064	0.239204	0.572326
659	0.673958	0.238408	0.573478
660	0.674316	0.238414	0.572004
661	0.674105	0.238378	0.569853
662	0.67525	0.237926	0.572816
663	0.676194	0.236798	0.573502
664	0.677411	0.23602	0.575051
665	0.67704	0.236368	0.57249
666	0.677456	0.235653	0.57515
667	0.677322	0.235634	0.573949
668	0.678196	0.2355	0.573554
669	0.679127	0.234077	0.576922
670	0.680743	0.234552	0.574459
671	0.680441	0.233466	0.575931
672	0.68202	0.233038	0.57564
673	0.681106	0.232843	0.574362
674	0.682641	0.231888	0.575312
675	0.683675	0.231624	0.575417
676	0.683335	0.231158	0.575271
677	0.684262	0.231	0.573489
678	0.684916	0.230571	0.575439
679	0.686101	0.230274	0.575117
680	0.686387	0.229647	0.575369
681	0.686943	0.229176	0.576003
682	0.688155	0.228258	0.57763
683	0.688135	0.22867	0.574586
684	0.689642	0.227322	0.578177
685	0.690012	0.226624	0.577301
686	0.690519	0.226568	0.576611
687	0.691604	0.225719	0.579079
688	0.692391	0.22503	0.578651
689	0.692728	0.224177	0.579729
690	0.692065	0.224644	0.577021
691	0.693951	0.223594	0.579531
692	0.695011	0.222794	0.57887
693	0.695357	0.223569	0.575577
694	0.695223	0.223263	0.57281
695	0.696396	0.221346	0.57865
696	0.697788	0.220883	0.579538
697	0.698162	0.220382	0.578713
698	0.69819	0.220637	0.576936
699	0.699126	0.219967	0.578186
700	0.699921	0.219656	0.578704
701	0.700827	0.218748	0.579162
702	0.701578	0.217982	0.581949
703	0.70241	0.217835	0.580145
704	0.702321	0.217354	0.580702
705	0.703512	0.216596	0.58331
706	0.7047	0.216199	0.581583
707	0.704554	0.215892	0.579996
708	0.705696	0.215147	0.578685
709	0.706997	0.214777	0.577749
710	0.707601	0.213386	0.578603
711	0.708689	0.213423	0.579485
712	0.709618	0.212265	0.580802
713	0.709309	0.21163	0.581163
714	0.710563	0.211413	0.580063
715	0.710441	0.210441	0.579636
716	0.711808	0.210359	0.579919
717	0.712477	0.210099	0.579507
718	0.713364	0.209314	0.580944
719	0.714383	0.208035	0.584059
720	0.715892	0.207932	0.584898
721	0.715425	0.208483	0.579647
722	0.715924	0.207973	0.581148
723	0.716336	0.207537	0.583905
724	0.717258	0.207328	0.583501
725	0.717171	0.207092	0.582056
726	0.71832	0.204948	0.585574
727	0.720326	0.203878	0.58701
728	0.721296	0.203665	0.584742
729	0.721963	0.203503	0.58509
730	0.722903	0.202733	0.583965
731	0.72271	0.202502	0.581352
732	0.723619	0.201697	0.581522
733	0.724826	0.20117	0.582465
734	0.726761	0.200187	0.582795
735	0.726676	0.200323	0.578865
736	0.727734	0.199275	0.581195
737	0.729139	0.197917	0.586608
738	0.729837	0.198126	0.583059
739	0.730307	0.197158	0.583755
740	0.731187	0.196567	0.58272
741	0.731132	0.196265	0.584093
742	0.733529	0.195473	0.586288
743	0.733564	0.194844	0.585946
744	0.734904	0.193651	0.588093
745	0.735901	0.193805	0.586363
746	0.736054	0.193409	0.584241
747	0.736132	0.192931	0.582348
748	0.737516	0.192501	0.581501
749	0.736864	0.192107	0.582827
750	0.737264	0.192371	0.580535
751	0.739058	0.191297	0.581615
752	0.739478	0.191261	0.57957
753	0.741433	0.189749	0.58061
754	0.742419	0.188477	0.581436
755	0.743293	0.188107	0.581929
756	0.743435	0.187691	0.58122
757	0.744736	0.187075	0.581657
758	0.745213	0.186912	0.579266
759	0.747065	0.185331	0.58195
760	0.747731	0.184564	0.582097
761	0.748599	0.184332	0.583447
762	0.749619	0.183364	0.580941
763	0.751885	0.181717	0.584882
764	0.751186	0.18275	0.578105
765	0.751997	0.181719	0.57815
766	0.752927	0.180632	0.57901
767	0.754296	0.179836	0.578368
768	0.755021	0.179692	0.577522
769	0.756373	0.178501	0.579858
770	0.756848	0.178401	0.577886
771	0.758411	0.177078	0.579198
772	0.759291	0.176187	0.579331
773	0.759119	0.176616	0.575182
774	0.760794	0.175736	0.573699
775	0.762922	0.174958	0.575137
776	0.762095	0.173521	0.574648
777	0.76339	0.173485	0.571911
778	0.765187	0.172006	0.57507
779	0.767041	0.171194	0.575661
780	0.767005	0.170857	0.573788
781	0.769324	0.169199	0.577275
782	0.769309	0.16907	0.5744
783	0.769394	0.169014	0.572629
784	0.770464	0.16897	0.574567
785	0.771515	0.167941	0.571597
786	0.773208	0.166437	0.573568
787	0.773125	0.166863	0.570459
788	0.774937	0.165486	0.574114
789	0.774075	0.166759	0.565988
790	0.775486	0.164992	0.570757
791	0.776918	0.164002	0.571916
792	0.777394	0.163477	0.568968
793	0.7781	0.162941	0.566095
794	0.778961	0.162724	0.568163
795	0.779422	0.162225	0.566178
796	0.780957	0.161371	0.564527
797	0.782746	0.159946	0.564454
798	0.78247	0.159911	0.561318
799	0.78493	0.158247	0.563667
800	0.785305	0.157817	0.561103
801	0.787389	0.156664	0.558035
802	0.788473	0.155373	0.561856
803	0.789467	0.155393	0.555391
804	0.790401	0.155099	0.556077
805	0.791342	0.153798	0.559918
806	0.793314	0.151974	0.561104
807	0.793651	0.152462	0.555213
808	0.793975	0.151275	0.560388
809	0.79621	0.150651	0.556145
810	0.797375	0.149198	0.559483
811	0.797474	0.149107	0.554853
812	0.798942	0.148473	0.550287
813	0.800028	0.14751	0.552943
814	0.801157	0.146707	0.552097
815	0.802109	0.145844	0.552151
816	0.803839	0.144512	0.550046
817	0.803593	0.144696	0.548198
818	0.804285	0.144598	0.544963
819	0.805866	0.143283	0.544345
820	0.807801	0.141005	0.546415
821	0.809522	0.139989	0.543544
822	0.811782	0.138623	0.541439
823	0.811594	0.138885	0.539628
824	0.813841	0.137231	0.537662
825	0.815357	0.136092	0.539668
826	0.815451	0.135469	0.534223
827	0.81801	0.133989	0.535863
828	0.818613	0.133248	0.534353
829	0.819597	0.133112	0.526522
830	0.822404	0.130538	0.534606
831	0.82232	0.130933	0.530316
832	0.823833	0.129482	0.528844
833	0.825867	0.12833	0.529199
834	0.826126	0.127283	0.524771
835	0.828085	0.126186	0.529134
836	0.82883	0.125596	0.525701
837	0.830798	0.124399	0.527313
838	0.830819	0.12404	0.520544
839	0.8319	0.123788	0.520623
840	0.83299	0.122643	0.520372
841	0.83473	0.121275	0.514395
842	0.836536	0.119995	0.514347
843	0.838774	0.118529	0.514717
844	0.839647	0.117505	0.511709
845	0.840167	0.117057	0.510393
846	0.842022	0.11591	0.509092
847	0.84184	0.116327	0.49904
848	0.843755	0.114677	0.501841
849	0.845948	0.113068	0.497285
850	0.845466	0.113604	0.494524
851	0.847381	0.112426	0.489782
852	0.849751	0.110124	0.492592
853	0.851679	0.108841	0.490921
854	0.854446	0.10662	0.495387
855	0.854158	0.10667	0.486629
856	0.85417	0.107338	0.480514
857	0.855758	0.105662	0.479203
858	0.857645	0.104564	0.468764
859	0.860206	0.102602	0.471876
860	0.862513	0.100527	0.466556
861	0.864341	0.0992881	0.46743
862	0.863955	0.0995532	0.463604
863	0.865808	0.0982101	0.457685
864	0.868393	0.0965186	0.453771
865	0.867923	0.0964345	0.449026
866	0.870638	0.0948789	0.447665
867	0.870468	0.0948502	0.442132
868	0.872032	0.0936404	0.445843
869	0.8741	0.092335	0.439092
870	0.87569	0.0909863	0.43986
871	0.87797	0.0893104	0.43799
872	0.87648	0.0904765	0.429049
873	0.879158	0.0884669	0.429161
874	0.880901	0.0872668	0.423168
875	0.882582	0.0860288	0.425425
876	0.883997	0.0853542	0.422116
877	0.884717	0.0842	0.417075
878	0.885441	0.0837934	0.412486
879	0.887368	0.0822815	0.409857
880	0.888955	0.0815359	0.404926
881	0.890046	0.0808447	0.398816
882	0.890733	0.0799637	0.397601
883	0.891917	0.0789721	0.395559
884	0.893468	0.0783868	0.387398
885	0.895348	0.0768286	0.377626
886	0.896028	0.0758017	0.37172
887	0.89785	0.0749095	0.369014
888	0.898359	0.0741028	0.36434
889	0.900418	0.0729168	0.365833
890	0.902279	0.0712859	0.362417
891	0.90423	0.0696556	0.354575
892	0.902813	0.071108	0.355282
893	0.906028	0.0686142	0.339567
894	0.907039	0.0680754	0.334336
895	0.908714	0.0665395	0.329801
896	0.912276	0.0637249	0.315495
897	0.913201	0.0633551	0.314891
898	0.91468	0.0622207	0.306311
899	0.91707	0.0602801	0.300202
900	0.918	0.059681	0.296529
901	0.919239	0.0582619	0.28639
902	0.920664	0.0575467	0.284773
903	0.922072	0.0566004	0.276281
904	0.923933	0.0552918	0.265287
905	0.925316	0.0544116	0.25905
906	0.926365	0.0535358	0.251896
907	0.927494	0.0527514	0.246194
908	0.927984	0.0522872	0.233213
909	0.931757	0.0490708	0.228998
910	0.932928	0.0483611	0.219831
911	0.933733	0.0480278	0.214174
912	0.936863	0.0453086	0.198837
913	0.934176	0.0477632	0.198188
914	0.935824	0.0467432	0.193914
915	0.939415	0.0437448	0.180394
916	0.938999	0.044117	0.179852
917	0.941309	0.0422179	0.17304
918	0.941468	0.0425999	0.174863
919	0.942449	0.0415815	0.170836
920	0.944276	0.040406	0.165355
921	0.94566	0.0394939	0.163635
922	0.945492	0.0394816	0.156686
923	0.946225	0.0390582	0.153157
924	0.946315	0.0392238	0.158292
925	0.945556	0.0398233	0.1588
926	0.946081	0.0393884	0.159372
927	0.94788	0.0383644	0.157559
928	0.94765	0.0383453	0.151817
929	0.948023	0.0380104	0.155641
930	0.94788	0.0379219	0.160498
931	0.949554	0.0369854	0.151612
932	0.949839	0.0367419	0.151529
933	0.950541	0.0362428	0.151617
934	0.949248	0.0373733	0.153462
935	0.948397	0.0379836	0.158261
936	0.948712	0.0379229	0.158922
937	0.948594	0.0379201	0.158615
938	0.949889	0.0372553	0.154778
939	0.951751	0.036099	0.154143
940	0.950993	0.0366583	0.161569
941	0.950701	0.0367085	0.164139
942	0.949745	0.0374461	0.163348
943	0.950558	0.0369347	0.16133
944	0.950429	0.0371143	0.164335
945	0.950072	0.0373071	0.16429
946	0.950411	0.0370473	0.163856
947	0.950306	0.0372883	0.154884
948	0.949665	0.0379127	0.16144
949	0.95027	0.0371251	0.158512
950	0.952461	0.0360122	0.150961
951	0.954983	0.0341051	0.150575
952	0.955306	0.0339053	0.153252
953	0.954058	0.0350972	0.153393
954	0.954257	0.0347284	0.153924
955	0.955036	0.0340889	0.149236
956	0.955286	0.0340249	0.142862
957	0.952462	0.0363878	0.155749
958	0.953141	0.0355565	0.15475
959	0.953795	0.0351253	0.157246
960	0.954125	0.0347833	0.149048
960	0.954125	0.0347833	0.149048
961	0.954991	0.0340742	0.154693
962	0.954275	0.034562	0.149483
963	0.95475	0.034345	0.152774
964	0.952945	0.0357774	0.157494
965	0.954305	0.0345035	0.150474
966	0.953119	0.0357188	0.154216
967	0.9526	0.0361694	0.161104
968	0.952881	0.0357574	0.160017
969	0.953676	0.0350413	0.159161
970	0.953597	0.0352164	0.159475
971	0.951848	0.036626	0.160644
972	0.953112	0.0356539	0.158031
973	0.958233	0.0326241	0.151588
974	0.959064	0.0320832	0.147628
975	0.960087	0.0311837	0.1471
976	0.959846	0.0314118	0.147318
977	0.960657	0.0305512	0.152346
978	0.959967	0.0313865	0.145326
979	0.959994	0.0313349	0.146932
980	0.961066	0.0302916	0.150024
981	0.959793	0.0315593	0.151447
982	0.958644	0.0324003	0.157199
983	0.959192	0.0318113	0.149455
984	0.960151	0.031052	0.142266
985	0.960097	0.030994	0.15037
986	0.959425	0.0316482	0.151906
987	0.95876	0.0322064	0.149094
988	0.95917	0.0319444	0.144478
989	0.95866	0.0321683	0.143325
990	0.958606	0.0322282	0.147024
991	0.958461	0.0323853	0.145861
992	0.959218	0.0316683	0.14756
993	0.957201	0.0333437	0.150414
994	0.958369	0.0325097	0.153323
995	0.956637	0.0340632	0.158411
996	0.957377	0.033334	0.160149
997	0.958737	0.0324028	0.159621
998	0.957913	0.0328861	0.154402
999	0.957828	0.0329089	0.157718
1000	0.957849	0.032951	0.158262
1001	0.957868	0.0328753	0.155057
1002	0.957879	0.032921	0.154328
1003	0.958386	0.0324324	0.1504
1004	0.957007	0.0336465	0.161055
1005	0.956211	0.0342845	0.159311
1006	0.957357	0.0332883	0.159701
1007	0.957252	0.0332638	0.159089
1008	0.956164	0.0343494	0.161798
1009	0.957594	0.0333228	0.152491
1010	0.958927	0.0318204	0.149765
1011	0.956686	0.0339948	0.155481
1012	0.959448	0.0314943	0.149894
1013	0.957585	0.0333294	0.154005
1014	0.956223	0.0341015	0.162572
1015	0.956509	0.0338665	0.168212
1016	0.957055	0.0334194	0.164297
1017	0.953926	0.0360122	0.170294
1018	0.957223	0.0333985	0.161994
1019	0.956194	0.0341891	0.160641
1020	0.957985	0.0325479	0.151983
1021	0.957113	0.0333927	0.155375
1022	0.957433	0.0331773	0.154282
1023	0.957776	0.0328721	0.150782
1024	0.956617	0.0337368	0.158341
1025	0.957179	0.0333935	0.153448
1026	0.965153	0.0282166	0.147111
1027	0.967537	0.026947	0.147772
1028	0.968036	0.0266969	0.147745
1029	0.968915	0.0257731	0.148833
1030	0.967635	0.0270356	0.156521
1031	0.96773	0.0268694	0.148795
1032	0.968543	0.026126	0.143765
1033	0.968546	0.0262042	0.142251
1034	0.967743	0.0266919	0.14526
1035	0.967536	0.0270282	0.14132
1036	0.969434	0.0254114	0.138072
1037	0.96888	0.0258611	0.143597
1038	0.969367	0.025545	0.144962
1039	0.967909	0.0267739	0.149269
1040	0.968613	0.0261064	0.144673
1041	0.968859	0.0257551	0.148598
1042	0.968077	0.0265012	0.152246
1043	0.967417	0.026995	0.149597
1044	0.967519	0.027005	0.153394
1045	0.967688	0.0268931	0.146066
1046	0.967675	0.026819	0.147561
1047	0.967157	0.0273251	0.152921
1048	0.96794	0.0265994	0.147862
1049	0.967556	0.0268715	0.149077
1050	0.967199	0.0272525	0.151156
1051	0.967757	0.0267238	0.145694
1052	0.96668	0.0276778	0.146878
1053	0.967145	0.0273949	0.150448
1054	0.96751	0.0271091	0.1509
1055	0.968037	0.0265993	0.144842
1056	0.967681	0.0270054	0.14863
1057	0.966775	0.027718	0.153382
1058	0.966754	0.0276699	0.151084
1059	0.966141	0.028254	0.152093
1060	0.966219	0.0281887	0.162027
1061	0.966464	0.0279077	0.155148
1062	0.966992	0.0274667	0.146369
1063	0.966904	0.0276075	0.153481
1064	0.966317	0.0280479	0.159951
1065	0.967039	0.0273517	0.151242
1066	0.96778	0.0266736	0.148314
1067	0.967921	0.0266385	0.148558
1068	0.966681	0.027628	0.149162
1069	0.966413	0.0279386	0.154632
1070	0.966956	0.0274009	0.154693
1071	0.966973	0.0274359	0.149918
1072	0.967277	0.0271224	0.145207
1073	0.965492	0.0288628	0.155676
1074	0.96692	0.0274749	0.149739
1075	0.966311	0.0279335	0.153576
1076	0.967214	0.0273663	0.148258
1077	0.967123	0.0272636	0.143127
1078	0.966355	0.0278141	0.149451
1079	0.965584	0.0287464	0.152693
1080	0.966114	0.0282156	0.153952
1081	0.964798	0.0293321	0.16107
1082	0.965046	0.0290064	0.163416
1083	0.963901	0.0301068	0.169389
1084	0.964278	0.0297359	0.174804
1085	0.964417	0.0296307	0.169213
1086	0.963903	0.030082	0.178886
1087	0.964505	0.0296312	0.177753
1088	0.964579	0.0293628	0.177532
1089	0.964386	0.0297574	0.168514
1090	0.963344	0.0306265	0.176018
1091	0.96491	0.0291638	0.164211
1092	0.963765	0.0301912	0.157651
1093	0.965584	0.0284704	0.155535
1094	0.966329	0.0279742	0.153723
1095	0.964919	0.0292409	0.158181
1096	0.965516	0.0286818	0.153664
1097	0.964783	0.0293189	0.159248
1098	0.964876	0.0291133	0.155441
1099	0.964983	0.0291901	0.151328
1100	0.96447	0.0295106	0.15374
1101	0.96459	0.0293114	0.151637
1102	0.96539	0.0286526	0.151375
1103	0.965282	0.0287986	0.153284
1104	0.965181	0.0288901	0.157357
1105	0.964768	0.0292143	0.158525
1106	0.965699	0.0284516	0.152163
1107	0.964184	0.0298678	0.15697
1108	0.963694	0.0301682	0.162396
1109	0.965057	0.0290844	0.161667
1110	0.963601	0.0302368	0.165622
1111	0.963931	0.0300357	0.161954
1112	0.963634	0.0302319	0.164951
1113	0.965065	0.0289395	0.156624
1114	0.965079	0.0289049	0.161454
1115	0.96502	0.0291281	0.162736
1116	0.963494	0.0302882	0.166993
1117	0.964046	0.0297658	0.167385
1118	0.963158	0.0306452	0.175255
1119	0.963773	0.030082	0.169369
1120	0.963755	0.030081	0.167182
1121	0.963952	0.0299937	0.16158
1122	0.963425	0.0305006	0.165489
1123	0.96382	0.0300167	0.162917
1124	0.964819	0.0291889	0.157437
1125	0.963924	0.0299165	0.164649
1126	0.962921	0.0306211	0.158754
1127	0.964093	0.0297943	0.160497
1128	0.963975	0.0298536	0.161361
1129	0.963167	0.0305612	0.169569
1130	0.964199	0.0297419	0.166796
1131	0.963697	0.0300913	0.172104
1132	0.963646	0.0301505	0.167129
1133	0.963213	0.0305805	0.171325
1134	0.962317	0.0313422	0.173509
1135	0.961875	0.0317515	0.18114
1136	0.962128	0.0314123	0.182874
1137	0.96445	0.0294696	0.163929
1138	0.963798	0.0300667	0.170733
1139	0.963661	0.0301267	0.164818
1140	0.964358	0.0295925	0.157102
1141	0.962032	0.0316256	0.178087
1142	0.9629	0.0307534	0.165797
1143	0.962893	0.0306881	0.16846
1144	0.963904	0.0298937	0.16308
1145	0.963598	0.030227	0.164419
1146	0.962891	0.0308476	0.168488
1147	0.964255	0.0296075	0.16125
1148	0.962657	0.0309976	0.165336
1149	0.964387	0.0294868	0.158664
1150	0.963212	0.0304006	0.156484
1151	0.962621	0.0309443	0.165512
1152	0.963034	0.0306637	0.162466
1153	0.962906	0.0308662	0.166544
1154	0.962216	0.0313569	0.172877
1155	0.96345	0.0304175	0.16531
1156	0.963082	0.0306727	0.163841
1157	0.963748	0.0300346	0.163315
1158	0.964565	0.0293889	0.153389
1159	0.963924	0.0299213	0.158571
1160	0.963884	0.0299363	0.156712
1161	0.965241	0.0287352	0.152707
1162	0.963554	0.0302304	0.15789
1163	0.962747	0.0309713	0.166671
1164	0.962088	0.0314149	0.171026
1165	0.963119	0.0305617	0.164395
1166	0.963118	0.0306281	0.168301
1167	0.962536	0.0309683	0.1706
1168	0.962715	0.030829	0.166902
1169	0.961112	0.0323303	0.174264
1170	0.961274	0.0321713	0.171485
1171	0.963118	0.0305415	0.167468
1172	0.962575	0.0309674	0.168954
1173	0.963143	0.0305054	0.168215
1174	0.961689	0.0316059	0.173032
1175	0.962133	0.031443	0.170518
1176	0.962953	0.0305667	0.165357
1177	0.962114	0.0313392	0.168023
1178	0.962927	0.0309046	0.166544
1179	0.961162	0.0321846	0.175719
1180	0.961678	0.0317034	0.168682
1181	0.96297	0.0307075	0.16012
1182	0.964238	0.0297468	0.157797
1183	0.962498	0.0310672	0.165065
1184	0.961604	0.031882	0.168925
1185	0.962259	0.0312739	0.167462
1186	0.961392	0.032013	0.168869
1187	0.962031	0.0315658	0.16781
1188	0.962242	0.0311292	0.163236
1189	0.962365	0.0311633	0.162575
1190	0.96227	0.0313547	0.167476
1191	0.960924	0.0324137	0.172328
1192	0.962726	0.0308895	0.158441
1193	0.961744	0.0315999	0.166626
1194	0.962319	0.0312737	0.162336
1195	0.962064	0.0314643	0.163462
1196	0.961225	0.03214	0.175525
1197	0.962691	0.0309164	0.166234
1198	0.960911	0.0322432	0.174748
1199	0.961774	0.0317728	0.17413
1200	0.963295	0.0304212	0.163652
1201	0.962453	0.0311254	0.168072
1202	0.961593	0.0318831	0.170244
1203	0.961944	0.0313812	0.16905
1204	0.962375	0.0310891	0.170833
1205	0.960783	0.0326087	0.17589
1206	0.960863	0.0324164	0.175779
1207	0.961262	0.0321555	0.171317
1208	0.961316	0.0320443	0.161679
1209	0.961859	0.0315266	0.163725
1210	0.960058	0.0331305	0.170755
1211	0.9609	0.0323997	0.165822
1212	0.962994	0.0305192	0.15719
1213	0.961446	0.031961	0.16037
1214	0.962276	0.0312631	0.155244
1215	0.964087	0.0298273	0.154877
1216	0.991208	0.00827924	0.112691
1217	0.998929	0.00105133	0.114391
1218	0.999194	0.000789965	0.0797814
1219	0.999347	0.000639476	0.0616387
1220	0.999448	0.000540642	0.0498493
1221	0.99952	0.000469688	0.0413747
1222	0.999575	0.000415322	0.035595
1223	0.999619	0.00037226	0.0309671
1224	0.999655	0.000337311	0.026942
1225	0.999685	0.000307978	0.0239893
1226	0.99971	0.000283127	0.0215241
1227	0.999732	0.00026194	0.01923
1228	0.99975	0.000243423	0.0174443
1229	0.999767	0.00022718	0.0159271
1230	0.999782	0.000212859	0.0145732
1231	0.999795	0.000200114	0.0133969
1232	0.999806	0.000188563	0.0123344
1233	0.999817	0.000178262	0.0114548
1234	0.999826	0.000169053	0.0105532
1235	0.999835	0.000160626	0.00981086
1236	0.999843	0.000152928	0.00915149
1237	0.99985	0.000145891	0.00854878
1238	0.999857	0.000139397	0.00802344
1239	0.999863	0.000133455	0.00750751
1240	0.999868	0.000127928	0.00706771
1241	0.999874	0.000122822	0.00664912
1242	0.999879	0.000118089	0.00625605
1243	0.999883	0.000113653	0.00591467
1244	0.999887	0.000109524	0.00559154
1245	0.999891	0.000105641	0.00530603
1246	0.999895	0.000102011	0.00503408
1247	0.999899	9.85814e-05	0.00479669
1248	0.999902	9.53583e-05	0.00457249
1249	0.999905	9.23236e-05	0.00436038
1250	0.999908	8.94716e-05	0.00415656
1251	0.999911	8.67469e-05	0.00398099
1252	0.999913	8.41684e-05	0.0038165
1253	0.999916	8.17295e-05	0.00365954
1254	0.999918	7.94355e-05	0.00349707
1255	0.99992	7.7241e-05	0.00335681
1256	0.999923	7.51447e-05	0.00322708
1257	0.999925	7.31606e-05	0.00309829
1258	0.999927	7.12389e-05	0.00299151
1259	0.999928	6.94167e-05	0.00288644
1260	0.99993	6.76943e-05	0.0027754
1261	0.999932	6.60199e-05	0.0026852
1262	0.999934	6.44343e-05	0.00259071
1263	0.999935	6.29192e-05	0.00249939
1264	0.999937	6.14444e-05	0.00242257
1265	0.999938	6.00653e-05	0.00233212
1266	0.999939	5.87226e-05	0.00225544
1267	0.999941	5.74125e-05	0.00218826
1268	0.999942	5.61758e-05	0.00211718
1269	0.999943	5.49675e-05	0.00205617
1270	0.999945	5.38068e-05	0.00199791
1271	0.999946	5.26876e-05	0.00194215
1272	0.999947	5.16272e-05	0.00188147
1273	0.999948	5.05873e-05	0.0018294
1274	0.999949	4.9594e-05	0.00177608
1275	0.99995	4.86342e-05	0.00172395
1276	0.999951	4.7711e-05	0.00167299
1277	0.999952	4.68087e-05	0.00162833
1278	0.999953	4.59386e-05	0.00158446
1279	0.999954	4.50885e-05	0.00154429
1280	0.999954	4.42755e-05	0.00150284
1281	0.999955	4.34808e-05	0.00146396
1282	0.999956	4.27059e-05	0.00143098
1283	0.999957	4.1972e-05	0.00139142
1284	0.999957	4.12491e-05	0.00135677
1285	0.999958	4.0542e-05	0.00132499
1286	0.999959	3.9853e-05	0.00129672
1287	0.99996	3.91863e-05	0.00126787
1288	0.99996	3.85449e-05	0.00123779
1289	0.999961	3.79068e-05	0.00121461
1290	0.999962	3.7298e-05	0.0011864
1291	0.999962	3.6709e-05	0.00115917
1292	0.999963	3.61217e-05	0.00113765
1293	0.999963	3.55669e-05	0.0011121
1294	0.999964	3.50117e-05	0.001092
1295	0.999964	3.44851e-05	0.00106672
1296	0.999965	3.39523e-05	0.00104789
1297	0.999965	3.34555e-05	0.0010241
1298	0.999966	3.29748e-05	0.000999302
1299	0.999966	3.24885e-05	0.000981749
1300	0.999967	3.20065e-05	0.000967016
