600	0.61567	0.280522	0.543541
601	0.61627	0.280573	0.542928
602	0.616585	0.280347	0.542587
603	0.618305	0.279959	0.544392
604	0.617181	0.279656	0.542643
605	0.618665	0.2796	0.543706
606	0.618698	0.278291	0.545058
607	0.619112	0.278451	0.543294
608	0.620562	0.277763	0.545107
609	0.620641	0.277337	0.54436
610	0.622046	0.276617	0.546486
611	0.622099	0.275865	0.546241
612	0.622333	0.275552	0.546323
613	0.62354	0.274806	0.547305
614	0.623998	0.274011	0.548115
615	0.625108	0.273954	0.547133
616	0.624451	0.274031	0.546203
617	0.625371	0.273368	0.548183
618	0.625526	0.27316	0.548198
619	0.626572	0.272959	0.547316
620	0.627286	0.272549	0.548294
621	0.627085	0.271936	0.547443
622	0.628313	0.271446	0.549317
623	0.629215	0.270613	0.550347
624	0.630029	0.270145	0.550995
625	0.630124	0.270221	0.549916
626	0.630565	0.268832	0.551638
627	0.63197	0.268922	0.551813
628	0.632317	0.268204	0.551952
629	0.632873	0.268093	0.55112
630	0.632938	0.267948	0.55161
631	0.633424	0.267236	0.552068
632	0.635058	0.266363	0.554872
633	0.635355	0.266418	0.554084
634	0.634686	0.265958	0.552818
635	0.635592	0.266109	0.55345
636	0.636082	0.266212	0.552896
637	0.636696	0.264944	0.553644
638	0.638314	0.26509	0.553859
639	0.638165	0.263731	0.5554
640	0.639266	0.26372	0.555025
641	0.638451	0.263292	0.554718
642	0.639788	0.262677	0.555144
643	0.640631	0.262395	0.555696
644	0.640493	0.262171	0.554397
645	0.641358	0.26149	0.555454
646	0.642219	0.260841	0.557088
647	0.64328	0.260708	0.558357
648	0.643378	0.260274	0.557053
649	0.644052	0.25929	0.558751
650	0.644428	0.259151	0.558786
651	0.645266	0.259069	0.557977
652	0.645974	0.258074	0.558456
653	0.647038	0.25797	0.55789
654	0.647369	0.257254	0.559046
655	0.64822	0.256824	0.560305
656	0.648858	0.255912	0.560979
657	0.647942	0.255751	0.558913
658	0.649171	0.255132	0.560832
659	0.650555	0.25453	0.560771
660	0.651084	0.254698	0.560008
661	0.650721	0.254471	0.556791
662	0.652005	0.25291	0.560694
663	0.653276	0.252708	0.561414
664	0.653454	0.251766	0.561835
665	0.653757	0.25201	0.560706
666	0.654761	0.252109	0.56046
667	0.655599	0.251245	0.561384
668	0.656303	0.250572	0.562298
669	0.656973	0.250034	0.563456
670	0.657332	0.249959	0.563757
671	0.657577	0.249134	0.566327
672	0.658989	0.249145	0.564134
673	0.659403	0.24821	0.564538
674	0.659216	0.248327	0.561731
675	0.660948	0.247326	0.562667
676	0.66137	0.246059	0.563746
677	0.66256	0.246429	0.563966
678	0.663386	0.244907	0.566337
679	0.663013	0.244808	0.564522
680	0.66422	0.244513	0.565088
681	0.663774	0.243369	0.564895
682	0.665117	0.243247	0.565357
683	0.665986	0.242527	0.567784
684	0.666792	0.242287	0.567805
685	0.66741	0.241094	0.570265
686	0.668574	0.241481	0.570068
687	0.668278	0.241437	0.569224
688	0.669546	0.241027	0.569799
689	0.669429	0.241159	0.56862
690	0.670081	0.240275	0.570942
691	0.670353	0.239481	0.570023
692	0.672008	0.238274	0.570662
693	0.673814	0.237205	0.573586
694	0.674021	0.236878	0.57365
695	0.674621	0.23699	0.571722
696	0.674759	0.235744	0.572249
697	0.675207	0.235527	0.57079
698	0.676527	0.235388	0.570374
699	0.678308	0.234396	0.572599
700	0.678189	0.234451	0.569448
701	0.679231	0.233034	0.573163
702	0.680513	0.23258	0.575208
703	0.681014	0.232425	0.573258
704	0.68164	0.231495	0.575326
705	0.682126	0.231092	0.573993
706	0.682813	0.230247	0.576814
707	0.684317	0.230118	0.57866
708	0.684723	0.229082	0.577714
709	0.685552	0.228672	0.578534
710	0.68651	0.228722	0.576702
711	0.685878	0.228531	0.575069
712	0.687309	0.226921	0.576875
713	0.687445	0.227719	0.5746
714	0.686935	0.227364	0.573023
715	0.688953	0.226562	0.576224
716	0.689433	0.226488	0.574588
717	0.691047	0.22529	0.5764
718	0.691991	0.224015	0.576463
719	0.692672	0.223775	0.575991
720	0.693191	0.223413	0.576274
721	0.694237	0.222816	0.576461
722	0.694599	0.222073	0.576484
723	0.696276	0.221355	0.577074
724	0.696869	0.220509	0.577526
725	0.698059	0.219756	0.580873
726	0.699371	0.218453	0.580506
727	0.699972	0.218695	0.57823
728	0.700625	0.217873	0.579281
729	0.700232	0.217926	0.575867
730	0.701146	0.216501	0.578302
731	0.702856	0.215695	0.579213
732	0.703951	0.215793	0.578429
733	0.704564	0.215278	0.577742
734	0.70578	0.213982	0.580041
735	0.706371	0.213659	0.578922
736	0.706701	0.212642	0.580784
737	0.707808	0.21249	0.577747
738	0.710156	0.211832	0.578851
739	0.709464	0.21063	0.578259
740	0.710657	0.210759	0.576465
741	0.712085	0.209445	0.578597
742	0.714079	0.20859	0.580024
743	0.714194	0.207687	0.582141
744	0.716064	0.206476	0.583539
745	0.716278	0.206354	0.581406
746	0.716225	0.206017	0.583212
747	0.717054	0.206708	0.578356
748	0.717812	0.205192	0.582077
749	0.719628	0.20413	0.581304
750	0.720035	0.20424	0.580726
751	0.719731	0.204461	0.577859
752	0.720513	0.203544	0.579174
753	0.72248	0.201804	0.582522
754	0.722782	0.202457	0.579343
755	0.723839	0.200522	0.581157
756	0.723777	0.201457	0.577558
757	0.724283	0.20105	0.576649
758	0.72579	0.200177	0.576968
759	0.727871	0.198812	0.578795
760	0.727336	0.198634	0.575827
761	0.729761	0.19692	0.579493
762	0.729802	0.196776	0.576204
763	0.731932	0.195009	0.580139
764	0.732765	0.194628	0.577365
765	0.733645	0.19425	0.574981
766	0.734444	0.19414	0.576478
767	0.736238	0.192547	0.578977
768	0.737102	0.191785	0.579872
769	0.737272	0.191363	0.579124
770	0.738364	0.190807	0.57847
771	0.740847	0.189351	0.579644
772	0.740036	0.189836	0.57612
773	0.741504	0.188526	0.576922
774	0.743127	0.187659	0.578357
775	0.743766	0.187289	0.577492
776	0.744716	0.187046	0.574011
777	0.746451	0.184932	0.579536
778	0.74578	0.184994	0.576876
779	0.746871	0.185227	0.571527
780	0.748071	0.184086	0.570752
781	0.750004	0.18195	0.573554
782	0.751839	0.181355	0.569906
783	0.753707	0.179712	0.574848
784	0.753518	0.180142	0.568983
785	0.755568	0.178384	0.571544
786	0.756269	0.177286	0.572474
787	0.757538	0.176314	0.571756
788	0.759911	0.175017	0.573829
789	0.760331	0.175327	0.570216
790	0.762248	0.173417	0.571657
791	0.763313	0.172478	0.572847
792	0.763309	0.172931	0.568879
793	0.766162	0.170757	0.572285
794	0.765908	0.170069	0.570442
795	0.767805	0.169444	0.569649
796	0.768442	0.169061	0.569128
797	0.770339	0.167444	0.572104
798	0.770768	0.166869	0.570203
799	0.770973	0.167395	0.56822
800	0.772227	0.165834	0.571112
801	0.77374	0.164754	0.565763
802	0.775437	0.163282	0.570049
803	0.777573	0.162754	0.566082
804	0.778553	0.161613	0.564079
805	0.779016	0.161758	0.563291
806	0.780209	0.160495	0.563335
807	0.780744	0.159853	0.559835
808	0.782299	0.158579	0.563399
809	0.783672	0.157595	0.558986
810	0.783878	0.157719	0.554157
811	0.786503	0.155862	0.557124
812	0.787686	0.154907	0.555702
813	0.790426	0.153191	0.557855
814	0.791047	0.152804	0.558094
815	0.791546	0.152018	0.553694
816	0.792252	0.15146	0.55415
817	0.79336	0.150504	0.550126
818	0.795968	0.149105	0.546778
819	0.798278	0.146679	0.552937
820	0.800052	0.145916	0.550504
821	0.79977	0.145878	0.548749
822	0.801599	0.144634	0.54516
823	0.80365	0.142998	0.544602
824	0.80372	0.142665	0.541655
825	0.805716	0.141598	0.541456
826	0.805747	0.141706	0.537541
827	0.807283	0.14047	0.544079
828	0.809154	0.139227	0.542462
829	0.810949	0.13768	0.544092
830	0.811517	0.137488	0.538089
831	0.811621	0.137615	0.533127
832	0.814131	0.135386	0.537335
833	0.815867	0.134238	0.540352
834	0.817228	0.133897	0.535671
835	0.81843	0.13248	0.536011
836	0.818811	0.132404	0.533234
837	0.820352	0.131239	0.531617
838	0.821829	0.130295	0.528797
839	0.822854	0.129858	0.526128
840	0.823643	0.128961	0.524726
841	0.824833	0.128245	0.523637
842	0.826542	0.127385	0.522002
843	0.828059	0.125761	0.516601
844	0.828668	0.125136	0.513004
845	0.829735	0.124657	0.510141
846	0.831376	0.123502	0.511591
847	0.832263	0.123058	0.512501
848	0.835449	0.119614	0.520303
849	0.834686	0.120947	0.515923
850	0.836473	0.119537	0.507026
851	0.838148	0.118432	0.503578
852	0.83905	0.118015	0.497542
853	0.84192	0.115488	0.497384
854	0.843815	0.114464	0.495834
855	0.844324	0.114068	0.491625
856	0.846939	0.111559	0.49323
857	0.847351	0.112033	0.485308
858	0.849094	0.110058	0.481943
859	0.850147	0.109319	0.48532
860	0.85172	0.108367	0.48109
861	0.853156	0.107169	0.480221
862	0.854399	0.106633	0.475425
863	0.855136	0.1058	0.472213
864	0.856251	0.105211	0.468783
865	0.856755	0.104028	0.467163
866	0.861181	0.101365	0.469649
867	0.861124	0.101512	0.460548
868	0.863066	0.100003	0.461654
869	0.864329	0.0987452	0.455202
870	0.862468	0.100694	0.451857
871	0.865242	0.098776	0.453514
872	0.867072	0.0969621	0.454906
873	0.868457	0.0958759	0.450279
874	0.869648	0.0955476	0.446532
875	0.871633	0.0938643	0.444972
876	0.873029	0.092843	0.439489
877	0.876139	0.0908769	0.438086
878	0.877229	0.0893408	0.432208
879	0.87918	0.0879468	0.42185
880	0.880333	0.0872892	0.42117
881	0.880914	0.0870943	0.413432
882	0.882693	0.0859596	0.41011
883	0.884637	0.0842454	0.407158
884	0.886417	0.0825277	0.396892
885	0.887979	0.0816463	0.393139
886	0.890363	0.0795227	0.391419
887	0.891936	0.0783522	0.383153
888	0.893655	0.0772808	0.374809
889	0.89545	0.0761227	0.370446
890	0.895106	0.0760032	0.368759
891	0.897298	0.0746151	0.362696
892	0.89943	0.0728595	0.358348
893	0.89948	0.0728195	0.35199
894	0.903074	0.0703618	0.342892
895	0.903835	0.0698412	0.343582
896	0.904764	0.0693304	0.338214
897	0.905775	0.0682268	0.331626
898	0.908722	0.0660428	0.326143
899	0.909229	0.0655381	0.321882
900	0.911328	0.0640637	0.311287
901	0.91268	0.0630045	0.307315
902	0.91481	0.061656	0.291502
903	0.915234	0.0613698	0.292445
904	0.916627	0.0603987	0.284158
905	0.919529	0.0580724	0.272839
906	0.921571	0.0562193	0.271472
907	0.922221	0.0560065	0.263305
908	0.924368	0.0544321	0.252765
909	0.926198	0.0529218	0.239849
910	0.929599	0.0503426	0.228368
911	0.928202	0.0514962	0.226728
912	0.930184	0.0502495	0.21132
913	0.931666	0.0490208	0.206007
914	0.935232	0.0460558	0.186046
915	0.935494	0.0463564	0.180593
916	0.938179	0.0440076	0.169374
917	0.939208	0.0436088	0.170832
918	0.938543	0.0441233	0.169946
919	0.940172	0.0428493	0.163894
920	0.939515	0.0435255	0.166821
921	0.94063	0.0428377	0.170914
922	0.940343	0.0430918	0.171849
923	0.942825	0.0410695	0.164733
924	0.943831	0.0402407	0.163632
925	0.940623	0.0431357	0.167056
926	0.943129	0.0411183	0.159769
927	0.943898	0.0410128	0.160934
928	0.946065	0.039161	0.155591
929	0.945056	0.0398149	0.160898
930	0.945079	0.0397141	0.158825
931	0.947621	0.0384036	0.156481
932	0.946902	0.039012	0.154828
933	0.948528	0.0374366	0.159345
934	0.947238	0.0387627	0.159601
935	0.946875	0.039024	0.159756
936	0.947223	0.0386534	0.158254
937	0.947	0.0386035	0.152514
938	0.9493	0.0371702	0.152658
939	0.949262	0.0376228	0.158536
940	0.949057	0.0377929	0.15057
941	0.948868	0.0378238	0.152445
942	0.94888	0.0375264	0.148437
943	0.948329	0.0380568	0.155933
944	0.948176	0.0382817	0.153433
945	0.948771	0.0377068	0.155206
946	0.946907	0.0391169	0.156619
947	0.948174	0.038154	0.158995
948	0.946362	0.03971	0.166732
949	0.948096	0.0384437	0.162545
950	0.952298	0.0357515	0.155763
951	0.95116	0.0365883	0.156315
952	0.951855	0.0362063	0.162706
953	0.951833	0.0362694	0.154336
954	0.951661	0.0364024	0.157316
955	0.952863	0.0353412	0.151108
956	0.950946	0.0369203	0.162687
957	0.950561	0.0372726	0.160169
958	0.951513	0.0363454	0.158312
959	0.951576	0.0363164	0.160026
960	0.949524	0.0381081	0.163773
960	0.949524	0.0381081	0.163773
961	0.95139	0.0368609	0.153944
962	0.952583	0.0354741	0.15133
963	0.950831	0.0370456	0.158061
964	0.953171	0.0351095	0.152186
965	0.95117	0.0368266	0.155883
966	0.949628	0.0380124	0.165948
967	0.950478	0.0372465	0.168527
968	0.948673	0.0387983	0.170055
969	0.948709	0.0386055	0.166222
970	0.951411	0.0365393	0.159925
971	0.950795	0.037067	0.154591
972	0.951019	0.0367038	0.156102
973	0.956053	0.0340505	0.151909
974	0.958152	0.0322244	0.148702
975	0.95649	0.0336755	0.153686
976	0.957302	0.0330884	0.149877
977	0.957044	0.0330611	0.147764
978	0.956272	0.0337527	0.153081
979	0.955556	0.034558	0.161436
980	0.956994	0.0331461	0.15789
981	0.955928	0.0343548	0.159231
982	0.95597	0.0340245	0.157302
983	0.95723	0.0331006	0.150237
984	0.956608	0.0335047	0.15503
985	0.955685	0.0342092	0.152266
986	0.956282	0.0337499	0.146906
987	0.958279	0.0321967	0.145725
988	0.956701	0.0334481	0.155423
989	0.956436	0.0337436	0.157426
990	0.956861	0.0332694	0.153608
991	0.956282	0.0336553	0.160934
992	0.956309	0.0338512	0.153857
993	0.955127	0.0345511	0.158435
994	0.955342	0.0345631	0.155813
995	0.954881	0.0350134	0.1591
996	0.955368	0.0345252	0.156803
997	0.955038	0.0348471	0.15822
998	0.956124	0.0337384	0.154866
999	0.954805	0.0349829	0.154451
1000	0.955046	0.0346755	0.158024
1001	0.955524	0.0343855	0.152463
1002	0.955703	0.0342308	0.148735
1003	0.955105	0.0348566	0.157329
1004	0.955343	0.0345107	0.160366
1005	0.955315	0.0347181	0.156862
1006	0.955338	0.0346465	0.158898
1007	0.954766	0.0349577	0.15661
1008	0.95456	0.0352068	0.160481
1009	0.954631	0.03532	0.161811
1010	0.954222	0.0354224	0.159803
1011	0.955539	0.0343315	0.152308
1012	0.954861	0.0349848	0.159222
1013	0.953966	0.0354409	0.166239
1014	0.954932	0.0347053	0.161427
1015	0.955253	0.0344566	0.159761
1016	0.955577	0.0343169	0.155837
1017	0.954827	0.0347516	0.15518
1018	0.954678	0.0350212	0.160043
1019	0.954042	0.0354732	0.164555
1020	0.95436	0.0352452	0.158583
1021	0.954121	0.0353503	0.15724
1022	0.953037	0.0365779	0.16458
1023	0.954975	0.0348101	0.153558
1024	0.954662	0.0349757	0.158828
1025	0.954183	0.0355408	0.154606
1026	0.963992	0.0290654	0.143095
1027	0.966268	0.0278166	0.145201
1028	0.965845	0.0283252	0.14979
1029	0.965168	0.0288596	0.156448
1030	0.964832	0.0291454	0.158126
1031	0.964721	0.0291188	0.16274
1032	0.963675	0.030066	0.17286
1033	0.9648	0.0290372	0.168773
1034	0.963884	0.0299133	0.170504
1035	0.964274	0.0296806	0.174267
1036	0.964145	0.029559	0.176792
1037	0.964741	0.0292397	0.166105
1038	0.963358	0.0304938	0.171214
1039	0.964929	0.0289733	0.160721
1040	0.963732	0.0300527	0.154297
1041	0.965632	0.0283292	0.151844
1042	0.966187	0.0279529	0.149671
1043	0.965003	0.0290643	0.153442
1044	0.965347	0.028692	0.153329
1045	0.964795	0.0291424	0.154466
1046	0.96494	0.0289305	0.151165
1047	0.964839	0.0291692	0.14996
1048	0.964397	0.0293827	0.144527
1049	0.964717	0.0290674	0.153021
1050	0.965952	0.0281473	0.145763
1051	0.965309	0.0286411	0.151369
1052	0.964426	0.0295053	0.15432
1053	0.965396	0.0285725	0.148312
1054	0.964882	0.0290817	0.153063
1055	0.963064	0.0304824	0.157978
1056	0.965481	0.0285626	0.157653
1057	0.963827	0.0298893	0.162174
1058	0.963713	0.0300908	0.158425
1059	0.96352	0.0301239	0.162296
1060	0.965038	0.0288048	0.153141
1061	0.965138	0.0286785	0.158642
1062	0.96476	0.0292054	0.159854
1063	0.963578	0.0301566	0.16225
1064	0.963997	0.0296375	0.166147
1065	0.96266	0.0309832	0.173478
1066	0.964319	0.0294304	0.162452
1067	0.963728	0.0298828	0.160387
1068	0.963655	0.0301789	0.162997
1069	0.963606	0.0302015	0.158163
1070	0.964001	0.0296276	0.158052
1071	0.964893	0.0290287	0.153194
1072	0.963166	0.0302559	0.159045
1073	0.963504	0.0301799	0.155102
1074	0.963916	0.0296846	0.16092
1075	0.963448	0.0301729	0.162581
1076	0.963989	0.0297662	0.164343
1077	0.963826	0.0298088	0.166345
1078	0.963577	0.0299857	0.164869
1079	0.963239	0.0303772	0.168416
1080	0.962293	0.031231	0.16938
1081	0.961783	0.0316854	0.176996
1082	0.962266	0.0311114	0.179069
1083	0.964707	0.0290204	0.158966
1084	0.963506	0.0301858	0.167702
1085	0.964049	0.0297494	0.159787
1086	0.96358	0.0301432	0.158232
1087	0.962042	0.0313765	0.169448
1088	0.962574	0.0308289	0.167674
1089	0.963856	0.0297383	0.156575
1090	0.963659	0.0300163	0.158958
1091	0.962969	0.0305724	0.162989
1092	0.964342	0.0294784	0.162057
1093	0.963116	0.0304377	0.16024
1094	0.96381	0.0296274	0.156716
1095	0.963667	0.0298379	0.155225
1096	0.962617	0.0307706	0.159928
1097	0.962957	0.0304119	0.161144
1098	0.962858	0.0307583	0.161451
1099	0.962135	0.0312018	0.170791
1100	0.963339	0.0303541	0.162021
1101	0.963085	0.0304697	0.160077
1102	0.963745	0.0298615	0.158208
1103	0.964499	0.0292302	0.149852
1104	0.963307	0.0302566	0.157565
1105	0.964822	0.0289597	0.149854
1106	0.964545	0.0290439	0.150871
1107	0.963136	0.0303922	0.15373
1108	0.961894	0.0315049	0.166918
1109	0.962555	0.0307403	0.162893
1110	0.962987	0.0304726	0.163673
1111	0.962953	0.0305171	0.160278
1112	0.962775	0.0307009	0.165936
1113	0.961315	0.0318744	0.171239
1114	0.960808	0.0324161	0.170467
1115	0.962402	0.0309989	0.161933
1116	0.962636	0.03072	0.166379
1117	0.962945	0.0304643	0.166082
1118	0.961906	0.0312004	0.16883
1119	0.962026	0.0312975	0.167517
1120	0.962827	0.0304446	0.162518
1121	0.962059	0.0312436	0.163302
1122	0.96257	0.0309524	0.164099
1123	0.961168	0.0319215	0.171685
1124	0.961639	0.0315011	0.164438
1125	0.963477	0.0300434	0.153993
1126	0.963522	0.0301757	0.157774
1127	0.961626	0.03166	0.162083
1128	0.961588	0.0316138	0.169915
1129	0.961967	0.0311181	0.162668
1130	0.962184	0.0311143	0.163547
1131	0.961946	0.0312645	0.162542
1132	0.961879	0.0312846	0.16289
1133	0.962561	0.0308223	0.160095
1134	0.961014	0.0320601	0.168043
1135	0.962319	0.0310268	0.159392
1136	0.961699	0.0312506	0.162922
1137	0.962205	0.0310734	0.158611
1138	0.961833	0.0314266	0.158199
1139	0.961007	0.0321015	0.171465
1140	0.962389	0.0309284	0.163223
1141	0.960563	0.0322978	0.170964
1142	0.961788	0.0315011	0.168356
1143	0.962784	0.0306059	0.161875
1144	0.962091	0.0312402	0.163883
1145	0.961016	0.0320501	0.167663
1146	0.962055	0.0311484	0.162623
1147	0.961989	0.0312111	0.169463
1148	0.959457	0.0333391	0.176585
1149	0.961312	0.031688	0.169084
1150	0.960861	0.0322189	0.16349
1151	0.961026	0.0319648	0.157186
1152	0.959847	0.0328922	0.166147
1153	0.959301	0.0333902	0.165695
1154	0.961902	0.031197	0.160005
1155	0.960671	0.0324404	0.156948
1156	0.960619	0.0323467	0.161724
1157	0.961939	0.0312982	0.164174
1158	0.962053	0.0314652	0.161771
1159	0.961344	0.031608	0.162549
1160	0.960411	0.0325532	0.163968
1161	0.9599	0.0329256	0.172666
1162	0.960308	0.0326109	0.167015
1163	0.959981	0.0330136	0.169021
1164	0.960705	0.0324446	0.169095
1165	0.961076	0.0321155	0.171234
1166	0.960259	0.0325407	0.169867
1167	0.960485	0.0325047	0.168354
1168	0.959788	0.0331334	0.174849
1169	0.960613	0.0325224	0.17185
1170	0.95978	0.0332521	0.173757
1171	0.959745	0.0331172	0.177953
1172	0.959231	0.0334949	0.17776
1173	0.959634	0.0331086	0.178069
1174	0.95946	0.033374	0.182115
1175	0.958055	0.0344274	0.180478
1176	0.958508	0.0341224	0.182468
1177	0.958033	0.034606	0.185121
1178	0.959289	0.0335805	0.176677
1179	0.958806	0.0339067	0.177644
1180	0.958833	0.0338888	0.178824
1181	0.959517	0.0332901	0.167616
1182	0.95901	0.0337211	0.173995
1183	0.959159	0.0334735	0.168949
1184	0.958158	0.0344187	0.174658
1185	0.958374	0.0342134	0.173394
1186	0.959056	0.0336998	0.172769
1187	0.960581	0.0323802	0.167882
1188	0.96047	0.0325448	0.168358
1189	0.959693	0.0332677	0.175493
1190	0.958951	0.0337609	0.176006
1191	0.959621	0.0334081	0.17864
1192	0.959214	0.033516	0.174607
1193	0.959095	0.0336292	0.176837
1194	0.959708	0.0331694	0.168944
1195	0.960102	0.0327428	0.168665
1196	0.960622	0.0323283	0.16751
1197	0.959606	0.0332007	0.163806
1198	0.960062	0.032716	0.164937
1199	0.960239	0.0325515	0.171155
1200	0.958802	0.0338955	0.176865
1201	0.959069	0.0336009	0.169817
1202	0.960048	0.0328312	0.172554
1203	0.959209	0.0335574	0.173573
1204	0.958233	0.034369	0.180027
1205	0.95913	0.0335882	0.179483
1206	0.960097	0.0326661	0.166817
1207	0.959551	0.0332749	0.17462
1208	0.958247	0.0344741	0.180525
1209	0.958755	0.0339102	0.180757
1210	0.957774	0.0346105	0.183125
1211	0.95926	0.0334363	0.173146
1212	0.960057	0.0329151	0.170344
1213	0.960562	0.0324816	0.173021
1214	0.960189	0.0326486	0.166367
1215	0.958412	0.0342333	0.169335
1216	0.991054	0.00840013	0.106565
1217	0.998694	0.00128114	0.119211
1218	0.998961	0.00101882	0.0908023
1219	0.999147	0.000835908	0.069113
1220	0.999281	0.000703962	0.0545658
1221	0.99938	0.000605995	0.0442062
1222	0.999457	0.000530603	0.0369968
1223	0.999517	0.000471085	0.0315361
1224	0.999566	0.000423216	0.0269588
1225	0.999607	0.000383625	0.0235022
1226	0.99964	0.000350573	0.0205641
1227	0.999669	0.000322308	0.0183505
1228	0.999694	0.000298047	0.0164585
1229	0.999715	0.00027704	0.0147975
1230	0.999734	0.000258553	0.0134547
1231	0.999751	0.00024223	0.0122931
1232	0.999766	0.000227717	0.0112807
1233	0.999779	0.000214767	0.0103648
1234	0.999791	0.000203104	0.00956644
1235	0.999802	0.000192529	0.00888152
1236	0.999812	0.000182952	0.00824918
1237	0.999821	0.000174218	0.00768333
1238	0.999829	0.000166202	0.00718642
1239	0.999836	0.000158818	0.00674825
1240	0.999843	0.000152019	0.00634525
1241	0.99985	0.000145711	0.00599243
1242	0.999856	0.000139864	0.00566955
1243	0.999861	0.000134462	0.00535259
1244	0.999867	0.000129423	0.00506572
1245	0.999871	0.000124697	0.00481256
1246	0.999876	0.000120292	0.00456836
1247	0.99988	0.000116136	0.00435539
1248	0.999884	0.000112239	0.00415452
1249	0.999888	0.000108564	0.00397054
1250	0.999892	0.000105105	0.00379629
1251	0.999895	0.000101825	0.00364138
1252	0.999898	9.87265e-05	0.00349379
1253	0.999901	9.57893e-05	0.00335778
1254	0.999904	9.29908e-05	0.00323454
1255	0.999907	9.03565e-05	0.00310973
1256	0.999909	8.78122e-05	0.00298597
1257	0.999912	8.52647e-05	0.002883
1258	0.999914	8.30078e-05	0.00277457
1259	0.999916	8.08401e-05	0.0026777
1260	0.999919	7.87782e-05	0.00258428
1261	0.999921	7.67936e-05	0.00250085
1262	0.999923	7.49029e-05	0.00241835
1263	0.999924	7.30832e-05	0.00234475
1264	0.999926	7.13527e-05	0.00226858
1265	0.999928	6.96749e-05	0.00220349
1266	0.99993	6.80819e-05	0.00213147
1267	0.999931	6.65508e-05	0.00206703
1268	0.999933	6.49849e-05	0.00201065
1269	0.999934	6.35786e-05	0.00194925
1270	0.999936	6.22081e-05	0.00189551
1271	0.999937	6.08848e-05	0.00184528
1272	0.999938	5.96314e-05	0.00179026
1273	0.99994	5.84115e-05	0.00174207
1274	0.999941	5.72398e-05	0.00169372
1275	0.999942	5.609e-05	0.00165368
1276	0.999943	5.50478e-05	0.00159298
1277	0.999944	5.39811e-05	0.00155354
1278	0.999945	5.29542e-05	0.00151469
1279	0.999946	5.19715e-05	0.00147462
1280	0.999947	5.09994e-05	0.00144137
1281	0.999948	5.00753e-05	0.00140504
1282	0.999949	4.91807e-05	0.00137008
1283	0.99995	4.83033e-05	0.00133883
1284	0.999951	4.74411e-05	0.00131187
1285	0.999952	4.66223e-05	0.00128193
1286	0.999953	4.5828e-05	0.00125153
1287	0.999953	4.5058e-05	0.00122218
1288	0.999954	4.43159e-05	0.00119248
1289	0.999955	4.35656e-05	0.00117138
1290	0.999956	4.28623e-05	0.00114486
1291	0.999956	4.21866e-05	0.00111659
1292	0.999957	4.1519e-05	0.00109189
1293	0.999958	4.08523e-05	0.00107294
1294	0.999958	4.02182e-05	0.0010503
1295	0.999959	3.9608e-05	0.00102658
1296	0.99996	3.8992e-05	0.00100941
1297	0.99996	3.84149e-05	0.000987071
1298	0.999961	3.78302e-05	0.000970421
1299	0.999961	3.72784e-05	0.000949877
1300	0.999962	3.67219e-05	0.000934756
