600	0.592446	0.296906	0.528544
601	0.592348	0.296817	0.528181
602	0.592957	0.296937	0.528059
603	0.594245	0.295914	0.529616
604	0.594506	0.295564	0.530174
605	0.593701	0.295061	0.528979
606	0.59487	0.295303	0.529718
607	0.594787	0.295315	0.529848
608	0.595769	0.294355	0.530665
609	0.597219	0.294345	0.531074
610	0.596998	0.293002	0.531649
611	0.597841	0.293103	0.531313
612	0.597615	0.292638	0.531059
613	0.598726	0.292355	0.531774
614	0.599547	0.291612	0.532537
615	0.599072	0.29116	0.531639
616	0.600143	0.290299	0.533723
617	0.601343	0.290284	0.534922
618	0.601436	0.290008	0.534085
619	0.601732	0.28939	0.534416
620	0.602423	0.288832	0.535251
621	0.60296	0.288794	0.534813
622	0.604227	0.28812	0.535695
623	0.60465	0.287731	0.534641
624	0.604993	0.287252	0.535843
625	0.605894	0.286984	0.536704
626	0.606262	0.286229	0.537476
627	0.605903	0.285904	0.535544
628	0.606892	0.285487	0.53654
629	0.608024	0.284809	0.537295
630	0.608715	0.284194	0.538295
631	0.608567	0.283752	0.536146
632	0.609595	0.282938	0.537535
633	0.610752	0.282419	0.539692
634	0.61103	0.28183	0.5394
635	0.611097	0.282344	0.538578
636	0.612047	0.281888	0.539516
637	0.612766	0.280918	0.540063
638	0.613093	0.280313	0.541514
639	0.613829	0.279853	0.54241
640	0.613772	0.280126	0.541472
641	0.614963	0.279433	0.543379
642	0.616095	0.279103	0.542587
643	0.615578	0.2786	0.542142
644	0.616748	0.278106	0.541787
645	0.617784	0.277434	0.542301
646	0.618407	0.276791	0.543056
647	0.619522	0.276597	0.542682
648	0.619078	0.276032	0.541704
649	0.620009	0.275416	0.543996
650	0.619794	0.274411	0.54444
651	0.620887	0.274025	0.545575
652	0.621545	0.274149	0.545458
653	0.62206	0.273784	0.544921
654	0.622662	0.273214	0.546107
655	0.623818	0.273181	0.547673
656	0.623719	0.273066	0.547394
657	0.624568	0.272824	0.547527
658	0.624851	0.272529	0.548826
659	0.625099	0.272028	0.548969
660	0.625782	0.270822	0.548802
661	0.627421	0.270007	0.549608
662	0.628426	0.269009	0.551753
663	0.629059	0.269753	0.55015
664	0.629273	0.26858	0.550307
665	0.629824	0.26785	0.550347
666	0.630321	0.267817	0.549143
667	0.631845	0.267301	0.550771
668	0.632139	0.266338	0.550842
669	0.63291	0.265934	0.552028
670	0.633933	0.265439	0.553436
671	0.634565	0.265137	0.553419
672	0.635254	0.264501	0.553892
673	0.635501	0.263809	0.553934
674	0.636369	0.263057	0.556072
675	0.637397	0.263447	0.555657
676	0.637562	0.262572	0.555103
677	0.638709	0.262248	0.556918
678	0.639462	0.261823	0.555838
679	0.639296	0.261068	0.555638
680	0.64032	0.260503	0.557146
681	0.639655	0.260283	0.555331
682	0.640113	0.260896	0.553674
683	0.641621	0.25943	0.556133
684	0.642764	0.260204	0.553928
685	0.643911	0.258267	0.557798
686	0.644448	0.257724	0.55704
687	0.64519	0.257146	0.558036
688	0.645981	0.256977	0.558259
689	0.64593	0.256435	0.557407
690	0.647606	0.255521	0.559402
691	0.647848	0.254938	0.55854
692	0.649002	0.254373	0.561349
693	0.650637	0.253319	0.56166
694	0.65083	0.253109	0.561447
695	0.651314	0.252525	0.560464
696	0.65077	0.252639	0.55802
697	0.651971	0.251338	0.559729
698	0.653526	0.250486	0.561937
699	0.654261	0.250692	0.561165
700	0.65484	0.249987	0.562538
701	0.655996	0.24868	0.563934
702	0.656679	0.248456	0.562413
703	0.656575	0.248426	0.561139
704	0.658936	0.247831	0.562791
705	0.659106	0.247067	0.56181
706	0.660244	0.246474	0.562609
707	0.660591	0.245363	0.564435
708	0.662772	0.244541	0.56458
709	0.662966	0.243684	0.566381
710	0.664831	0.243264	0.565862
711	0.665151	0.242367	0.567894
712	0.6652	0.242068	0.567557
713	0.665603	0.242833	0.565121
714	0.666454	0.24165	0.566187
715	0.667956	0.2406	0.567905
716	0.6683	0.240867	0.56651
717	0.6683	0.241029	0.56503
718	0.669013	0.239957	0.567073
719	0.670266	0.238979	0.568263
720	0.670869	0.238398	0.568395
721	0.671586	0.237641	0.56834
722	0.671704	0.237618	0.568063
723	0.672306	0.237164	0.567991
724	0.67448	0.235914	0.570188
725	0.674251	0.235854	0.566486
726	0.675856	0.234881	0.567499
727	0.676645	0.23393	0.568245
728	0.678459	0.232632	0.571084
729	0.679276	0.232155	0.569511
730	0.680133	0.231558	0.569524
731	0.681021	0.231733	0.569533
732	0.682294	0.230918	0.569753
733	0.683668	0.229327	0.573372
734	0.68347	0.229098	0.572435
735	0.684427	0.228621	0.571712
736	0.686582	0.227481	0.573361
737	0.685987	0.22767	0.569984
738	0.687977	0.226121	0.574384
739	0.688824	0.225431	0.574457
740	0.689599	0.225654	0.571284
741	0.690345	0.224735	0.572775
742	0.69142	0.223829	0.57353
743	0.691354	0.224112	0.569994
744	0.69228	0.222791	0.570754
745	0.693525	0.222362	0.56999
746	0.695502	0.220175	0.572817
747	0.697339	0.219443	0.572693
748	0.697217	0.219155	0.571946
749	0.699162	0.218461	0.570921
750	0.700686	0.217132	0.573536
751	0.70072	0.216195	0.573282
752	0.703288	0.214903	0.575213
753	0.703676	0.215249	0.573319
754	0.705368	0.213613	0.574858
755	0.70668	0.212653	0.576265
756	0.706383	0.212617	0.575961
757	0.708668	0.211777	0.575392
758	0.708437	0.210612	0.574524
759	0.710419	0.209941	0.576685
760	0.710748	0.209186	0.576714
761	0.712363	0.20869	0.578094
762	0.712485	0.208182	0.577291
763	0.713608	0.208341	0.575404
764	0.713709	0.207246	0.575329
765	0.716389	0.205365	0.577853
766	0.718166	0.20495	0.576524
767	0.719045	0.204377	0.575432
768	0.719474	0.203567	0.574232
769	0.720865	0.20242	0.579301
770	0.720726	0.202885	0.570543
771	0.722176	0.201773	0.573061
772	0.723831	0.199674	0.576542
773	0.72387	0.199787	0.573715
774	0.725962	0.198627	0.575402
775	0.727337	0.197547	0.575466
776	0.729933	0.196013	0.579428
777	0.73054	0.196187	0.575292
778	0.730775	0.195045	0.573629
779	0.731676	0.194634	0.573399
780	0.733304	0.193305	0.573255
781	0.735622	0.191953	0.572966
782	0.737685	0.190435	0.572537
783	0.738275	0.190254	0.573226
784	0.738531	0.189769	0.571516
785	0.741315	0.187972	0.573066
786	0.741575	0.187054	0.571925
787	0.743045	0.185904	0.573993
788	0.742757	0.186313	0.570217
789	0.744486	0.184894	0.577022
790	0.746208	0.184042	0.576027
791	0.747554	0.182999	0.575811
792	0.74901	0.182188	0.575523
793	0.748455	0.182618	0.569772
794	0.750755	0.180721	0.574746
795	0.752934	0.179485	0.578223
796	0.753762	0.179057	0.57738
797	0.754874	0.178369	0.575239
798	0.755149	0.178299	0.572538
799	0.75646	0.177005	0.572532
800	0.758254	0.176102	0.575542
801	0.759022	0.175369	0.57471
802	0.75973	0.17487	0.570499
803	0.760746	0.174261	0.57151
804	0.763049	0.172892	0.572375
805	0.763466	0.172006	0.568585
806	0.764565	0.170837	0.567463
807	0.765075	0.170634	0.564341
808	0.766747	0.169828	0.569044
809	0.767734	0.168971	0.571192
810	0.770108	0.166969	0.574035
811	0.769502	0.167709	0.566139
812	0.771306	0.166799	0.562003
813	0.772295	0.165403	0.563754
814	0.774975	0.163723	0.563785
815	0.776493	0.162759	0.56307
816	0.777241	0.162536	0.559952
817	0.779502	0.16014	0.564274
818	0.780242	0.160513	0.558545
819	0.781617	0.158515	0.560462
820	0.782686	0.157955	0.562605
821	0.784368	0.157302	0.560843
822	0.785631	0.155763	0.563004
823	0.786491	0.155598	0.558689
824	0.78734	0.154322	0.559374
825	0.788149	0.154468	0.551282
826	0.789841	0.152489	0.557449
827	0.792892	0.151046	0.55923
828	0.792725	0.150908	0.553632
829	0.795607	0.148297	0.559887
830	0.793487	0.15053	0.547063
831	0.795067	0.150175	0.548551
832	0.797119	0.147979	0.550227
833	0.797664	0.147147	0.551534
834	0.799982	0.146088	0.550124
835	0.800806	0.145612	0.547838
836	0.802595	0.144056	0.547533
837	0.805484	0.142624	0.548667
838	0.806217	0.141213	0.544482
839	0.807855	0.139904	0.54258
840	0.809253	0.139194	0.540985
841	0.809478	0.139071	0.534425
842	0.811551	0.138215	0.533612
843	0.81328	0.136592	0.534912
844	0.815384	0.134363	0.530719
845	0.816514	0.133946	0.531929
846	0.818314	0.132534	0.526328
847	0.820634	0.130411	0.52679
848	0.821954	0.130271	0.519393
849	0.823166	0.129249	0.518384
850	0.823455	0.128733	0.515876
851	0.825249	0.127553	0.518268
852	0.82646	0.126518	0.511286
853	0.828178	0.125375	0.511921
854	0.831059	0.123449	0.515832
855	0.83096	0.123907	0.506805
856	0.831497	0.122897	0.50662
857	0.833804	0.121408	0.508208
858	0.835194	0.120638	0.502384
859	0.837014	0.118951	0.501632
860	0.838383	0.118291	0.497264
861	0.840252	0.116618	0.492992
862	0.840407	0.11627	0.495782
863	0.841916	0.115458	0.490757
864	0.84432	0.113626	0.487639
865	0.846196	0.112163	0.493597
866	0.846584	0.111897	0.484111
867	0.848971	0.110137	0.483482
868	0.850937	0.108992	0.479701
869	0.852634	0.107762	0.474758
870	0.852043	0.107963	0.470794
871	0.854116	0.106871	0.466499
872	0.856835	0.104614	0.468911
873	0.857917	0.103806	0.460889
874	0.859891	0.102443	0.466237
875	0.861401	0.101243	0.459562
876	0.861824	0.101523	0.450372
877	0.863796	0.0993997	0.448892
878	0.86413	0.098847	0.441247
879	0.866506	0.0969148	0.44487
880	0.867738	0.0965315	0.441101
881	0.871712	0.0933442	0.437056
882	0.872862	0.092047	0.430535
883	0.872079	0.0930285	0.421686
884	0.875564	0.0900629	0.418831
885	0.877339	0.0892497	0.412303
886	0.880649	0.0869862	0.4115
887	0.881228	0.0865434	0.402437
888	0.883272	0.085101	0.400257
889	0.885959	0.0827614	0.394134
890	0.886909	0.0823692	0.389175
891	0.88912	0.0805987	0.386654
892	0.890061	0.0802403	0.377989
893	0.89187	0.078398	0.373603
894	0.893491	0.0769695	0.36758
895	0.895693	0.0754147	0.360688
896	0.898105	0.0737128	0.352982
897	0.898714	0.0731133	0.34354
898	0.900346	0.0717836	0.341611
899	0.901866	0.0707851	0.332319
900	0.903811	0.0691568	0.327413
901	0.904841	0.0685494	0.320507
902	0.907436	0.0665604	0.31473
903	0.907862	0.0660687	0.303537
904	0.910934	0.0635883	0.301495
905	0.911972	0.0634635	0.291898
906	0.91445	0.0611528	0.289895
907	0.917188	0.0593001	0.275099
908	0.917975	0.0585455	0.266339
909	0.919441	0.0578355	0.260481
910	0.921901	0.0559687	0.247459
911	0.923931	0.054421	0.234695
912	0.925531	0.0530678	0.224432
913	0.926634	0.0523296	0.219763
914	0.929217	0.0502886	0.201707
915	0.931751	0.048454	0.191418
916	0.931856	0.0484999	0.185734
917	0.93377	0.0474174	0.174959
918	0.936362	0.0449605	0.171146
919	0.935619	0.046076	0.168328
920	0.938098	0.043972	0.169846
921	0.938027	0.044537	0.166222
922	0.936326	0.0456265	0.177333
923	0.937763	0.0446126	0.178635
924	0.937661	0.0448669	0.177801
925	0.937685	0.044589	0.174365
926	0.940345	0.0426753	0.170507
927	0.941703	0.0417308	0.157037
928	0.941275	0.0422052	0.162048
929	0.941305	0.0420806	0.162576
930	0.941416	0.042063	0.162805
931	0.942352	0.0417017	0.164596
932	0.943572	0.0408438	0.159522
933	0.94321	0.0411181	0.159849
934	0.942346	0.0417574	0.16543
935	0.942187	0.041847	0.168104
936	0.943216	0.0412572	0.16841
937	0.941548	0.0423667	0.165121
938	0.945664	0.0395795	0.155813
939	0.945961	0.0395535	0.15993
940	0.945576	0.0398378	0.15831
941	0.944222	0.0408247	0.158105
942	0.947054	0.0387433	0.157581
943	0.946051	0.0394785	0.162802
944	0.945855	0.0396307	0.164777
945	0.946235	0.039231	0.160906
946	0.945967	0.0393654	0.162771
947	0.94538	0.0400516	0.162151
948	0.944575	0.0403827	0.164126
949	0.944492	0.0405873	0.162088
950	0.947426	0.039181	0.1559
951	0.949051	0.0377694	0.156813
952	0.948569	0.0384798	0.158978
953	0.949878	0.0370923	0.15623
954	0.947829	0.0387094	0.162248
955	0.948814	0.0380359	0.159208
956	0.94919	0.0376676	0.150612
957	0.948714	0.0383277	0.157668
958	0.948359	0.0384426	0.162789
959	0.948785	0.0381956	0.157544
960	0.949008	0.0381107	0.156354
960	0.949008	0.0381107	0.156354
961	0.948077	0.0387067	0.161168
962	0.94811	0.0386836	0.162302
963	0.947614	0.0392304	0.163728
964	0.947036	0.039461	0.165183
965	0.948592	0.0383032	0.157782
966	0.948292	0.0386292	0.160846
967	0.947203	0.0392151	0.166559
968	0.948386	0.0383269	0.163902
969	0.94859	0.0380562	0.15996
970	0.948989	0.0380562	0.156931
971	0.947626	0.0388358	0.15851
972	0.947903	0.0387908	0.163185
973	0.953324	0.0356555	0.160833
974	0.954241	0.0351361	0.151602
975	0.953299	0.0359992	0.154999
976	0.955031	0.0344911	0.151334
977	0.953983	0.0353586	0.157658
978	0.954819	0.0347046	0.152774
979	0.954237	0.0350289	0.148935
980	0.953861	0.0352486	0.151648
981	0.953416	0.036025	0.155722
982	0.953113	0.0359784	0.16049
983	0.952602	0.0365333	0.162221
984	0.952322	0.0366178	0.166863
985	0.950776	0.0378246	0.177645
986	0.951898	0.0369079	0.177651
987	0.951661	0.0372654	0.175387
988	0.951761	0.0372714	0.178476
989	0.95158	0.037248	0.178525
990	0.951373	0.0376556	0.171806
991	0.951272	0.0377869	0.175573
992	0.951734	0.0371545	0.166508
993	0.951422	0.0373528	0.162016
994	0.953009	0.0361751	0.162704
995	0.952597	0.0364129	0.164398
996	0.953403	0.0358537	0.160759
997	0.952143	0.0367616	0.163591
998	0.952877	0.0361721	0.157514
999	0.952177	0.0367144	0.155739
1000	0.95199	0.0369449	0.158195
1001	0.951681	0.0370464	0.155747
1002	0.953197	0.0358441	0.152484
1003	0.952371	0.0365793	0.158782
1004	0.952194	0.0365586	0.163907
1005	0.952597	0.0364719	0.159002
1006	0.952332	0.0366588	0.160816
1007	0.949901	0.0385001	0.16674
1008	0.952998	0.0362558	0.166065
1009	0.95037	0.03828	0.17025
1010	0.950721	0.0377919	0.166301
1011	0.950543	0.0379531	0.168281
1012	0.951817	0.0368288	0.162515
1013	0.952002	0.0366818	0.16814
1014	0.951964	0.0368094	0.164658
1015	0.950704	0.0379558	0.17197
1016	0.950157	0.0383509	0.17679
1017	0.949964	0.0384904	0.180012
1018	0.950868	0.0376522	0.171742
1019	0.950962	0.0375796	0.165939
1020	0.950176	0.0384474	0.168456
1021	0.951301	0.0373334	0.166151
1022	0.951554	0.0370672	0.163449
1023	0.950838	0.0377518	0.167868
1024	0.950031	0.0383441	0.161448
1025	0.950514	0.0378948	0.168982
1026	0.960315	0.0319343	0.15802
1027	0.9636	0.0299015	0.161542
1028	0.963889	0.0295603	0.1616
1029	0.96351	0.0298749	0.161901
1030	0.963036	0.0303868	0.16528
1031	0.962198	0.0311188	0.167347
1032	0.961727	0.0315946	0.172063
1033	0.962644	0.030546	0.172598
1034	0.964796	0.0288271	0.1559
1035	0.963327	0.0302074	0.164036
1036	0.964018	0.0295775	0.154482
1037	0.962711	0.0306563	0.164556
1038	0.962653	0.0307001	0.160635
1039	0.96279	0.0304436	0.163051
1040	0.963941	0.029493	0.156449
1041	0.96298	0.0304053	0.159051
1042	0.963592	0.0298249	0.159549
1043	0.963519	0.029828	0.155351
1044	0.963263	0.0300207	0.157018
1045	0.964045	0.029399	0.151068
1046	0.962717	0.0305129	0.153401
1047	0.962825	0.0303841	0.156764
1048	0.96289	0.0306111	0.157221
1049	0.962063	0.0311255	0.167481
1050	0.963255	0.0302391	0.159493
1051	0.963064	0.0302809	0.157308
1052	0.963849	0.0295715	0.154817
1053	0.964491	0.0290966	0.145951
1054	0.963547	0.0298581	0.155355
1055	0.964862	0.0287709	0.145655
1056	0.963785	0.0296437	0.14987
1057	0.963208	0.0302095	0.153814
1058	0.961889	0.0312274	0.165691
1059	0.963119	0.0301753	0.157755
1060	0.963145	0.0302361	0.160681
1061	0.962397	0.0307318	0.162615
1062	0.962358	0.0307393	0.162316
1063	0.960541	0.0325034	0.167455
1064	0.961954	0.0312175	0.158872
1065	0.962719	0.030449	0.163567
1066	0.962632	0.030512	0.163763
1067	0.96215	0.0309161	0.163263
1068	0.961969	0.031187	0.165152
1069	0.962746	0.030348	0.158057
1070	0.96199	0.0310817	0.161127
1071	0.962535	0.0307744	0.161756
1072	0.961129	0.0317678	0.168437
1073	0.961678	0.0313282	0.161807
1074	0.963681	0.0297698	0.15
1075	0.963207	0.0301567	0.155363
1076	0.961394	0.0316451	0.159639
1077	0.96219	0.0309541	0.162769
1078	0.961673	0.031172	0.160423
1079	0.961794	0.0313315	0.16061
1080	0.96206	0.0308633	0.156702
1081	0.962289	0.0307532	0.156639
1082	0.961754	0.0312019	0.163245
1083	0.961005	0.0318888	0.160839
1084	0.962205	0.0308555	0.155436
1085	0.962171	0.0308444	0.153881
1086	0.961833	0.0311965	0.153381
1087	0.960849	0.0321363	0.166995
1088	0.962157	0.0309722	0.162302
1089	0.960987	0.0317365	0.167391
1090	0.961592	0.03152	0.165658
1091	0.962838	0.0303569	0.157783
1092	0.962059	0.0310925	0.160237
1093	0.961007	0.0318783	0.163898
1094	0.962228	0.0308395	0.157931
1095	0.961626	0.031291	0.167904
1096	0.95957	0.0330504	0.171522
1097	0.961093	0.031818	0.166707
1098	0.960679	0.0321138	0.156346
1099	0.961072	0.0317095	0.157238
1100	0.959453	0.0331542	0.164408
1101	0.960373	0.0323168	0.160561
1102	0.961591	0.0313052	0.152266
1103	0.960431	0.0323645	0.157804
1104	0.960922	0.0319879	0.160503
1105	0.96226	0.031017	0.158265
1106	0.961779	0.0311497	0.161045
1107	0.961167	0.0316391	0.154946
1108	0.959397	0.0331062	0.168119
1109	0.960226	0.0325095	0.165047
1110	0.960138	0.0326801	0.164248
1111	0.960455	0.032429	0.167916
1112	0.961071	0.0318936	0.16778
1113	0.960206	0.0324192	0.165919
1114	0.960305	0.0324693	0.165549
1115	0.959947	0.0327598	0.1701
1116	0.960281	0.0325555	0.170688
1117	0.959833	0.0329608	0.171828
1118	0.959341	0.0332154	0.173664
1119	0.95903	0.0334325	0.176367
1120	0.95992	0.0326801	0.17103
1121	0.959247	0.033296	0.177211
1122	0.957624	0.0346829	0.178339
1123	0.958003	0.0342402	0.183742
1124	0.95864	0.0338236	0.178895
1125	0.958886	0.0337315	0.170421
1126	0.958616	0.0338958	0.172879
1127	0.959323	0.0331559	0.164432
1128	0.958777	0.0337843	0.170053
1129	0.958873	0.0334363	0.164892
1130	0.95863	0.0337556	0.171033
1131	0.957976	0.0341593	0.17137
1132	0.958828	0.0336746	0.168806
1133	0.96028	0.0323955	0.164853
1134	0.960323	0.0324092	0.165312
1135	0.959497	0.0331935	0.171294
1136	0.958816	0.0336027	0.172137
1137	0.959718	0.0330704	0.174532
1138	0.958633	0.0338923	0.17065
1139	0.959244	0.0330594	0.1729
1140	0.959644	0.033005	0.163251
1141	0.960351	0.0322474	0.167468
1142	0.959251	0.0333412	0.164198
1143	0.960195	0.0323301	0.157854
1144	0.959874	0.032629	0.160897
1145	0.958796	0.0337771	0.170494
1146	0.95866	0.0337655	0.168585
1147	0.959558	0.0329748	0.1688
1148	0.959225	0.0332957	0.167207
1149	0.957902	0.0344637	0.175312
1150	0.958601	0.0336212	0.176206
1151	0.959087	0.0332562	0.16745
1152	0.959537	0.0329394	0.168604
1153	0.957857	0.0345345	0.177152
1154	0.958284	0.0340329	0.176224
1155	0.957187	0.0348383	0.179369
1156	0.958505	0.0337988	0.171324
1157	0.959319	0.0333497	0.166532
1158	0.959043	0.0334964	0.173796
1159	0.958256	0.0339757	0.16862
1160	0.957083	0.0350096	0.169942
1161	0.956548	0.035538	0.171498
1162	0.958692	0.0337667	0.167772
1163	0.957722	0.0345031	0.171638
1164	0.957302	0.0348035	0.175922
1165	0.958039	0.0341569	0.173892
1166	0.957834	0.0346228	0.176708
1167	0.957847	0.0344691	0.171374
1168	0.957074	0.035044	0.177837
1169	0.957873	0.0343404	0.174976
1170	0.959539	0.0330388	0.16744
1171	0.958486	0.0338347	0.171439
1172	0.957406	0.0347129	0.17452
1173	0.956667	0.0355064	0.181768
1174	0.958306	0.0340472	0.181301
1175	0.957773	0.0345352	0.18241
1176	0.956473	0.0356044	0.185909
1177	0.956501	0.0355128	0.182373
1178	0.955706	0.0361417	0.184958
1179	0.957536	0.0345385	0.177942
1180	0.957908	0.0343169	0.182129
1181	0.958006	0.0342822	0.175155
1182	0.956961	0.0352149	0.17878
1183	0.958206	0.0342214	0.174902
1184	0.957191	0.034835	0.175695
1185	0.956817	0.0352399	0.177761
1186	0.957006	0.0350978	0.176568
1187	0.956641	0.0351944	0.178433
1188	0.957695	0.0346042	0.174484
1189	0.956759	0.0351954	0.173968
1190	0.956764	0.0352718	0.178408
1191	0.957664	0.0344272	0.181718
1192	0.956905	0.0352042	0.179367
1193	0.956331	0.035492	0.182037
1194	0.958078	0.0341708	0.175819
1195	0.957401	0.034753	0.181569
1196	0.956214	0.0358258	0.18425
1197	0.956337	0.0355888	0.17711
1198	0.955721	0.0360529	0.181388
1199	0.955947	0.0360005	0.184855
1200	0.956476	0.0355335	0.177835
1201	0.956409	0.0356144	0.179335
1202	0.957038	0.0349899	0.172365
1203	0.956819	0.0351437	0.176825
1204	0.954999	0.0367078	0.188878
1205	0.956182	0.0358384	0.182365
1206	0.957489	0.0346046	0.180791
1207	0.956103	0.035806	0.181935
1208	0.956649	0.0353452	0.181917
1209	0.955797	0.035918	0.184378
1210	0.956834	0.0351672	0.180672
1211	0.95559	0.0362335	0.184267
1212	0.956819	0.0352398	0.18055
1213	0.95834	0.0339025	0.173077
1214	0.956136	0.0359286	0.180421
1215	0.957168	0.0350747	0.172121
1216	0.989307	0.0099768	0.134059
1217	0.998078	0.00188627	0.167262
1218	0.998531	0.00144105	0.118963
1219	0.998826	0.00115052	0.0894398
1220	0.999027	0.000952351	0.0695988
1221	0.999172	0.000809382	0.0567572
1222	0.999281	0.000702281	0.0470013
1223	0.999366	0.000618745	0.0400152
1224	0.999434	0.000552047	0.0344895
1225	0.99949	0.000497477	0.0301807
1226	0.999536	0.000452153	0.0265945
1227	0.999575	0.000413904	0.0236177
1228	0.999608	0.000381112	0.0212186
1229	0.999637	0.000352874	0.0190827
1230	0.999662	0.000328196	0.0173011
1231	0.999685	0.000306478	0.0157733
1232	0.999704	0.000287244	0.0144405
1233	0.999722	0.000270239	0.0131559
1234	0.999738	0.000254976	0.0120425
1235	0.999752	0.000241104	0.0111436
1236	0.999765	0.000228477	0.0103841
1237	0.999776	0.000217037	0.00967034
1238	0.999787	0.000206603	0.009021
1239	0.999797	0.000196996	0.00846128
1240	0.999806	0.000188192	0.0079346
1241	0.999814	0.000180082	0.0074501
1242	0.999822	0.000172513	0.00704554
1243	0.999829	0.000165511	0.00666428
1244	0.999836	0.000159049	0.00628581
1245	0.999842	0.00015298	0.00596452
1246	0.999848	0.000147286	0.00568014
1247	0.999853	0.00014197	0.00540872
1248	0.999858	0.00013701	0.00514566
1249	0.999863	0.000132371	0.00489106
1250	0.999868	0.000127972	0.00467115
1251	0.999872	0.000123836	0.00445978
1252	0.999876	0.000119926	0.00426546
1253	0.99988	0.000116248	0.00407536
1254	0.999883	0.000112742	0.00390818
1255	0.999887	0.000109411	0.00375378
1256	0.99989	0.000106263	0.00360375
1257	0.999893	0.000103275	0.00346034
1258	0.999896	0.000100427	0.00332753
1259	0.999899	9.76913e-05	0.00321064
1260	0.999902	9.50617e-05	0.00310212
1261	0.999904	9.25945e-05	0.00298956
1262	0.999907	9.02214e-05	0.0028905
1263	0.999909	8.79461e-05	0.00279833
1264	0.999911	8.57977e-05	0.00269852
1265	0.999913	8.37171e-05	0.00261393
1266	0.999915	8.17294e-05	0.00253015
1267	0.999917	7.98276e-05	0.00244889
1268	0.999919	7.80061e-05	0.00237002
1269	0.999921	7.62439e-05	0.00229922
1270	0.999923	7.45641e-05	0.00222608
1271	0.999924	7.29523e-05	0.00215506
1272	0.999926	7.1367e-05	0.00209884
1273	0.999928	6.9852e-05	0.00203998
1274	0.999929	6.84262e-05	0.00197403
1275	0.999931	6.70047e-05	0.00192497
1276	0.999932	6.56374e-05	0.00187674
1277	0.999933	6.43432e-05	0.00182164
1278	0.999935	6.30758e-05	0.00177522
1279	0.999936	6.18469e-05	0.00173164
1280	0.999937	6.06636e-05	0.00168676
1281	0.999938	5.95087e-05	0.00164748
1282	0.999939	5.84026e-05	0.0016068
1283	0.999941	5.72703e-05	0.00156658
1284	0.999942	5.62208e-05	0.00153071
1285	0.999943	5.52076e-05	0.00149611
1286	0.999944	5.42371e-05	0.0014593
1287	0.999945	5.31183e-05	0.00142432
1288	0.999946	5.22024e-05	0.00139174
1289	0.999947	5.13288e-05	0.00135713
1290	0.999948	5.04664e-05	0.00132681
1291	0.999948	4.95958e-05	0.00130048
1292	0.999949	4.87893e-05	0.00127067
1293	0.99995	4.79926e-05	0.00124466
1294	0.999951	4.71962e-05	0.00122156
1295	0.999952	4.64506e-05	0.00119509
1296	0.999952	4.57255e-05	0.00116948
1297	0.999953	4.50229e-05	0.00114407
1298	0.999954	4.43203e-05	0.00112446
1299	0.999955	4.36533e-05	0.00110049
1300	0.999955	4.29992e-05	0.00107848
