600	0.567478	0.312373	0.509431
601	0.568791	0.31191	0.511479
602	0.56994	0.310837	0.513155
603	0.569812	0.310672	0.511585
604	0.569778	0.309761	0.511676
605	0.571326	0.309453	0.513526
606	0.571819	0.308983	0.51349
607	0.571705	0.309456	0.512119
608	0.572496	0.30903	0.51327
609	0.573632	0.308272	0.514852
610	0.573705	0.307669	0.515162
611	0.574343	0.306809	0.516853
612	0.574286	0.306889	0.516299
613	0.575135	0.306914	0.516417
614	0.57632	0.306518	0.516529
615	0.575923	0.306058	0.515476
616	0.577041	0.305225	0.516317
617	0.577945	0.304268	0.518203
618	0.578417	0.3043	0.517712
619	0.579327	0.303539	0.517916
620	0.579096	0.303395	0.51726
621	0.579911	0.303122	0.51822
622	0.579673	0.301147	0.519803
623	0.580821	0.30177	0.519816
624	0.581543	0.301294	0.520922
625	0.581638	0.300377	0.52142
626	0.58348	0.301199	0.521663
627	0.583193	0.300717	0.522474
628	0.583737	0.300833	0.522659
629	0.583853	0.300349	0.523192
630	0.584079	0.299896	0.52369
631	0.584733	0.298898	0.52388
632	0.586033	0.29815	0.524436
633	0.586988	0.297486	0.526168
634	0.587875	0.297826	0.525183
635	0.588032	0.296596	0.526255
636	0.588343	0.295877	0.526035
637	0.588762	0.295607	0.525083
638	0.590162	0.295249	0.526695
639	0.590626	0.29406	0.52777
640	0.591224	0.293666	0.52904
641	0.592471	0.293785	0.529521
642	0.592974	0.293389	0.52918
643	0.593827	0.29284	0.530636
644	0.593342	0.291614	0.530442
645	0.594711	0.291965	0.531139
646	0.594976	0.29153	0.531668
647	0.595962	0.29078	0.532439
648	0.596929	0.290769	0.533074
649	0.596603	0.290489	0.531959
650	0.597242	0.289365	0.532606
651	0.597647	0.289683	0.532694
652	0.597137	0.289484	0.530463
653	0.598777	0.289319	0.531194
654	0.599189	0.289003	0.531498
655	0.600767	0.288113	0.533567
656	0.600981	0.287215	0.533007
657	0.601503	0.287223	0.533467
658	0.602291	0.287019	0.533284
659	0.602206	0.28611	0.534032
660	0.603645	0.286013	0.533398
661	0.60409	0.284889	0.534816
662	0.604948	0.284484	0.536754
663	0.606309	0.283507	0.537616
664	0.606304	0.28381	0.535992
665	0.606668	0.28314	0.536129
666	0.606948	0.282845	0.535515
667	0.607991	0.281988	0.536447
668	0.608713	0.281701	0.537115
669	0.60966	0.281405	0.538592
670	0.61023	0.280489	0.538681
671	0.610903	0.27998	0.53899
672	0.610998	0.279828	0.537966
673	0.612144	0.279369	0.538779
674	0.613687	0.279114	0.53921
675	0.613757	0.277726	0.538989
676	0.61516	0.277164	0.541188
677	0.616031	0.276343	0.541343
678	0.61695	0.275277	0.543267
679	0.618596	0.274881	0.54468
680	0.618522	0.27464	0.542955
681	0.618541	0.274321	0.543537
682	0.619087	0.275004	0.542009
683	0.620121	0.273949	0.543638
684	0.620932	0.272916	0.544768
685	0.621645	0.273364	0.543597
686	0.621524	0.272894	0.543811
687	0.622181	0.271725	0.545206
688	0.623317	0.271785	0.545505
689	0.623875	0.270477	0.545308
690	0.624501	0.269619	0.547156
691	0.623927	0.269764	0.545368
692	0.625472	0.269594	0.546093
693	0.627384	0.268715	0.547229
694	0.626757	0.268366	0.544505
695	0.628335	0.267237	0.546353
696	0.629457	0.266089	0.54791
697	0.630807	0.265493	0.549068
698	0.631222	0.264517	0.548788
699	0.632448	0.264887	0.549025
700	0.633169	0.264283	0.549851
701	0.634693	0.262666	0.55319
702	0.634403	0.262914	0.551218
703	0.635095	0.262402	0.551118
704	0.637082	0.261162	0.553198
705	0.636723	0.261094	0.551305
706	0.638577	0.260372	0.553152
707	0.639098	0.260015	0.552936
708	0.639848	0.259659	0.552998
709	0.640817	0.258878	0.553214
710	0.641003	0.258603	0.552373
711	0.641364	0.258272	0.552176
712	0.641876	0.25682	0.552678
713	0.643905	0.25578	0.553709
714	0.645733	0.254964	0.554262
715	0.646814	0.25437	0.555065
716	0.646686	0.253678	0.554067
717	0.649093	0.25258	0.555693
718	0.649387	0.251455	0.554993
719	0.651122	0.251196	0.557094
720	0.651858	0.249781	0.559208
721	0.653016	0.249777	0.556482
722	0.654896	0.248388	0.559127
723	0.654748	0.248021	0.559295
724	0.656958	0.247125	0.560943
725	0.656559	0.246698	0.558098
726	0.658355	0.245824	0.560185
727	0.658645	0.2446	0.563086
728	0.659904	0.244516	0.562677
729	0.660566	0.24404	0.562589
730	0.660645	0.244055	0.561826
731	0.661757	0.243446	0.559774
732	0.663936	0.242151	0.562023
733	0.664893	0.241102	0.563717
734	0.665824	0.240515	0.561288
735	0.66667	0.240427	0.561671
736	0.667569	0.239362	0.563179
737	0.668341	0.238283	0.562934
738	0.669498	0.237159	0.56403
739	0.669359	0.237473	0.561101
740	0.670971	0.236464	0.562479
741	0.67257	0.234859	0.564879
742	0.675095	0.234035	0.566808
743	0.676106	0.233856	0.566696
744	0.676364	0.232417	0.565845
745	0.676758	0.23256	0.564015
746	0.67787	0.231563	0.564061
747	0.680063	0.230178	0.564878
748	0.681877	0.228527	0.567348
749	0.682834	0.227989	0.568103
750	0.683049	0.228008	0.565982
751	0.685642	0.226469	0.567899
752	0.685338	0.225794	0.565732
753	0.68751	0.224466	0.56871
754	0.687087	0.224637	0.56459
755	0.688629	0.223957	0.569033
756	0.690167	0.222971	0.569409
757	0.691715	0.222097	0.570164
758	0.691532	0.221705	0.56968
759	0.693126	0.22059	0.571619
760	0.695256	0.219411	0.572637
761	0.696491	0.219404	0.572075
762	0.697561	0.218529	0.573949
763	0.697722	0.217906	0.571608
764	0.698891	0.217499	0.572435
765	0.699877	0.216066	0.575848
766	0.700872	0.216473	0.572516
767	0.701058	0.215419	0.572472
768	0.70193	0.215171	0.572087
769	0.704242	0.214324	0.572112
770	0.704655	0.213318	0.568941
771	0.705478	0.211799	0.571978
772	0.705914	0.21164	0.569476
773	0.707745	0.211017	0.573771
774	0.709206	0.209737	0.574884
775	0.709586	0.209831	0.570991
776	0.710701	0.20816	0.573407
777	0.712449	0.207398	0.571865
778	0.713132	0.207067	0.571358
779	0.715608	0.205419	0.571942
780	0.716554	0.205026	0.569962
781	0.717762	0.203134	0.571684
782	0.719002	0.203121	0.569956
783	0.720834	0.20184	0.573768
784	0.721563	0.200451	0.574514
785	0.722824	0.199865	0.576953
786	0.723327	0.199383	0.5743
787	0.725159	0.198406	0.574536
788	0.725409	0.198503	0.571381
789	0.726524	0.197793	0.570432
790	0.727844	0.196006	0.572361
791	0.730745	0.195116	0.574242
792	0.730634	0.19474	0.571958
793	0.73318	0.192371	0.577874
794	0.731253	0.194129	0.56926
795	0.732648	0.193632	0.573308
796	0.734307	0.19211	0.573896
797	0.735511	0.191464	0.573311
798	0.736496	0.190762	0.571745
799	0.738122	0.189354	0.574524
800	0.740366	0.188352	0.572366
801	0.742898	0.18646	0.577073
802	0.743006	0.185744	0.5728
803	0.745223	0.183634	0.574501
804	0.745014	0.184163	0.570086
805	0.746786	0.183713	0.570952
806	0.74889	0.181897	0.573174
807	0.749723	0.180692	0.571037
808	0.751246	0.179767	0.569697
809	0.753395	0.178701	0.568216
810	0.75544	0.17685	0.569386
811	0.756353	0.176049	0.566949
812	0.75812	0.174758	0.569852
813	0.758184	0.174192	0.569423
814	0.759411	0.174003	0.565479
815	0.760731	0.172421	0.565493
816	0.763131	0.171325	0.568123
817	0.764809	0.170459	0.568916
818	0.764661	0.170261	0.565281
819	0.765747	0.168829	0.566723
820	0.768062	0.167705	0.569496
821	0.768428	0.167695	0.562057
822	0.770573	0.166099	0.56247
823	0.772427	0.164205	0.567766
824	0.772275	0.164947	0.55963
825	0.774556	0.163307	0.562698
826	0.775096	0.162896	0.557569
827	0.77689	0.161511	0.561357
828	0.7779	0.161025	0.55906
829	0.779293	0.159862	0.556838
830	0.781009	0.158269	0.556592
831	0.783682	0.156962	0.558708
832	0.78291	0.157374	0.550897
833	0.784345	0.155244	0.557742
834	0.786435	0.155266	0.550537
835	0.78806	0.153582	0.552082
836	0.789775	0.152848	0.552868
837	0.791024	0.151495	0.553866
838	0.791284	0.151562	0.54813
839	0.792949	0.150072	0.546495
840	0.793403	0.148968	0.541821
841	0.795703	0.148484	0.54202
842	0.797149	0.147066	0.540339
843	0.800553	0.144824	0.540285
844	0.800903	0.144266	0.536874
845	0.800896	0.143989	0.531489
846	0.804178	0.141518	0.53543
847	0.805983	0.140694	0.531017
848	0.80725	0.140374	0.528583
849	0.809165	0.138343	0.531086
850	0.811816	0.137067	0.527032
851	0.812476	0.136165	0.522916
852	0.815142	0.13489	0.525919
853	0.815638	0.133877	0.522683
854	0.817081	0.132263	0.523191
855	0.818766	0.131611	0.516053
856	0.821188	0.129331	0.519134
857	0.823156	0.127927	0.519222
858	0.823638	0.12764	0.509567
859	0.824906	0.126382	0.50957
860	0.826513	0.125375	0.50621
861	0.827849	0.124364	0.504603
862	0.829865	0.123425	0.498449
863	0.831215	0.121532	0.499472
864	0.832701	0.120987	0.493065
865	0.83418	0.120109	0.490006
866	0.835575	0.119173	0.488797
867	0.83897	0.116548	0.493724
868	0.839561	0.115696	0.484485
869	0.840929	0.114969	0.482419
870	0.842599	0.113845	0.478503
871	0.84468	0.112294	0.476274
872	0.847326	0.110068	0.474676
873	0.84769	0.110173	0.471635
874	0.84968	0.108092	0.466116
875	0.852646	0.106312	0.463564
876	0.853553	0.105709	0.45714
877	0.855586	0.10394	0.452475
878	0.859062	0.101369	0.44851
879	0.859427	0.100768	0.445619
880	0.862029	0.0991547	0.445867
881	0.863424	0.0984861	0.435297
882	0.862625	0.0992768	0.428877
883	0.865378	0.0968601	0.431945
884	0.864936	0.0973765	0.426641
885	0.869019	0.0942504	0.423236
886	0.871473	0.0925992	0.421104
887	0.87384	0.0901489	0.412211
888	0.874469	0.0898791	0.404564
889	0.877287	0.0876892	0.406216
890	0.878714	0.087311	0.394702
891	0.879721	0.0868472	0.389009
892	0.882675	0.0840279	0.385204
893	0.883314	0.0838376	0.380623
894	0.883909	0.0832233	0.378765
895	0.887216	0.0808871	0.372372
896	0.888095	0.0804184	0.365036
897	0.890849	0.078163	0.359195
898	0.892395	0.0771878	0.355555
899	0.894004	0.0762019	0.343995
900	0.894237	0.0757998	0.337376
901	0.898594	0.0726246	0.336362
902	0.899654	0.0719159	0.327853
903	0.902708	0.0695185	0.32478
904	0.904388	0.0681685	0.314991
905	0.905522	0.0673361	0.306799
906	0.907535	0.0657444	0.296931
907	0.909268	0.0644291	0.283285
908	0.910043	0.0640886	0.279612
909	0.912716	0.0623781	0.266585
910	0.915217	0.0599831	0.253862
911	0.917844	0.0580775	0.243096
912	0.918369	0.057533	0.233569
913	0.920928	0.0558427	0.219187
914	0.92509	0.0528834	0.202097
915	0.925738	0.0522517	0.19403
916	0.927619	0.0509064	0.185618
917	0.928792	0.0499981	0.183452
918	0.930678	0.048599	0.176337
919	0.930517	0.0487897	0.181808
920	0.93235	0.0476265	0.175662
921	0.932995	0.0474171	0.171511
922	0.93199	0.0480421	0.180538
923	0.933811	0.0469245	0.172802
924	0.935838	0.0455121	0.168692
925	0.934711	0.0460342	0.174379
926	0.936303	0.0449701	0.170793
927	0.937789	0.0441212	0.171155
928	0.938726	0.0437324	0.162242
929	0.936741	0.0448973	0.170077
930	0.93624	0.0452882	0.174632
931	0.937988	0.0443912	0.17456
932	0.941172	0.0420563	0.157933
933	0.938637	0.0442837	0.16737
934	0.939365	0.0436042	0.158996
935	0.939302	0.0434846	0.166924
936	0.939194	0.0435277	0.158884
937	0.938304	0.0442295	0.162638
938	0.941358	0.0425138	0.158288
939	0.941145	0.042802	0.165627
940	0.940914	0.0427426	0.165058
941	0.940667	0.0430967	0.174137
942	0.938886	0.0442427	0.181088
943	0.939861	0.0435875	0.180749
944	0.940104	0.0436808	0.175803
945	0.939501	0.0441314	0.181548
946	0.939632	0.043844	0.185135
947	0.939443	0.0443368	0.177093
948	0.939388	0.0443245	0.177223
949	0.939163	0.04417	0.173678
950	0.943026	0.0418494	0.164021
951	0.946089	0.0397024	0.164513
952	0.945372	0.0402856	0.167004
953	0.945628	0.0402424	0.163439
954	0.944959	0.0406753	0.163873
955	0.945674	0.0400845	0.156192
956	0.944696	0.040929	0.157907
957	0.944434	0.0410175	0.155737
958	0.945248	0.0402595	0.157375
959	0.945483	0.0400623	0.158549
960	0.944589	0.0405562	0.161068
960	0.944589	0.0405562	0.161068
961	0.944424	0.0410857	0.165165
962	0.945479	0.0402442	0.159577
963	0.942417	0.042596	0.168483
964	0.944992	0.04074	0.17008
965	0.942784	0.0424449	0.174822
966	0.943221	0.0416946	0.166691
967	0.943086	0.0417599	0.169136
968	0.944265	0.0408892	0.16566
969	0.944161	0.0408881	0.171678
970	0.944199	0.040961	0.166833
971	0.942265	0.0427144	0.177008
972	0.94175	0.0429977	0.182051
973	0.949715	0.0382602	0.173996
974	0.950791	0.0374477	0.167475
975	0.950908	0.0375411	0.165004
976	0.950137	0.0382892	0.163008
977	0.951111	0.0371496	0.162914
978	0.951119	0.0375434	0.160506
979	0.950434	0.0376126	0.158818
980	0.950183	0.0380549	0.163159
981	0.950257	0.0379589	0.163626
982	0.949855	0.0383604	0.170831
983	0.951569	0.0367377	0.164294
984	0.949748	0.0382751	0.170416
985	0.949737	0.0385614	0.168193
986	0.94853	0.0393734	0.174225
987	0.948212	0.0397375	0.17583
988	0.949448	0.038619	0.177588
989	0.95114	0.0370389	0.160183
990	0.949062	0.038976	0.172673
991	0.949894	0.0383099	0.160934
992	0.949055	0.0388136	0.16993
993	0.948864	0.0389474	0.165692
994	0.948817	0.0388341	0.167873
995	0.950125	0.0378034	0.16529
996	0.948513	0.0391892	0.168317
997	0.950136	0.0380309	0.171915
998	0.94969	0.0382525	0.164508
999	0.950325	0.0374634	0.157647
1000	0.949403	0.0382807	0.154796
1001	0.948814	0.0389338	0.165459
1002	0.949323	0.0384589	0.165341
1003	0.94819	0.0395652	0.168757
1004	0.949273	0.0384833	0.165935
1005	0.948784	0.0389646	0.168932
1006	0.949726	0.0381157	0.167576
1007	0.950421	0.0375296	0.153198
1008	0.949551	0.0380831	0.159649
1009	0.949896	0.0379445	0.159547
1010	0.949956	0.0375783	0.156073
1011	0.948843	0.0388736	0.16196
1012	0.94728	0.0400858	0.170257
1013	0.947799	0.0396186	0.165288
1014	0.948281	0.0391003	0.169373
1015	0.947787	0.0395239	0.168383
1016	0.946792	0.0403681	0.175732
1017	0.945754	0.0414242	0.174655
1018	0.946712	0.0405311	0.168379
1019	0.94779	0.0392847	0.168181
1020	0.948255	0.0389094	0.16902
1021	0.946574	0.0402403	0.17651
1022	0.94769	0.0394973	0.170169
1023	0.946847	0.0400782	0.170331
1024	0.946512	0.040379	0.177396
1025	0.945744	0.0412943	0.176623
1026	0.957448	0.0337596	0.162197
1027	0.963098	0.0300316	0.148588
1028	0.963718	0.029611	0.150858
1029	0.961602	0.0313426	0.155203
1030	0.96177	0.031124	0.161253
1031	0.961897	0.0308232	0.156373
1032	0.961766	0.0311747	0.157729
1033	0.962031	0.0307294	0.152805
1034	0.962215	0.03063	0.153585
1035	0.961576	0.0311381	0.160239
1036	0.96117	0.0315938	0.155473
1037	0.961965	0.0308127	0.152453
1038	0.962021	0.0308234	0.152094
1039	0.961652	0.031178	0.152031
1040	0.960932	0.0318543	0.163802
1041	0.962	0.0308126	0.159175
1042	0.960481	0.0320399	0.165467
1043	0.962681	0.0303094	0.156886
1044	0.962591	0.0305035	0.15653
1045	0.961645	0.0312852	0.159149
1046	0.961377	0.0312144	0.160909
1047	0.961926	0.0309151	0.16099
1048	0.959854	0.0327252	0.166503
1049	0.960858	0.0318211	0.163537
1050	0.960874	0.0318457	0.156082
1051	0.960811	0.0317337	0.151576
1052	0.959614	0.0328264	0.15935
1053	0.960021	0.0324725	0.157389
1054	0.96177	0.0309371	0.149569
1055	0.9604	0.0322029	0.154645
1056	0.960977	0.0317892	0.156723
1057	0.962342	0.0307804	0.154598
1058	0.961544	0.0312117	0.157408
1059	0.9607	0.031908	0.154181
1060	0.95965	0.0327087	0.166819
1061	0.960259	0.0323105	0.159603
1062	0.959864	0.0326913	0.165719
1063	0.961028	0.0317327	0.161463
1064	0.960866	0.0317635	0.165606
1065	0.96025	0.0322851	0.16425
1066	0.959736	0.0328639	0.161427
1067	0.960388	0.0321881	0.165804
1068	0.9601	0.0324772	0.167162
1069	0.959785	0.0327708	0.172516
1070	0.959334	0.0330512	0.170586
1071	0.959539	0.032793	0.171351
1072	0.959523	0.0328922	0.173624
1073	0.957798	0.034319	0.174806
1074	0.958078	0.034075	0.177978
1075	0.95861	0.0337142	0.17563
1076	0.958734	0.0336557	0.168903
1077	0.958724	0.0335793	0.169626
1078	0.959259	0.0330382	0.161422
1079	0.958747	0.0335942	0.167071
1080	0.958966	0.0331478	0.162292
1081	0.958206	0.0339626	0.167621
1082	0.958318	0.033801	0.167257
1083	0.958903	0.0335758	0.164808
1084	0.961054	0.0315962	0.157241
1085	0.959816	0.0327025	0.167036
1086	0.958776	0.0336613	0.169775
1087	0.959216	0.0331203	0.168584
1088	0.959368	0.0330297	0.168589
1089	0.958646	0.0335832	0.171942
1090	0.959393	0.0329047	0.162887
1091	0.959858	0.0325326	0.161119
1092	0.960283	0.0322476	0.160167
1093	0.95953	0.0328308	0.156325
1094	0.96004	0.0322706	0.157314
1095	0.959171	0.0331879	0.164957
1096	0.958401	0.03376	0.165635
1097	0.959292	0.0329664	0.165007
1098	0.959406	0.0330366	0.163556
1099	0.957849	0.0343066	0.171894
1100	0.958465	0.0335647	0.172693
1101	0.959151	0.0330047	0.163446
1102	0.95925	0.0329674	0.16746
1103	0.95779	0.0343779	0.172801
1104	0.957743	0.0343262	0.174447
1105	0.957333	0.0345154	0.171439
1106	0.958352	0.0337453	0.168849
1107	0.959132	0.0333995	0.162399
1108	0.959454	0.0329528	0.167139
1109	0.95683	0.0350229	0.169314
1110	0.956993	0.0348002	0.167589
1111	0.957899	0.0342014	0.163641
1112	0.958279	0.0338296	0.16688
1113	0.9569	0.0348789	0.174003
1114	0.957201	0.034709	0.169691
1115	0.95848	0.0337201	0.173617
1116	0.957659	0.0344099	0.168945
1117	0.956942	0.0349136	0.174575
1118	0.957787	0.0342076	0.172297
1119	0.959259	0.03305	0.166358
1120	0.958438	0.0336859	0.166666
1121	0.95742	0.0345016	0.170239
1122	0.95658	0.0353592	0.178195
1123	0.958358	0.0338118	0.178053
1124	0.957237	0.0347862	0.180921
1125	0.956335	0.0354707	0.181975
1126	0.956616	0.0351297	0.176058
1127	0.955737	0.035851	0.181556
1128	0.957441	0.0345052	0.177939
1129	0.958578	0.0336468	0.173298
1130	0.957108	0.0347926	0.174212
1131	0.957523	0.0344383	0.174223
1132	0.957783	0.0343072	0.169549
1133	0.956545	0.0352724	0.172032
1134	0.957326	0.0346182	0.174594
1135	0.956387	0.0352239	0.177061
1136	0.95723	0.0345664	0.172133
1137	0.956583	0.0352308	0.170625
1138	0.956945	0.0348216	0.171373
1139	0.957057	0.0347937	0.178405
1140	0.956966	0.0349017	0.171924
1141	0.956222	0.0353168	0.179127
1142	0.957656	0.034283	0.171707
1143	0.957213	0.0346701	0.177224
1144	0.956035	0.0357262	0.181096
1145	0.956042	0.0355879	0.173971
1146	0.955498	0.0360132	0.177755
1147	0.955686	0.0359385	0.181896
1148	0.956363	0.0353556	0.174532
1149	0.955899	0.0357611	0.175428
1150	0.957195	0.0344616	0.171869
1151	0.955788	0.0357492	0.176901
1152	0.954456	0.0368935	0.185477
1153	0.956331	0.0353926	0.175524
1154	0.956092	0.0354514	0.179
1155	0.955688	0.0359529	0.177479
1156	0.955311	0.0361118	0.180285
1157	0.95497	0.0363675	0.179835
1158	0.955373	0.0361137	0.182974
1159	0.954781	0.0366628	0.182048
1160	0.956987	0.0348269	0.173617
1161	0.954732	0.0368071	0.184424
1162	0.954765	0.0367524	0.180699
1163	0.956055	0.0356967	0.17945
1164	0.955807	0.0356501	0.181215
1165	0.957138	0.034607	0.170985
1166	0.95575	0.0357659	0.173427
1167	0.953853	0.0374454	0.180351
1168	0.954422	0.0370461	0.178373
1169	0.954503	0.0369708	0.183324
1170	0.955561	0.0359463	0.173722
1171	0.955427	0.0361434	0.176895
1172	0.954601	0.0365436	0.173379
1173	0.953678	0.0375393	0.184637
1174	0.953573	0.0376301	0.180618
1175	0.95278	0.0380181	0.17986
1176	0.953689	0.0372794	0.183425
1177	0.953348	0.0377375	0.179202
1178	0.953236	0.0375462	0.184081
1179	0.953797	0.0373593	0.176606
1180	0.95326	0.0377219	0.183941
1181	0.951931	0.038854	0.19123
1182	0.954238	0.036893	0.181765
1183	0.953588	0.0374014	0.171901
1184	0.953047	0.037724	0.17271
1185	0.952966	0.0379071	0.173575
1186	0.953108	0.0377134	0.180099
1187	0.95329	0.0377669	0.183974
1188	0.952512	0.0381688	0.176326
1189	0.951569	0.0391944	0.179512
1190	0.952708	0.0381662	0.172886
1191	0.952882	0.0378407	0.173136
1192	0.95308	0.0377264	0.177224
1193	0.952912	0.0377438	0.174223
1194	0.951218	0.0391311	0.185236
1195	0.95245	0.0382134	0.176789
1196	0.950728	0.0394335	0.18507
1197	0.951212	0.0390052	0.178404
1198	0.951256	0.0391084	0.1806
1199	0.951065	0.0392257	0.1846
1200	0.949795	0.0404226	0.182485
1201	0.950833	0.0394346	0.180581
1202	0.950209	0.0400177	0.178324
1203	0.950911	0.0391055	0.184774
1204	0.950249	0.0397627	0.187644
1205	0.950324	0.0397248	0.191836
1206	0.949155	0.0407781	0.192389
1207	0.948356	0.0412568	0.195635
1208	0.950264	0.0398449	0.18201
1209	0.949843	0.0400671	0.185336
1210	0.950055	0.0400182	0.186938
1211	0.949388	0.0402904	0.189323
1212	0.950398	0.0393689	0.183336
1213	0.94888	0.0405967	0.186828
1214	0.949358	0.0402918	0.190958
1215	0.949642	0.0401983	0.181204
1216	0.987662	0.0114282	0.132204
1217	0.9979	0.00206101	0.164675
1218	0.998353	0.00161435	0.128393
1219	0.998665	0.0013069	0.0980302
1220	0.998894	0.00108238	0.0760719
1221	0.999063	0.000915602	0.0611884
1222	0.999191	0.000789104	0.0502516
1223	0.999291	0.000691112	0.0415009
1224	0.999371	0.000612822	0.0351305
1225	0.999436	0.000549373	0.030001
1226	0.999489	0.000496679	0.0261809
1227	0.999534	0.000452731	0.0228244
1228	0.999572	0.00041535	0.02016
1229	0.999605	0.000383261	0.0179379
1230	0.999634	0.000355348	0.0161342
1231	0.999659	0.000330858	0.0145453
1232	0.999681	0.000309306	0.0132578
1233	0.9997	0.000290219	0.0121194
1234	0.999718	0.000273225	0.0110981
1235	0.999734	0.000257931	0.0102183
1236	0.999748	0.000244184	0.00941923
1237	0.999761	0.000231798	0.00867187
1238	0.999772	0.000220442	0.00803901
1239	0.999783	0.000209975	0.00752783
1240	0.999793	0.000200392	0.0070561
1241	0.999802	0.000191638	0.00660069
1242	0.99981	0.000183558	0.00618848
1243	0.999818	0.000176033	0.00583422
1244	0.999825	0.000169057	0.00550675
1245	0.999832	0.000162556	0.00521034
1246	0.999838	0.000156465	0.00495133
1247	0.999844	0.000150881	0.00466853
1248	0.999849	0.000145569	0.00444089
1249	0.999854	0.000140605	0.00422188
1250	0.999859	0.00013594	0.00401903
1251	0.999864	0.000131505	0.00384536
1252	0.999868	0.000127347	0.00367406
1253	0.999872	0.000123422	0.00351429
1254	0.999876	0.000119709	0.00336502
1255	0.99988	0.000116191	0.00322532
1256	0.999883	0.000112843	0.00309819
1257	0.999886	0.000109642	0.00298418
1258	0.999889	0.00010663	0.00286805
1259	0.999892	0.000103745	0.00276375
1260	0.999895	0.000101013	0.00266053
1261	0.999898	9.83904e-05	0.00256768
1262	0.999901	9.58743e-05	0.0024828
1263	0.999903	9.34705e-05	0.00240233
1264	0.999905	9.11947e-05	0.00231915
1265	0.999908	8.89971e-05	0.00224553
1266	0.99991	8.68598e-05	0.00217558
1267	0.999912	8.48376e-05	0.00211025
1268	0.999914	8.28985e-05	0.00204681
1269	0.999916	8.1046e-05	0.00198404
1270	0.999918	7.92455e-05	0.00192537
1271	0.999919	7.75276e-05	0.00186933
1272	0.999921	7.58609e-05	0.00181891
1273	0.999923	7.42577e-05	0.00177066
1274	0.999924	7.26801e-05	0.00171953
1275	0.999926	7.11856e-05	0.00167634
1276	0.999927	6.97661e-05	0.00162938
1277	0.999929	6.83955e-05	0.00158531
1278	0.99993	6.70647e-05	0.00154392
1279	0.999932	6.57476e-05	0.00150578
1280	0.999933	6.45068e-05	0.00146672
1281	0.999934	6.33182e-05	0.00142687
1282	0.999935	6.21524e-05	0.00139245
1283	0.999937	6.10114e-05	0.0013615
1284	0.999938	5.99101e-05	0.00133094
1285	0.999939	5.88389e-05	0.00130219
1286	0.99994	5.7805e-05	0.00127307
1287	0.999941	5.68121e-05	0.00124364
1288	0.999942	5.58475e-05	0.00121523
1289	0.999943	5.49048e-05	0.00118844
1290	0.999944	5.39832e-05	0.00116444
1291	0.999945	5.31007e-05	0.00113819
1292	0.999946	5.22479e-05	0.00111223
1293	0.999946	5.14136e-05	0.00108773
1294	0.999947	5.06043e-05	0.0010629
1295	0.999948	4.98009e-05	0.00104062
1296	0.999949	4.90099e-05	0.00102325
1297	0.99995	4.82647e-05	0.00100116
1298	0.999951	4.75394e-05	0.000980299
1299	0.999951	4.68115e-05	0.000962066
1300	0.999952	4.6103e-05	0.000945838
