600	0.544245	0.328147	0.493679
601	0.543746	0.327842	0.49306
602	0.544318	0.327973	0.493348
603	0.543912	0.327447	0.492883
604	0.544702	0.326729	0.49454
605	0.545402	0.325816	0.494891
606	0.547039	0.325253	0.496216
607	0.547582	0.323976	0.4981
608	0.548022	0.324572	0.496261
609	0.548379	0.323069	0.497933
610	0.548329	0.322692	0.497112
611	0.549533	0.322791	0.497254
612	0.550265	0.320906	0.499559
613	0.550613	0.321267	0.499559
614	0.551694	0.320441	0.500948
615	0.552378	0.320694	0.501151
616	0.552827	0.320015	0.501773
617	0.552967	0.319395	0.501454
618	0.553969	0.319232	0.502631
619	0.554012	0.319585	0.501514
620	0.555018	0.318309	0.503376
621	0.555834	0.318417	0.503729
622	0.555223	0.317617	0.503392
623	0.556134	0.316817	0.504337
624	0.555947	0.316948	0.503886
625	0.555955	0.316872	0.502832
626	0.557354	0.316304	0.504028
627	0.558216	0.316386	0.50445
628	0.559189	0.315488	0.505656
629	0.559596	0.315029	0.506227
630	0.559458	0.314926	0.504601
631	0.560368	0.314472	0.505924
632	0.561181	0.313555	0.506811
633	0.56159	0.313018	0.50681
634	0.562277	0.312645	0.507875
635	0.562911	0.311969	0.508404
636	0.564253	0.311632	0.50915
637	0.564184	0.311323	0.507997
638	0.564258	0.311092	0.507847
639	0.565193	0.310125	0.508589
640	0.566323	0.309506	0.510377
641	0.566993	0.3094	0.51058
642	0.567367	0.309042	0.510268
643	0.56807	0.308747	0.509686
644	0.567975	0.308038	0.510121
645	0.568981	0.308094	0.509689
646	0.570345	0.307123	0.511854
647	0.570971	0.306345	0.512255
648	0.57183	0.305745	0.51321
649	0.573054	0.304479	0.514455
650	0.573449	0.303986	0.514709
651	0.575056	0.303295	0.516531
652	0.574823	0.302907	0.516631
653	0.574466	0.303979	0.514359
654	0.57579	0.303834	0.514733
655	0.576699	0.301936	0.517176
656	0.576704	0.302727	0.515415
657	0.577109	0.301738	0.516745
658	0.577324	0.301273	0.516557
659	0.578946	0.301034	0.517491
660	0.579029	0.300266	0.517913
661	0.579689	0.29936	0.51871
662	0.579331	0.299866	0.516483
663	0.58055	0.299671	0.517964
664	0.582057	0.298466	0.519999
665	0.581406	0.298268	0.517775
666	0.583079	0.297357	0.519727
667	0.583673	0.296644	0.519508
668	0.585021	0.296114	0.520215
669	0.585355	0.29563	0.519464
670	0.586553	0.295972	0.520678
671	0.587371	0.294776	0.522386
672	0.588238	0.293873	0.523955
673	0.588087	0.293226	0.52407
674	0.588802	0.292883	0.523188
675	0.590225	0.292621	0.524068
676	0.590826	0.292248	0.52409
677	0.591564	0.292332	0.52407
678	0.591774	0.29134	0.52376
679	0.592649	0.291365	0.523798
680	0.594034	0.290251	0.525218
681	0.593477	0.290316	0.523096
682	0.594408	0.288932	0.524608
683	0.595506	0.28846	0.524367
684	0.597097	0.286786	0.526914
685	0.598501	0.286407	0.528018
686	0.598277	0.286167	0.526305
687	0.600354	0.284934	0.528707
688	0.600496	0.283727	0.528257
689	0.602237	0.284117	0.528822
690	0.602882	0.282687	0.530205
691	0.604103	0.282326	0.530199
692	0.605686	0.280908	0.532896
693	0.605553	0.28077	0.532393
694	0.607295	0.280258	0.53361
695	0.607274	0.278922	0.532646
696	0.608837	0.279156	0.532704
697	0.609441	0.278356	0.53424
698	0.610909	0.277872	0.535067
699	0.610536	0.278132	0.533405
700	0.610938	0.277824	0.532975
701	0.612518	0.276333	0.533324
702	0.614351	0.275782	0.535689
703	0.615499	0.275225	0.536046
704	0.615827	0.273911	0.536198
705	0.61704	0.27418	0.535573
706	0.617006	0.27319	0.535455
707	0.618513	0.272206	0.537756
708	0.618163	0.271474	0.535751
709	0.619949	0.27033	0.539141
710	0.62109	0.269528	0.538884
711	0.623208	0.269621	0.539098
712	0.624513	0.268865	0.540372
713	0.624425	0.26742	0.540067
714	0.624969	0.267048	0.54039
715	0.62609	0.266279	0.540242
716	0.628034	0.26464	0.541991
717	0.630218	0.263576	0.543661
718	0.630385	0.263523	0.542716
719	0.630966	0.263143	0.541763
720	0.633099	0.260998	0.545453
721	0.633304	0.260479	0.544133
722	0.633888	0.260206	0.54463
723	0.634774	0.260231	0.544195
724	0.636132	0.259028	0.548413
725	0.63733	0.258432	0.548392
726	0.638527	0.257966	0.547304
727	0.63813	0.257496	0.546791
728	0.640202	0.25636	0.548831
729	0.641824	0.256045	0.550347
730	0.642973	0.255503	0.550641
731	0.643495	0.254611	0.550585
732	0.643854	0.255493	0.548743
733	0.644936	0.253775	0.551857
734	0.645997	0.253837	0.550667
735	0.646278	0.252388	0.552672
736	0.646821	0.252222	0.551421
737	0.649074	0.251682	0.552148
738	0.648825	0.250688	0.549626
739	0.649613	0.249229	0.551157
740	0.65034	0.249521	0.550709
741	0.651272	0.249311	0.551923
742	0.653721	0.247712	0.555415
743	0.653305	0.248235	0.552356
744	0.655096	0.246827	0.553626
745	0.655632	0.245436	0.554485
746	0.657526	0.245244	0.552634
747	0.659043	0.244162	0.553439
748	0.659963	0.243078	0.55386
749	0.661414	0.241525	0.55645
750	0.66228	0.241871	0.555316
751	0.663181	0.240479	0.555388
752	0.665034	0.239442	0.559139
753	0.665192	0.239354	0.557012
754	0.666793	0.2384	0.558116
755	0.667199	0.2386	0.555957
756	0.668071	0.237931	0.555483
757	0.669182	0.236082	0.55707
758	0.672078	0.235318	0.56142
759	0.671701	0.234962	0.557924
760	0.673795	0.232917	0.563691
761	0.672439	0.233749	0.559509
762	0.673354	0.234476	0.55778
763	0.675088	0.232587	0.560933
764	0.6759	0.232101	0.559952
765	0.677172	0.231273	0.560169
766	0.678349	0.229727	0.563733
767	0.681587	0.229279	0.562639
768	0.682336	0.228282	0.562369
769	0.683405	0.226965	0.561918
770	0.684573	0.226056	0.562636
771	0.684155	0.225609	0.560881
772	0.68674	0.224745	0.562122
773	0.687667	0.224001	0.561382
774	0.689641	0.222087	0.563254
775	0.690843	0.221444	0.56401
776	0.692627	0.22032	0.562981
777	0.693764	0.219121	0.562498
778	0.695397	0.218756	0.561511
779	0.695219	0.217805	0.563441
780	0.696397	0.217821	0.561272
781	0.697967	0.216102	0.563449
782	0.699605	0.215499	0.565302
783	0.701352	0.21413	0.569849
784	0.701062	0.213734	0.566062
785	0.702129	0.213206	0.566068
786	0.704353	0.212483	0.567445
787	0.704865	0.211346	0.564604
788	0.706669	0.210426	0.566214
789	0.708118	0.209131	0.568588
790	0.707441	0.209732	0.563566
791	0.709122	0.208276	0.566743
792	0.711269	0.207143	0.567443
793	0.712399	0.206999	0.566989
794	0.712511	0.20616	0.565147
795	0.714536	0.204533	0.567373
796	0.717132	0.203708	0.566593
797	0.716497	0.203032	0.566703
798	0.717919	0.201995	0.56618
799	0.719173	0.201458	0.565628
800	0.720821	0.200128	0.566021
801	0.722342	0.19941	0.568005
802	0.723859	0.198552	0.568068
803	0.723814	0.197946	0.566038
804	0.725316	0.197067	0.564795
805	0.725411	0.196143	0.559811
806	0.72752	0.195636	0.563138
807	0.729447	0.194163	0.563981
808	0.731984	0.192594	0.565596
809	0.731796	0.192104	0.562312
810	0.733109	0.190787	0.563492
811	0.734962	0.189852	0.563383
812	0.737893	0.18823	0.566743
813	0.738371	0.188332	0.559786
814	0.740193	0.186454	0.564962
815	0.741782	0.185199	0.564031
816	0.743055	0.184968	0.561107
817	0.74436	0.183778	0.561546
818	0.745678	0.182554	0.561669
819	0.747343	0.181154	0.561366
820	0.748668	0.179577	0.562597
821	0.750992	0.178865	0.563082
822	0.752502	0.177042	0.56291
823	0.752956	0.176199	0.561437
824	0.754284	0.175882	0.557257
825	0.756033	0.174681	0.555568
826	0.757125	0.173605	0.555854
827	0.758358	0.172112	0.55712
828	0.760028	0.171463	0.55495
829	0.761625	0.17022	0.556765
830	0.762768	0.170026	0.553318
831	0.765856	0.167694	0.557247
832	0.766268	0.166696	0.554967
833	0.767595	0.166513	0.552111
834	0.769685	0.164654	0.552584
835	0.771161	0.163861	0.549173
836	0.772302	0.163111	0.5471
837	0.773818	0.162181	0.547333
838	0.776651	0.159371	0.549418
839	0.778059	0.158266	0.551647
840	0.778222	0.158358	0.543038
841	0.782141	0.156264	0.543004
842	0.782952	0.155349	0.53713
843	0.785096	0.154093	0.539965
844	0.786698	0.152385	0.540186
845	0.786088	0.152909	0.5354
846	0.787916	0.151753	0.537447
847	0.788294	0.151382	0.533959
848	0.790634	0.149382	0.532119
849	0.793603	0.147871	0.534169
850	0.79584	0.145272	0.533166
851	0.796325	0.144764	0.530523
852	0.799198	0.143337	0.530695
853	0.799668	0.142969	0.525723
854	0.801059	0.142555	0.52039
855	0.803542	0.140443	0.521746
856	0.803678	0.140824	0.515615
857	0.805307	0.138323	0.520035
858	0.807952	0.137266	0.519967
859	0.808708	0.136665	0.511799
860	0.811046	0.135391	0.512063
861	0.813473	0.133595	0.51487
862	0.813327	0.133403	0.504917
863	0.81612	0.131426	0.506366
864	0.817066	0.130563	0.504834
865	0.82049	0.12836	0.506024
866	0.821636	0.127439	0.504467
867	0.823335	0.126572	0.496442
868	0.825017	0.124767	0.495357
869	0.826341	0.123815	0.491487
870	0.827994	0.122664	0.487923
871	0.829329	0.122092	0.482944
872	0.832069	0.119696	0.478306
873	0.834212	0.118191	0.474748
874	0.834917	0.117357	0.46836
875	0.836692	0.116055	0.464792
876	0.840875	0.113465	0.458974
877	0.841318	0.112612	0.456725
878	0.843547	0.111441	0.454684
879	0.845176	0.110095	0.450772
880	0.847752	0.108116	0.452795
881	0.848688	0.107854	0.445129
882	0.851195	0.105756	0.439583
883	0.852164	0.105277	0.435826
884	0.852931	0.104555	0.432813
885	0.857536	0.101073	0.431206
886	0.858884	0.0999288	0.424705
887	0.860893	0.0988122	0.417916
888	0.864096	0.0964811	0.416718
889	0.865863	0.0950819	0.409304
890	0.866347	0.094503	0.399399
891	0.86776	0.0936434	0.402148
892	0.868786	0.0931033	0.399425
893	0.873523	0.089323	0.391916
894	0.873874	0.0896335	0.385051
895	0.875283	0.0882396	0.37556
896	0.877496	0.086686	0.375782
897	0.879899	0.0843648	0.363311
898	0.881019	0.0839658	0.361427
899	0.883873	0.0818529	0.353821
900	0.884529	0.0813885	0.348229
901	0.886487	0.0799686	0.342196
902	0.888667	0.0783786	0.342587
903	0.888698	0.0783512	0.337172
904	0.892339	0.0758771	0.326126
905	0.894909	0.0741852	0.316717
906	0.896619	0.0730281	0.312104
907	0.897974	0.0720844	0.301745
908	0.901153	0.0696807	0.286901
909	0.903764	0.0674259	0.274577
910	0.905317	0.0661117	0.262173
911	0.910115	0.0623048	0.257833
912	0.91178	0.0613739	0.24657
913	0.914899	0.059097	0.235536
914	0.915141	0.0591214	0.223209
915	0.918955	0.0560888	0.204483
916	0.921313	0.0544608	0.190363
917	0.92169	0.0540794	0.1789
918	0.923539	0.0527874	0.179067
919	0.925542	0.0514253	0.174348
920	0.92582	0.0511363	0.174607
921	0.926156	0.0513983	0.178893
922	0.928727	0.0496097	0.17176
923	0.925961	0.0519775	0.18193
924	0.930235	0.0489123	0.17979
925	0.927393	0.0508816	0.183544
926	0.929845	0.0490753	0.175213
927	0.931487	0.0478549	0.173589
928	0.931827	0.047617	0.171767
929	0.932167	0.0475366	0.175407
930	0.929993	0.0492595	0.177875
931	0.931871	0.048203	0.180559
932	0.932668	0.0479351	0.182743
933	0.934595	0.0462765	0.173208
934	0.933904	0.0468009	0.169488
935	0.932566	0.0478647	0.17539
936	0.933447	0.0470248	0.17237
937	0.933044	0.0474283	0.173192
938	0.936526	0.045057	0.169683
939	0.936721	0.0453416	0.16675
940	0.935787	0.0460765	0.172152
941	0.936714	0.0454368	0.172471
942	0.938023	0.0440509	0.168686
943	0.936122	0.0456768	0.175635
944	0.935854	0.0461821	0.171151
945	0.935024	0.0467342	0.176008
946	0.934141	0.0475175	0.180057
947	0.935843	0.0458271	0.177907
948	0.935994	0.045664	0.172785
949	0.934171	0.0471683	0.178985
950	0.940848	0.042798	0.163509
951	0.939912	0.0439208	0.173058
952	0.940754	0.0431198	0.171242
953	0.94125	0.0424487	0.166698
954	0.941577	0.0429152	0.164166
955	0.938941	0.0445436	0.174753
956	0.941261	0.042697	0.169408
957	0.941082	0.0428183	0.165326
958	0.941779	0.0420862	0.158108
959	0.940369	0.0433688	0.166002
960	0.940574	0.0431976	0.166982
960	0.940574	0.0431976	0.166982
961	0.940722	0.043226	0.167634
962	0.939881	0.0438434	0.172152
963	0.940836	0.0432104	0.168044
964	0.94118	0.0426672	0.168393
965	0.941674	0.0421399	0.158005
966	0.940531	0.042901	0.163062
967	0.941405	0.042294	0.159672
968	0.941026	0.0423668	0.158329
969	0.93962	0.0437701	0.169829
970	0.937712	0.0453455	0.168939
971	0.937855	0.0451306	0.174086
972	0.938487	0.0444127	0.171507
973	0.947404	0.03939	0.166279
974	0.945926	0.0406437	0.173765
975	0.945919	0.0410084	0.17154
976	0.947402	0.0395199	0.165756
977	0.947692	0.0391214	0.16418
978	0.947555	0.0391624	0.168046
979	0.9467	0.0401178	0.171551
980	0.947573	0.0391741	0.164098
981	0.946322	0.0405001	0.169268
982	0.946179	0.040638	0.173991
983	0.946254	0.0404275	0.168161
984	0.947819	0.0390716	0.158835
985	0.948946	0.0382732	0.15571
986	0.94633	0.0403139	0.163104
987	0.946267	0.0402983	0.167855
988	0.946073	0.0403358	0.167642
989	0.947062	0.0397368	0.163863
990	0.946437	0.0399805	0.16247
991	0.94596	0.0403314	0.165465
992	0.944252	0.0417912	0.167984
993	0.945923	0.0406627	0.158967
994	0.945541	0.0404933	0.164233
995	0.94611	0.0403075	0.163515
996	0.945611	0.0408219	0.164904
997	0.945633	0.0407498	0.171474
998	0.945076	0.0412193	0.170903
999	0.945476	0.0408093	0.168619
1000	0.946821	0.0395295	0.161498
1001	0.94526	0.0410015	0.167672
1002	0.945523	0.0406342	0.165717
1003	0.945434	0.0408485	0.163673
1004	0.944272	0.0415652	0.171802
1005	0.94356	0.042043	0.171941
1006	0.944644	0.0412854	0.163703
1007	0.943587	0.0420357	0.162799
1008	0.942135	0.0431842	0.1711
1009	0.943217	0.0421609	0.164078
1010	0.944412	0.0411981	0.161787
1011	0.943533	0.0421542	0.165873
1012	0.944506	0.0412694	0.169191
1013	0.945346	0.040999	0.166588
1014	0.944769	0.0408044	0.168527
1015	0.943168	0.0422715	0.168987
1016	0.943129	0.0423321	0.168558
1017	0.943307	0.0419994	0.169321
1018	0.942965	0.0424861	0.174402
1019	0.943262	0.0422595	0.170263
1020	0.943427	0.0420148	0.171057
1021	0.943238	0.0422969	0.169092
1022	0.942258	0.0430854	0.1746
1023	0.941882	0.0435763	0.174422
1024	0.941179	0.0439411	0.183904
1025	0.940403	0.0444395	0.184343
1026	0.954642	0.0357947	0.174153
1027	0.959353	0.0329152	0.170061
1028	0.958189	0.0337166	0.169067
1029	0.958259	0.0336319	0.173969
1030	0.958409	0.033684	0.17418
1031	0.95871	0.0335726	0.16632
1032	0.958931	0.0331858	0.166875
1033	0.959217	0.0329031	0.160063
1034	0.958755	0.0334192	0.163233
1035	0.958951	0.0329854	0.15949
1036	0.958072	0.0338429	0.166052
1037	0.958553	0.0334202	0.162555
1038	0.959104	0.0332371	0.161834
1039	0.961032	0.0314768	0.155133
1040	0.959617	0.032584	0.165872
1041	0.958453	0.0337017	0.166653
1042	0.959608	0.0327207	0.168065
1043	0.959027	0.0330984	0.16534
1044	0.959052	0.0329933	0.166481
1045	0.95956	0.0327317	0.156791
1046	0.960262	0.0319675	0.160465
1047	0.959286	0.032997	0.15653
1048	0.960108	0.0320081	0.154079
1049	0.95974	0.0324041	0.158088
1050	0.958584	0.033427	0.165508
1051	0.958806	0.0330758	0.161683
1052	0.95965	0.0325221	0.16137
1053	0.95842	0.0336459	0.166507
1054	0.958251	0.0337443	0.170174
1055	0.958956	0.0329783	0.161882
1056	0.959507	0.032634	0.162264
1057	0.957828	0.0341221	0.170308
1058	0.957712	0.0342031	0.170999
1059	0.957269	0.034408	0.168358
1060	0.958352	0.033517	0.166073
1061	0.9594	0.0329521	0.160912
1062	0.959411	0.0327396	0.163748
1063	0.956532	0.0350441	0.166719
1064	0.95686	0.0348319	0.164535
1065	0.958547	0.0335273	0.161569
1066	0.957753	0.034074	0.164089
1067	0.957258	0.0343982	0.16912
1068	0.958051	0.0337267	0.167794
1069	0.957504	0.0344576	0.17015
1070	0.957435	0.0343055	0.166942
1071	0.957473	0.0342385	0.17002
1072	0.958646	0.0333004	0.165209
1073	0.958549	0.0335793	0.163395
1074	0.957884	0.0340162	0.164008
1075	0.956719	0.0351061	0.170497
1076	0.957451	0.034361	0.178183
1077	0.957915	0.034063	0.174724
1078	0.956282	0.0353555	0.179235
1079	0.956528	0.0350745	0.174176
1080	0.955737	0.035664	0.178365
1081	0.957437	0.0343001	0.17532
1082	0.958618	0.0333877	0.170857
1083	0.95698	0.0346851	0.172016
1084	0.957743	0.0340827	0.169917
1085	0.957488	0.0343775	0.167693
1086	0.956871	0.0348974	0.168087
1087	0.95695	0.034745	0.170371
1088	0.956538	0.0348069	0.17198
1089	0.957364	0.0344559	0.167761
1090	0.956527	0.0348949	0.167204
1091	0.956467	0.0351279	0.17373
1092	0.95751	0.0340554	0.172214
1093	0.956415	0.0351549	0.17228
1094	0.956283	0.0352043	0.174268
1095	0.958145	0.033591	0.169241
1096	0.956263	0.0354833	0.181769
1097	0.956037	0.0354417	0.172526
1098	0.95563	0.0356712	0.172491
1099	0.955478	0.0359682	0.177375
1100	0.956223	0.0352838	0.171268
1101	0.956003	0.0354316	0.172666
1102	0.957143	0.0343167	0.167797
1103	0.95595	0.0353802	0.173596
1104	0.954445	0.0366999	0.181765
1105	0.956369	0.0351504	0.172798
1106	0.95609	0.0352545	0.175915
1107	0.95561	0.0358419	0.174944
1108	0.955113	0.0359439	0.179035
1109	0.955551	0.0357288	0.176805
1110	0.954759	0.0364615	0.180393
1111	0.95564	0.035716	0.179149
1112	0.956749	0.0348094	0.172362
1113	0.954149	0.0370906	0.180117
1114	0.954839	0.0364885	0.178672
1115	0.956115	0.035455	0.178208
1116	0.956505	0.034873	0.170161
1117	0.956503	0.0348329	0.170588
1118	0.954359	0.0367046	0.175096
1119	0.953945	0.0371702	0.174384
1120	0.95474	0.0365476	0.177375
1121	0.954831	0.0364446	0.175775
1122	0.955434	0.0358035	0.173679
1123	0.954712	0.0363246	0.170297
1124	0.953854	0.0372039	0.17799
1125	0.953696	0.0373666	0.176374
1126	0.952705	0.0378617	0.177422
1127	0.953517	0.037168	0.180074
1128	0.953497	0.0373435	0.176297
1129	0.953123	0.0374166	0.181235
1130	0.953658	0.0371551	0.17567
1131	0.953234	0.0375208	0.180466
1132	0.952175	0.0382354	0.189906
1133	0.954209	0.0365993	0.17373
1134	0.953411	0.0373173	0.16849
1135	0.952762	0.03797	0.167481
1136	0.952791	0.0376063	0.174533
1137	0.953388	0.0373744	0.17621
1138	0.952714	0.0376795	0.180543
1139	0.951837	0.0384361	0.17477
1140	0.952009	0.038379	0.175704
1141	0.952793	0.0375923	0.169672
1142	0.952675	0.0377845	0.176081
1143	0.952439	0.0378203	0.172422
1144	0.951888	0.0382929	0.178757
1145	0.952077	0.0383391	0.173033
1146	0.950626	0.039231	0.1842
1147	0.951043	0.0389098	0.173356
1148	0.950952	0.0390374	0.177368
1149	0.950909	0.0390776	0.180583
1150	0.949534	0.0403141	0.179376
1151	0.950618	0.0392997	0.176462
1152	0.949931	0.0398883	0.175889
1153	0.950597	0.0390992	0.181423
1154	0.949462	0.0402451	0.184995
1155	0.94981	0.0398319	0.187385
1156	0.948686	0.0408495	0.18901
1157	0.948148	0.0411998	0.190839
1158	0.949914	0.0396827	0.181528
1159	0.948963	0.0405649	0.175528
1160	0.949007	0.0405477	0.186951
1161	0.949077	0.0401795	0.182207
1162	0.949382	0.0399052	0.182923
1163	0.947374	0.0415001	0.190787
1164	0.947524	0.0416801	0.188977
1165	0.94832	0.0408892	0.183748
1166	0.94922	0.0400458	0.175891
1167	0.949808	0.0398217	0.180427
1168	0.948275	0.0409481	0.178094
1169	0.94814	0.0411439	0.182328
1170	0.948375	0.0411167	0.180895
1171	0.947101	0.0417359	0.181897
1172	0.949099	0.0400077	0.174551
1173	0.947935	0.0410848	0.180057
1174	0.947221	0.0416465	0.177578
1175	0.945174	0.043052	0.189834
1176	0.945832	0.0427044	0.182446
1177	0.947209	0.041669	0.177448
1178	0.945683	0.0426743	0.178894
1179	0.946996	0.0418225	0.182002
1180	0.947362	0.0412963	0.182708
1181	0.946377	0.0420169	0.179082
1182	0.947449	0.0412679	0.177004
1183	0.945301	0.0430682	0.182209
1184	0.945954	0.0424516	0.18228
1185	0.94638	0.0421123	0.182441
1186	0.945083	0.0430155	0.188834
1187	0.945633	0.0425849	0.184481
1188	0.947206	0.0410712	0.181969
1189	0.943998	0.0440734	0.184308
1190	0.945175	0.0428528	0.182711
1191	0.944272	0.0437532	0.18192
1192	0.944422	0.0435549	0.185398
1193	0.944077	0.0440025	0.184203
1194	0.941526	0.0460701	0.191232
1195	0.944314	0.0435182	0.187392
1196	0.94348	0.044107	0.187656
1197	0.941897	0.0452212	0.195374
1198	0.943649	0.0440447	0.192794
1199	0.94386	0.0439137	0.1899
1200	0.94364	0.0441679	0.190505
1201	0.943634	0.0442941	0.188279
1202	0.942902	0.0446691	0.187809
1203	0.942402	0.0450744	0.191874
1204	0.942356	0.045142	0.195003
1205	0.942129	0.0452969	0.192822
1206	0.941509	0.045734	0.190112
1207	0.942467	0.044647	0.186353
1208	0.941125	0.0461622	0.189695
1209	0.942002	0.0452482	0.187245
1210	0.942046	0.0453371	0.190166
1211	0.941772	0.045363	0.194268
1212	0.940376	0.0463707	0.191452
1213	0.940309	0.0466708	0.199063
1214	0.940052	0.0467603	0.202532
1215	0.93997	0.0470843	0.191667
1216	0.98495	0.0137259	0.157704
1217	0.996942	0.00300049	0.236026
1218	0.997598	0.00235454	0.186928
1219	0.998085	0.00187492	0.143272
1220	0.998443	0.00152186	0.111556
1221	0.998707	0.00126287	0.0878298
1222	0.998904	0.00106903	0.0706885
1223	0.999055	0.000921239	0.0571574
1224	0.999174	0.000804971	0.0476832
1225	0.999268	0.000712188	0.0402268
1226	0.999345	0.000636645	0.0344078
1227	0.999409	0.000574168	0.0298206
1228	0.999463	0.000521836	0.026079
1229	0.999508	0.000477537	0.0229303
1230	0.999547	0.00043929	0.0205203
1231	0.999581	0.000406176	0.0184921
1232	0.99961	0.000377324	0.016728
1233	0.999636	0.000352108	0.0151081
1234	0.999659	0.000329679	0.013777
1235	0.99968	0.000309716	0.0126058
1236	0.999698	0.000291851	0.0115697
1237	0.999715	0.000275794	0.0106406
1238	0.99973	0.000261254	0.00982613
1239	0.999743	0.000247952	0.00914832
1240	0.999756	0.000235821	0.0085401
1241	0.999767	0.000224665	0.00801518
1242	0.999778	0.000214435	0.00753422
1243	0.999787	0.000205044	0.00708196
1244	0.999796	0.000196367	0.00667025
1245	0.999804	0.000188325	0.00629431
1246	0.999812	0.000180868	0.00594594
1247	0.999819	0.000173888	0.00564169
1248	0.999826	0.000167403	0.00535024
1249	0.999832	0.000161375	0.00506772
1250	0.999838	0.0001557	0.00481662
1251	0.999844	0.000150351	0.0045931
1252	0.999849	0.000145328	0.00438244
1253	0.999854	0.000140597	0.00418635
1254	0.999858	0.000136157	0.00399579
1255	0.999863	0.000131942	0.00382533
1256	0.999867	0.000127946	0.00366814
1257	0.999871	0.000124141	0.00352739
1258	0.999874	0.000120586	0.00337605
1259	0.999878	0.000117169	0.0032482
1260	0.999881	0.000113982	0.00310873
1261	0.999884	0.000110896	0.00299408
1262	0.999887	0.000107971	0.00288069
1263	0.99989	0.000105181	0.00277368
1264	0.999893	0.000102529	0.00266944
1265	0.999896	9.99379e-05	0.00258596
1266	0.999898	9.74816e-05	0.00250084
1267	0.999901	9.51413e-05	0.0024172
1268	0.999903	9.29015e-05	0.0023364
1269	0.999905	9.07306e-05	0.00226611
1270	0.999908	8.8656e-05	0.0021966
1271	0.99991	8.66718e-05	0.00212795
1272	0.999912	8.47533e-05	0.002066
1273	0.999913	8.2908e-05	0.00200685
1274	0.999915	8.1132e-05	0.00194919
1275	0.999917	7.94313e-05	0.00189303
1276	0.999919	7.77774e-05	0.00184234
1277	0.99992	7.61577e-05	0.00179278
1278	0.999922	7.46779e-05	0.00173292
1279	0.999924	7.3205e-05	0.0016859
1280	0.999925	7.18097e-05	0.00163379
1281	0.999927	7.04111e-05	0.00159581
1282	0.999928	6.90538e-05	0.00156011
1283	0.999929	6.78044e-05	0.00151204
1284	0.999931	6.65437e-05	0.00147686
1285	0.999932	6.53194e-05	0.00144302
1286	0.999933	6.41561e-05	0.00140668
1287	0.999934	6.30225e-05	0.00137243
1288	0.999935	6.19056e-05	0.00134012
1289	0.999936	6.08275e-05	0.001311
1290	0.999938	5.97862e-05	0.00128154
1291	0.999939	5.87728e-05	0.0012544
1292	0.99994	5.77988e-05	0.00122563
1293	0.999941	5.68468e-05	0.00119911
1294	0.999942	5.59156e-05	0.00117462
1295	0.999943	5.50126e-05	0.00115038
1296	0.999943	5.41401e-05	0.00112631
1297	0.999944	5.32772e-05	0.00110357
1298	0.999945	5.24522e-05	0.00108101
1299	0.999946	5.16585e-05	0.00105649
1300	0.999947	5.08542e-05	0.00103901
