600	0.514548	0.343571	0.471742
601	0.515901	0.343121	0.472889
602	0.516682	0.342721	0.473955
603	0.517275	0.34224	0.474205
604	0.51782	0.341935	0.474689
605	0.517831	0.341838	0.474511
606	0.518798	0.34125	0.476045
607	0.519303	0.340438	0.476178
608	0.519742	0.339965	0.476143
609	0.520077	0.339871	0.476535
610	0.521496	0.339007	0.477954
611	0.521302	0.338697	0.477309
612	0.52202	0.338362	0.476855
613	0.522438	0.337761	0.477441
614	0.522985	0.336877	0.478476
615	0.52425	0.337499	0.479272
616	0.524474	0.336639	0.480065
617	0.524931	0.335042	0.480837
618	0.524935	0.335098	0.479778
619	0.525608	0.334974	0.480333
620	0.527225	0.334611	0.481295
621	0.527225	0.333821	0.481119
622	0.528433	0.333659	0.482429
623	0.529237	0.332554	0.482986
624	0.529711	0.331586	0.484025
625	0.531179	0.331792	0.484301
626	0.530824	0.331053	0.484943
627	0.530925	0.332056	0.483846
628	0.531618	0.331306	0.48467
629	0.532628	0.330054	0.485974
630	0.532628	0.330892	0.484602
631	0.532462	0.329833	0.485307
632	0.53323	0.329916	0.485286
633	0.533956	0.33002	0.485893
634	0.53473	0.328363	0.486885
635	0.534479	0.328283	0.486454
636	0.535062	0.328286	0.487121
637	0.536455	0.327771	0.488328
638	0.536299	0.327231	0.487337
639	0.537492	0.326494	0.488876
640	0.537701	0.326093	0.488216
641	0.539312	0.325371	0.48933
642	0.539325	0.324949	0.489169
643	0.540609	0.325536	0.489583
644	0.540815	0.324686	0.490543
645	0.542196	0.323816	0.492316
646	0.541991	0.323394	0.491945
647	0.542419	0.322693	0.491877
648	0.543573	0.32298	0.49189
649	0.543946	0.322745	0.491398
650	0.544869	0.322045	0.493119
651	0.545309	0.320996	0.493509
652	0.54593	0.320749	0.493528
653	0.546915	0.320295	0.494073
654	0.546469	0.32062	0.492064
655	0.547278	0.319009	0.493158
656	0.548689	0.318317	0.493899
657	0.550109	0.317633	0.49553
658	0.550208	0.317004	0.495064
659	0.551517	0.316119	0.495808
660	0.553108	0.315263	0.497591
661	0.553088	0.314332	0.497482
662	0.555001	0.313931	0.499593
663	0.555578	0.313596	0.498875
664	0.556789	0.312249	0.500599
665	0.557092	0.312068	0.500368
666	0.55897	0.311869	0.502175
667	0.55878	0.310346	0.502499
668	0.560555	0.310009	0.503345
669	0.560762	0.30952	0.504058
670	0.562017	0.308638	0.505976
671	0.562142	0.309323	0.503862
672	0.561748	0.309023	0.50287
673	0.563393	0.307505	0.504591
674	0.565327	0.307511	0.505884
675	0.566213	0.306292	0.506642
676	0.566288	0.305609	0.50592
677	0.567566	0.305421	0.507359
678	0.567976	0.304113	0.508085
679	0.568881	0.303473	0.508516
680	0.568894	0.303326	0.508127
681	0.570547	0.302958	0.508548
682	0.571676	0.301728	0.510773
683	0.573569	0.301412	0.51176
684	0.573748	0.300599	0.510667
685	0.574128	0.300819	0.510204
686	0.574654	0.299557	0.510917
687	0.576593	0.29744	0.514408
688	0.578119	0.297284	0.513121
689	0.579337	0.296618	0.514597
690	0.579059	0.296555	0.513373
691	0.581245	0.294385	0.517659
692	0.581227	0.294129	0.515494
693	0.58206	0.293376	0.517378
694	0.582559	0.293438	0.51642
695	0.583988	0.293111	0.517748
696	0.585369	0.292413	0.51886
697	0.58599	0.291824	0.519691
698	0.585709	0.29152	0.518383
699	0.587743	0.290705	0.520681
700	0.589209	0.2901	0.522532
701	0.590456	0.28996	0.522487
702	0.590483	0.289	0.522761
703	0.591261	0.289403	0.521863
704	0.591607	0.288761	0.522639
705	0.592884	0.288437	0.522554
706	0.5934	0.286899	0.524805
707	0.593759	0.286762	0.522457
708	0.595382	0.285809	0.523158
709	0.595298	0.28489	0.522395
710	0.5961	0.284285	0.524084
711	0.596889	0.284428	0.524857
712	0.597881	0.283736	0.526149
713	0.598523	0.283709	0.524398
714	0.599529	0.282154	0.52649
715	0.600648	0.281703	0.526466
716	0.601704	0.281099	0.526457
717	0.603385	0.280169	0.527218
718	0.604373	0.279349	0.527353
719	0.605373	0.277881	0.530842
720	0.606379	0.278168	0.530105
721	0.607047	0.276801	0.530855
722	0.608712	0.276786	0.531449
723	0.608708	0.276097	0.530999
724	0.610252	0.275161	0.53296
725	0.610497	0.275159	0.531707
726	0.611444	0.274344	0.531849
727	0.612834	0.27322	0.533334
728	0.614135	0.272518	0.535227
729	0.614965	0.272341	0.534157
730	0.616062	0.27098	0.536006
731	0.61465	0.272605	0.53083
732	0.616445	0.271131	0.534162
733	0.617112	0.27057	0.533868
734	0.619202	0.269068	0.537848
735	0.619799	0.268472	0.536704
736	0.621739	0.267428	0.53844
737	0.623903	0.266603	0.540875
738	0.624297	0.265608	0.538827
739	0.625846	0.264812	0.538946
740	0.625564	0.263697	0.539136
741	0.627179	0.264062	0.537779
742	0.628489	0.262769	0.539369
743	0.630494	0.260841	0.542024
744	0.63142	0.260761	0.540992
745	0.632922	0.259461	0.541881
746	0.634054	0.258087	0.543083
747	0.635589	0.257526	0.543768
748	0.634883	0.25678	0.543686
749	0.63672	0.256658	0.54408
750	0.636923	0.255743	0.544152
751	0.639813	0.255128	0.546532
752	0.640041	0.254619	0.547609
753	0.640168	0.253332	0.548729
754	0.641557	0.253299	0.546166
755	0.643111	0.252027	0.548496
756	0.644097	0.251258	0.548529
757	0.645356	0.25123	0.547881
758	0.645649	0.250078	0.548384
759	0.647522	0.249425	0.549837
760	0.647855	0.249107	0.548217
761	0.649531	0.248634	0.54872
762	0.649812	0.247629	0.548984
763	0.651686	0.246196	0.551135
764	0.653736	0.246164	0.550353
765	0.65358	0.244486	0.552565
766	0.654197	0.24416	0.549494
767	0.655583	0.243737	0.550186
768	0.657076	0.24269	0.551347
769	0.658468	0.241903	0.554451
770	0.659491	0.24162	0.552971
771	0.659799	0.240809	0.551638
772	0.660801	0.240286	0.549565
773	0.661412	0.23817	0.552316
774	0.662957	0.238829	0.551559
775	0.665458	0.237135	0.553857
776	0.666566	0.236279	0.553182
777	0.66596	0.23563	0.551129
778	0.668775	0.233242	0.556995
779	0.66995	0.233334	0.554782
780	0.671436	0.232086	0.555911
781	0.672594	0.231885	0.553431
782	0.67438	0.229862	0.558436
783	0.675812	0.229009	0.555989
784	0.677422	0.228859	0.557787
785	0.67787	0.228225	0.555975
786	0.678939	0.226596	0.556901
787	0.681249	0.225446	0.557639
788	0.682349	0.224598	0.559147
789	0.684033	0.222899	0.561414
790	0.684382	0.222538	0.559018
791	0.685846	0.22095	0.56181
792	0.687334	0.220132	0.560939
793	0.688371	0.219426	0.559536
794	0.689181	0.219025	0.55739
795	0.691464	0.217626	0.560784
796	0.691469	0.21748	0.558886
797	0.693341	0.216551	0.559786
798	0.696262	0.215101	0.562631
799	0.696846	0.21425	0.560631
800	0.697416	0.213521	0.559858
801	0.698922	0.212408	0.558682
802	0.701232	0.210871	0.560901
803	0.702043	0.21068	0.559692
804	0.703117	0.209047	0.5599
805	0.705844	0.207456	0.563426
806	0.706251	0.2068	0.562706
807	0.70827	0.205763	0.560712
808	0.710389	0.204522	0.557537
809	0.711856	0.20308	0.56192
810	0.713813	0.202169	0.561226
811	0.713231	0.202033	0.557804
812	0.713835	0.201716	0.555982
813	0.714989	0.201092	0.556205
814	0.716623	0.199732	0.554048
815	0.719467	0.198205	0.559051
816	0.721597	0.195924	0.559393
817	0.721942	0.195417	0.559063
818	0.724474	0.194541	0.557615
819	0.724502	0.194454	0.554648
820	0.726517	0.193347	0.555123
821	0.728269	0.191886	0.555968
822	0.728276	0.191484	0.555871
823	0.729951	0.189714	0.558955
824	0.732072	0.189332	0.557545
825	0.733215	0.188268	0.553839
826	0.735408	0.186805	0.557099
827	0.736683	0.185571	0.557226
828	0.737031	0.185136	0.552607
829	0.740095	0.18305	0.558229
830	0.741111	0.182562	0.555559
831	0.743599	0.181533	0.556922
832	0.744365	0.180367	0.553343
833	0.746553	0.178736	0.553425
834	0.746939	0.17834	0.550713
835	0.748539	0.176663	0.549742
836	0.749558	0.176409	0.547963
837	0.752753	0.173937	0.547557
838	0.754489	0.173166	0.545278
839	0.755031	0.171711	0.54472
840	0.756981	0.170933	0.542201
841	0.760384	0.168265	0.546124
842	0.760388	0.168001	0.541094
843	0.762883	0.166887	0.540026
844	0.764885	0.165182	0.540356
845	0.766062	0.164425	0.541265
846	0.767768	0.163442	0.536829
847	0.769598	0.161973	0.537349
848	0.769598	0.161792	0.538138
849	0.771958	0.159706	0.538199
850	0.775474	0.157431	0.53768
851	0.776291	0.157095	0.531833
852	0.77898	0.15533	0.529276
853	0.780583	0.154719	0.527288
854	0.782904	0.152358	0.527505
855	0.782795	0.15226	0.526254
856	0.783939	0.151768	0.526603
857	0.786646	0.149568	0.524833
858	0.789193	0.14827	0.523576
859	0.79019	0.147114	0.521482
860	0.791368	0.146639	0.513917
861	0.794001	0.143607	0.515158
862	0.794343	0.144282	0.512016
863	0.797743	0.141745	0.512379
864	0.798173	0.141629	0.506431
865	0.799722	0.140835	0.503245
866	0.801708	0.139107	0.508895
867	0.802526	0.138722	0.504049
868	0.805914	0.136075	0.50276
869	0.807626	0.135332	0.498677
870	0.808209	0.135105	0.496381
871	0.810773	0.13268	0.492801
872	0.813078	0.131332	0.485881
873	0.814175	0.130157	0.485073
874	0.817379	0.127537	0.481505
875	0.820619	0.125517	0.484028
876	0.822844	0.124102	0.481695
877	0.824103	0.123675	0.473403
878	0.826878	0.120809	0.473274
879	0.829259	0.119354	0.459369
880	0.830386	0.118339	0.455394
881	0.832818	0.116284	0.453751
882	0.836407	0.113651	0.452634
883	0.837521	0.11301	0.449357
884	0.838221	0.112661	0.446148
885	0.841944	0.110437	0.44147
886	0.840837	0.111184	0.436183
887	0.84585	0.107488	0.438062
888	0.84593	0.107565	0.43179
889	0.849212	0.104504	0.426366
890	0.852268	0.102674	0.418573
891	0.854893	0.10062	0.411765
892	0.856945	0.0994773	0.407796
893	0.858146	0.0987802	0.396274
894	0.8599	0.0971225	0.396233
895	0.862806	0.0948387	0.393573
896	0.865776	0.0928032	0.386031
897	0.867725	0.0916224	0.378862
898	0.86914	0.0908128	0.370717
899	0.871917	0.0887101	0.369836
900	0.874046	0.0873097	0.360549
901	0.876474	0.0849549	0.351602
902	0.877442	0.0847262	0.350059
903	0.880071	0.0828195	0.342659
904	0.883786	0.080098	0.334305
905	0.885794	0.078928	0.327036
906	0.887308	0.077847	0.316553
907	0.889708	0.0759278	0.306769
908	0.890412	0.0757167	0.298173
909	0.89485	0.0726882	0.289721
910	0.898397	0.069283	0.275846
911	0.898305	0.0698886	0.268632
912	0.903556	0.0658901	0.246986
913	0.904736	0.0651778	0.238794
914	0.908527	0.0621227	0.222341
915	0.91157	0.0597589	0.20734
916	0.913313	0.0592253	0.195068
917	0.914174	0.0580944	0.194324
918	0.917734	0.0558807	0.187219
919	0.918874	0.0550364	0.17965
920	0.919451	0.0547387	0.178043
921	0.920806	0.0538555	0.181272
922	0.92078	0.0540108	0.180272
923	0.920768	0.0540695	0.185662
924	0.923915	0.0521988	0.176175
925	0.923007	0.0527354	0.181064
926	0.92565	0.0507242	0.171323
927	0.926868	0.0501412	0.170134
928	0.925656	0.051002	0.168376
929	0.927634	0.0493139	0.167141
930	0.925425	0.0512637	0.173777
931	0.926761	0.0507825	0.173239
932	0.927442	0.0504622	0.179116
933	0.927697	0.0499878	0.176574
934	0.927096	0.0507925	0.179322
935	0.92677	0.0505553	0.178696
936	0.926064	0.0516579	0.179427
937	0.927551	0.0500949	0.173327
938	0.931172	0.0477367	0.17025
939	0.932426	0.0469684	0.176244
940	0.931558	0.0479063	0.175119
941	0.932422	0.0474926	0.169123
942	0.930378	0.0490976	0.177574
943	0.929976	0.0493476	0.177775
944	0.930686	0.0483748	0.174295
945	0.932293	0.0470632	0.165212
946	0.930944	0.0482426	0.1707
947	0.930238	0.0491238	0.169924
948	0.929482	0.0494489	0.173585
949	0.930062	0.0486932	0.171075
950	0.935113	0.046064	0.168004
951	0.936405	0.0453357	0.167313
952	0.935694	0.0460621	0.166574
953	0.935067	0.0468538	0.167618
954	0.936497	0.045022	0.162603
955	0.936544	0.0452179	0.165557
956	0.935498	0.0463086	0.166045
957	0.935509	0.0463353	0.173788
958	0.935272	0.0463134	0.173657
959	0.935095	0.0465503	0.173588
960	0.9367	0.0450793	0.166488
960	0.9367	0.0450793	0.166488
961	0.935354	0.0460698	0.169661
962	0.935105	0.0461216	0.170919
963	0.935066	0.046384	0.166155
964	0.934151	0.0471418	0.173532
965	0.933767	0.0472453	0.171552
966	0.934328	0.0468187	0.165682
967	0.932626	0.0480113	0.165998
968	0.932002	0.0485776	0.173431
969	0.932556	0.0479529	0.170442
970	0.934064	0.0467698	0.16423
971	0.932609	0.0477554	0.170715
972	0.934561	0.0467271	0.172623
973	0.944275	0.0409084	0.163383
974	0.943638	0.0416318	0.162252
975	0.942628	0.0426316	0.166312
976	0.943343	0.0417752	0.164657
977	0.94258	0.0424128	0.170426
978	0.943319	0.0417668	0.168608
979	0.943387	0.0417331	0.168152
980	0.942986	0.0422372	0.16705
981	0.942252	0.0428458	0.170014
982	0.942077	0.0430909	0.170206
983	0.941157	0.0437302	0.179635
984	0.940129	0.044376	0.181485
985	0.940903	0.0438873	0.180658
986	0.941964	0.0427624	0.176753
987	0.940735	0.0439677	0.174514
988	0.940699	0.0437129	0.177476
989	0.940713	0.0439746	0.177761
990	0.941308	0.0433702	0.170558
991	0.940868	0.0436932	0.171667
992	0.941559	0.0429971	0.163909
993	0.94119	0.0434074	0.168251
994	0.940812	0.0433215	0.170445
995	0.938832	0.0450763	0.173319
996	0.939613	0.0444743	0.170695
997	0.940596	0.0437452	0.171548
998	0.941007	0.0433757	0.171742
999	0.940059	0.0444167	0.175487
1000	0.939806	0.0442969	0.172363
1001	0.940496	0.0436734	0.173689
1002	0.939287	0.0448361	0.177379
1003	0.940276	0.0439146	0.167396
1004	0.941026	0.043149	0.168336
1005	0.939816	0.0446701	0.170814
1006	0.941784	0.0425294	0.161503
1007	0.941371	0.0428006	0.165178
1008	0.939735	0.0441656	0.171662
1009	0.938765	0.0448827	0.175568
1010	0.940166	0.043752	0.170414
1011	0.937889	0.0457706	0.177482
1012	0.938605	0.0449995	0.181826
1013	0.939951	0.0437638	0.171031
1014	0.938475	0.0452042	0.1776
1015	0.937315	0.0463629	0.18155
1016	0.937511	0.0457857	0.177281
1017	0.938626	0.0451033	0.176345
1018	0.9392	0.0446391	0.169726
1019	0.938794	0.0448589	0.179344
1020	0.937246	0.045863	0.174128
1021	0.936067	0.0469968	0.173292
1022	0.936342	0.0469134	0.178616
1023	0.938012	0.0453502	0.171871
1024	0.935492	0.0472574	0.181475
1025	0.936957	0.0462227	0.175878
1026	0.952568	0.0370892	0.169091
1027	0.957522	0.0341043	0.162357
1028	0.957196	0.0343353	0.166018
1029	0.958389	0.0334099	0.163097
1030	0.958774	0.0331778	0.160257
1031	0.957895	0.0338154	0.160978
1032	0.956623	0.034983	0.168074
1033	0.957525	0.0341056	0.174621
1034	0.957503	0.034206	0.173778
1035	0.956104	0.0352843	0.176839
1036	0.956383	0.0349317	0.170006
1037	0.956073	0.0351756	0.172568
1038	0.957412	0.0342006	0.174046
1039	0.958734	0.0330595	0.166905
1040	0.956523	0.0349287	0.170515
1041	0.957988	0.0337828	0.165539
1042	0.956766	0.0346361	0.164864
1043	0.95701	0.0344301	0.169688
1044	0.9565	0.0349021	0.169356
1045	0.957193	0.0341393	0.166798
1046	0.956648	0.0347386	0.16513
1047	0.95686	0.0344786	0.166324
1048	0.957282	0.0342158	0.172012
1049	0.956891	0.0345592	0.170618
1050	0.956025	0.0352434	0.171359
1051	0.958228	0.0334292	0.165657
1052	0.956426	0.0351017	0.177558
1053	0.956126	0.0351399	0.171205
1054	0.955747	0.0354017	0.168982
1055	0.955418	0.0358211	0.173952
1056	0.956233	0.0351082	0.168063
1057	0.955968	0.0352965	0.169056
1058	0.957131	0.0341066	0.165468
1059	0.955461	0.0356834	0.171835
1060	0.954485	0.0365734	0.177094
1061	0.956791	0.0345974	0.168914
1062	0.955518	0.0355539	0.174081
1063	0.955971	0.0353029	0.172811
1064	0.955072	0.0358321	0.174681
1065	0.955988	0.0351349	0.174359
1066	0.954207	0.0368687	0.177158
1067	0.956371	0.0349902	0.168951
1068	0.955144	0.0360695	0.177416
1069	0.954573	0.0364868	0.175369
1070	0.95592	0.0355473	0.172333
1071	0.956014	0.0350754	0.173214
1072	0.956541	0.0346998	0.166707
1073	0.954852	0.0361442	0.169154
1074	0.954154	0.036817	0.169776
1075	0.95461	0.0364219	0.173195
1076	0.954422	0.0366697	0.175789
1077	0.955381	0.035682	0.168273
1078	0.954774	0.0361359	0.168242
1079	0.953816	0.0370334	0.173279
1080	0.953602	0.0372939	0.172982
1081	0.952673	0.0376667	0.174021
1082	0.953253	0.0373501	0.177896
1083	0.953774	0.0368904	0.172865
1084	0.952878	0.0375888	0.177102
1085	0.953786	0.0368938	0.173666
1086	0.952489	0.0379165	0.180764
1087	0.95288	0.0374963	0.1837
1088	0.954104	0.0364508	0.167434
1089	0.952745	0.0374689	0.167535
1090	0.953023	0.0374164	0.165703
1091	0.953005	0.0372525	0.174254
1092	0.953036	0.0375418	0.17716
1093	0.952286	0.0378392	0.169577
1094	0.951536	0.0387582	0.174431
1095	0.952727	0.0375598	0.167169
1096	0.952683	0.0375707	0.169326
1097	0.952814	0.0371826	0.169621
1098	0.951813	0.0382282	0.173768
1099	0.951798	0.0383038	0.171196
1100	0.950911	0.0387292	0.179736
1101	0.950979	0.0386691	0.171506
1102	0.950966	0.0386939	0.1758
1103	0.950954	0.0388437	0.17653
1104	0.949485	0.0401256	0.176416
1105	0.950649	0.039042	0.172949
1106	0.949858	0.0397042	0.173644
1107	0.950667	0.0388195	0.178019
1108	0.949255	0.0401753	0.184243
1109	0.949832	0.0395156	0.185367
1110	0.94854	0.0406373	0.186625
1111	0.94882	0.040358	0.182434
1112	0.949304	0.040043	0.177725
1113	0.949485	0.0399823	0.177847
1114	0.948788	0.0402447	0.184583
1115	0.949269	0.0397981	0.178212
1116	0.947654	0.0410101	0.183773
1117	0.947709	0.0410693	0.190092
1118	0.947561	0.0412602	0.184083
1119	0.949054	0.0399926	0.172576
1120	0.949625	0.0395435	0.174366
1121	0.947935	0.0410205	0.176597
1122	0.9482	0.040609	0.179124
1123	0.948099	0.0411126	0.176989
1124	0.947534	0.0411427	0.177466
1125	0.948391	0.0404563	0.17054
1126	0.948134	0.0406944	0.175298
1127	0.947094	0.0415388	0.173247
1128	0.945106	0.0428601	0.186002
1129	0.945828	0.0424126	0.178949
1130	0.947086	0.0414166	0.174034
1131	0.945688	0.0424182	0.17653
1132	0.946902	0.041683	0.178669
1133	0.946766	0.0415554	0.176369
1134	0.946361	0.0419577	0.175411
1135	0.946863	0.0415381	0.176013
1136	0.945252	0.0428191	0.178245
1137	0.945896	0.0420334	0.181035
1138	0.946319	0.0418212	0.179174
1139	0.944323	0.0432557	0.187305
1140	0.94716	0.0409425	0.178174
1141	0.945212	0.0426207	0.179104
1142	0.944207	0.0435016	0.182099
1143	0.944914	0.0428066	0.180948
1144	0.943494	0.0440773	0.182553
1145	0.944323	0.0433693	0.179965
1146	0.941856	0.0452623	0.187552
1147	0.943751	0.0437129	0.181795
1148	0.943338	0.0439171	0.184899
1149	0.941377	0.045368	0.19343
1150	0.943554	0.0437117	0.188184
1151	0.943598	0.0438307	0.186703
1152	0.943332	0.0440448	0.187236
1153	0.943462	0.0440311	0.184483
1154	0.942339	0.0447311	0.186061
1155	0.942249	0.0447418	0.188042
1156	0.941451	0.0456088	0.190285
1157	0.941682	0.04552	0.188884
1158	0.941591	0.0450887	0.185435
1159	0.941631	0.0451599	0.183297
1160	0.940945	0.0458579	0.184831
1161	0.941337	0.0455874	0.182626
1162	0.941012	0.0456524	0.18845
1163	0.939989	0.0465194	0.187926
1164	0.938787	0.0475186	0.195509
1165	0.93928	0.0470394	0.199498
1166	0.937077	0.0490182	0.203162
1167	0.938806	0.04751	0.197903
1168	0.939329	0.0468654	0.18896
1169	0.939527	0.0466374	0.190641
1170	0.94128	0.0452967	0.185356
1171	0.939361	0.0467375	0.184967
1172	0.939968	0.0464348	0.18597
1173	0.940752	0.0459451	0.179293
1174	0.940223	0.0460372	0.176534
1175	0.940318	0.0460424	0.180583
1176	0.939505	0.0466367	0.185581
1177	0.939099	0.0470217	0.188869
1178	0.938856	0.0470216	0.187332
1179	0.937555	0.0481374	0.190089
1180	0.936912	0.0485656	0.196471
1181	0.935779	0.0493791	0.197678
1182	0.935994	0.0491083	0.194301
1183	0.936966	0.0483031	0.19492
1184	0.936945	0.0483686	0.196795
1185	0.935685	0.04937	0.191493
1186	0.936127	0.0489344	0.191836
1187	0.936909	0.0482726	0.190041
1188	0.93571	0.049582	0.192277
1189	0.936642	0.0485703	0.188253
1190	0.936078	0.0488891	0.183749
1191	0.936794	0.0484828	0.194777
1192	0.937084	0.0478221	0.189082
1193	0.936554	0.048387	0.189473
1194	0.936827	0.0480683	0.181914
1195	0.935254	0.049332	0.18835
1196	0.935482	0.0494714	0.18855
1197	0.9351	0.0492178	0.184457
1198	0.93489	0.0496548	0.187033
1199	0.934899	0.0497814	0.191891
1200	0.935091	0.0494464	0.198843
1201	0.933807	0.0506498	0.192594
1202	0.933816	0.050599	0.200548
1203	0.932406	0.0520041	0.205871
1204	0.932476	0.0516847	0.196236
1205	0.934621	0.0498401	0.191337
1206	0.93274	0.0510862	0.197751
1207	0.933218	0.0510419	0.189972
1208	0.9331	0.0508394	0.19419
1209	0.931753	0.0520784	0.201759
1210	0.931439	0.0523261	0.203823
1211	0.93176	0.0523899	0.209259
1212	0.931382	0.0520503	0.199092
1213	0.931761	0.0517603	0.198516
1214	0.931028	0.0521656	0.195922
1215	0.932932	0.0509332	0.186502
1216	0.983223	0.0150471	0.145923
1217	0.997225	0.00271576	0.184141
1218	0.99786	0.00209147	0.139132
1219	0.998287	0.00167156	0.10556
1220	0.998589	0.00137527	0.081924
1221	0.99881	0.00115868	0.0653026
1222	0.998977	0.000995225	0.0535595
1223	0.999106	0.000869269	0.0442597
1224	0.999208	0.000768773	0.0377268
1225	0.999291	0.000687524	0.032524
1226	0.99936	0.000620599	0.0283562
1227	0.999417	0.000564483	0.0250673
1228	0.999466	0.000517127	0.0222125
1229	0.999507	0.000476464	0.0198751
1230	0.999543	0.000441262	0.0178961
1231	0.999575	0.00041041	0.0162658
1232	0.999603	0.000383235	0.0148663
1233	0.999628	0.000359344	0.0135454
1234	0.99965	0.00033794	0.0124374
1235	0.99967	0.000318626	0.0115177
1236	0.999687	0.000301247	0.0106844
1237	0.999704	0.00028547	0.00994682
1238	0.999718	0.000271142	0.00928458
1239	0.999732	0.000258001	0.00871089
1240	0.999744	0.000246106	0.00813089
1241	0.999756	0.000235118	0.00762624
1242	0.999766	0.000224997	0.00716262
1243	0.999776	0.000215554	0.00676971
1244	0.999785	0.000206818	0.00640094
1245	0.999793	0.000198673	0.00606941
1246	0.999801	0.00019114	0.00574574
1247	0.999808	0.000184122	0.00544056
1248	0.999815	0.000177516	0.00517119
1249	0.999822	0.000171322	0.00492136
1250	0.999828	0.000165469	0.00470026
1251	0.999833	0.000159966	0.00449141
1252	0.999839	0.000154776	0.00429888
1253	0.999844	0.000149885	0.00411631
1254	0.999849	0.000145277	0.00394075
1255	0.999853	0.000140939	0.00376981
1256	0.999857	0.000136767	0.00362582
1257	0.999861	0.000132807	0.0034902
1258	0.999865	0.000129046	0.00336228
1259	0.999869	0.000125453	0.00324511
1260	0.999872	0.000122076	0.00312382
1261	0.999876	0.000118819	0.00301752
1262	0.999879	0.000115731	0.00291192
1263	0.999882	0.000112776	0.00281339
1264	0.999885	0.000109967	0.00271543
1265	0.999888	0.000107273	0.00262536
1266	0.999891	0.000104695	0.00253836
1267	0.999893	0.000102227	0.00245302
1268	0.999896	9.98308e-05	0.00238071
1269	0.999898	9.75558e-05	0.00230557
1270	0.9999	9.53546e-05	0.00223747
1271	0.999902	9.32771e-05	0.00216446
1272	0.999905	9.12608e-05	0.00209819
1273	0.999907	8.93306e-05	0.00203278
1274	0.999909	8.74273e-05	0.00197945
1275	0.99991	8.56097e-05	0.00192535
1276	0.999912	8.38486e-05	0.00187444
1277	0.999914	8.20636e-05	0.00181973
1278	0.999916	8.04167e-05	0.00177479
1279	0.999917	7.88591e-05	0.00172463
1280	0.999919	7.73487e-05	0.00167739
1281	0.999921	7.58704e-05	0.00163608
1282	0.999922	7.44628e-05	0.0015924
1283	0.999923	7.30779e-05	0.00155424
1284	0.999925	7.17228e-05	0.00151897
1285	0.999926	7.04464e-05	0.00147989
1286	0.999928	6.91949e-05	0.00144438
1287	0.999929	6.79707e-05	0.00141221
1288	0.99993	6.67827e-05	0.00137781
1289	0.999931	6.56309e-05	0.00134788
1290	0.999932	6.45198e-05	0.00131768
1291	0.999934	6.34417e-05	0.00128789
1292	0.999935	6.23829e-05	0.00126155
1293	0.999936	6.13584e-05	0.00123486
1294	0.999937	6.03681e-05	0.00120846
1295	0.999938	5.93944e-05	0.0011846
1296	0.999939	5.84516e-05	0.00116095
1297	0.99994	5.75402e-05	0.0011364
1298	0.999941	5.66543e-05	0.00111259
1299	0.999941	5.57842e-05	0.00109112
1300	0.999942	5.49451e-05	0.00106878
