600	0.489641	0.355845	0.452632
601	0.490913	0.356013	0.453618
602	0.490586	0.355011	0.453886
603	0.49079	0.356515	0.452712
604	0.491215	0.355397	0.453488
605	0.491904	0.354325	0.454265
606	0.492391	0.354706	0.454461
607	0.491643	0.35455	0.453149
608	0.492789	0.354134	0.454367
609	0.493275	0.3539	0.454781
610	0.493482	0.353061	0.454491
611	0.493503	0.353572	0.454133
612	0.494087	0.352713	0.455593
613	0.495633	0.352694	0.456208
614	0.495417	0.351832	0.45614
615	0.496146	0.350736	0.45689
616	0.497394	0.350242	0.457852
617	0.49733	0.349577	0.457935
618	0.498345	0.350087	0.458291
619	0.498742	0.349837	0.458552
620	0.499857	0.349164	0.459757
621	0.49962	0.348419	0.460023
622	0.500329	0.34804	0.460207
623	0.500952	0.348246	0.459797
624	0.50128	0.348024	0.459763
625	0.502039	0.347793	0.460552
626	0.502628	0.346547	0.461604
627	0.503106	0.346329	0.461956
628	0.503802	0.346067	0.461926
629	0.503564	0.345655	0.461474
630	0.504129	0.344943	0.460605
631	0.506088	0.343655	0.46365
632	0.506855	0.342726	0.464932
633	0.506764	0.342686	0.463315
634	0.508276	0.341791	0.464761
635	0.508727	0.34099	0.464894
636	0.510151	0.340828	0.466402
637	0.51104	0.339984	0.467491
638	0.51205	0.339159	0.46819
639	0.512653	0.338479	0.468848
640	0.513362	0.338632	0.469151
641	0.513902	0.337324	0.46986
642	0.515137	0.336886	0.470581
643	0.515585	0.337044	0.470605
644	0.516603	0.33606	0.472093
645	0.517157	0.336157	0.472174
646	0.516503	0.336358	0.470031
647	0.517874	0.335083	0.470872
648	0.519581	0.334985	0.472476
649	0.520489	0.333743	0.473952
650	0.520559	0.333132	0.473128
651	0.521634	0.333523	0.473713
652	0.52193	0.332354	0.47378
653	0.522739	0.331223	0.474672
654	0.523208	0.330805	0.475643
655	0.524042	0.330391	0.476079
656	0.525251	0.329792	0.477555
657	0.527038	0.329908	0.478651
658	0.5266	0.328593	0.477633
659	0.527214	0.328466	0.477537
660	0.52798	0.327152	0.479136
661	0.529498	0.326545	0.479542
662	0.531268	0.325848	0.481145
663	0.531229	0.326248	0.48033
664	0.53258	0.324677	0.48227
665	0.532771	0.323698	0.48211
666	0.53393	0.323279	0.483316
667	0.533638	0.322559	0.483132
668	0.535303	0.322881	0.484894
669	0.536151	0.322094	0.484697
670	0.537446	0.321558	0.486792
671	0.536952	0.321309	0.48533
672	0.538182	0.321117	0.486461
673	0.539507	0.320651	0.487769
674	0.540634	0.320128	0.488472
675	0.540939	0.319849	0.487749
676	0.541346	0.319404	0.488835
677	0.541836	0.319494	0.488431
678	0.542749	0.317888	0.490315
679	0.543012	0.31774	0.489584
680	0.544032	0.317543	0.48899
681	0.545021	0.316124	0.490073
682	0.545101	0.315308	0.489485
683	0.545527	0.314892	0.490694
684	0.546032	0.314442	0.49192
685	0.548186	0.314749	0.492009
686	0.547751	0.314306	0.491246
687	0.548792	0.312837	0.493364
688	0.549676	0.311874	0.493595
689	0.551727	0.311572	0.494346
690	0.552476	0.310937	0.495007
691	0.553178	0.309963	0.495046
692	0.553871	0.309109	0.496678
693	0.555022	0.308927	0.496864
694	0.55627	0.308808	0.497897
695	0.556834	0.307945	0.498784
696	0.557848	0.307497	0.498694
697	0.557944	0.307813	0.49747
698	0.558631	0.306291	0.499005
699	0.559782	0.305143	0.499506
700	0.561234	0.304692	0.501765
701	0.561984	0.304407	0.502049
702	0.562343	0.30374	0.501288
703	0.561766	0.304769	0.499996
704	0.563415	0.303409	0.5016
705	0.564158	0.302468	0.503272
706	0.565662	0.301734	0.503738
707	0.566284	0.300952	0.504127
708	0.568909	0.300167	0.506844
709	0.569963	0.29982	0.506048
710	0.570781	0.297882	0.507456
711	0.570346	0.297857	0.505615
712	0.570982	0.297425	0.505992
713	0.573174	0.29744	0.506458
714	0.574284	0.295295	0.508087
715	0.575619	0.295028	0.50945
716	0.577035	0.293539	0.509411
717	0.578255	0.292556	0.510824
718	0.579408	0.29179	0.512334
719	0.578832	0.291353	0.510874
720	0.580277	0.291783	0.511144
721	0.580774	0.290379	0.512328
722	0.582698	0.289892	0.514528
723	0.583381	0.290106	0.514263
724	0.583314	0.288764	0.515205
725	0.584816	0.288356	0.515357
726	0.58597	0.287654	0.515496
727	0.587119	0.28624	0.517901
728	0.588249	0.286296	0.516792
729	0.58826	0.286177	0.515658
730	0.589921	0.285269	0.517544
731	0.590799	0.285108	0.516561
732	0.592182	0.28456	0.518185
733	0.592123	0.282675	0.519989
734	0.594116	0.282678	0.518942
735	0.595477	0.281498	0.521485
736	0.594713	0.280544	0.519193
737	0.596013	0.280489	0.519976
738	0.598174	0.280309	0.520321
739	0.598248	0.279605	0.520695
740	0.599703	0.279539	0.52146
741	0.600608	0.278094	0.522315
742	0.601067	0.276763	0.522644
743	0.601652	0.275783	0.521659
744	0.603035	0.275867	0.523119
745	0.604592	0.274535	0.524714
746	0.606088	0.273806	0.525276
747	0.605659	0.272939	0.524384
748	0.607817	0.271363	0.527978
749	0.608916	0.271813	0.525831
750	0.61035	0.27077	0.527211
751	0.611444	0.27039	0.525321
752	0.613255	0.268569	0.52909
753	0.614697	0.267804	0.528852
754	0.615622	0.267512	0.529451
755	0.616395	0.266998	0.528293
756	0.617879	0.26577	0.529694
757	0.618713	0.264659	0.529993
758	0.620971	0.263804	0.531797
759	0.621427	0.262483	0.531735
760	0.622255	0.261407	0.532491
761	0.623899	0.260224	0.534215
762	0.62442	0.259248	0.534591
763	0.62597	0.258678	0.534258
764	0.626744	0.258521	0.532878
765	0.628363	0.257116	0.534562
766	0.629435	0.257342	0.53344
767	0.63165	0.255718	0.538068
768	0.632201	0.25446	0.538264
769	0.633422	0.254449	0.536441
770	0.634642	0.252996	0.537347
771	0.636112	0.252187	0.537974
772	0.637653	0.251364	0.539002
773	0.638122	0.250931	0.536797
774	0.640487	0.249452	0.539763
775	0.640856	0.248673	0.539219
776	0.64236	0.247486	0.539415
777	0.644042	0.246257	0.538538
778	0.645895	0.24484	0.541628
779	0.647667	0.244245	0.541305
780	0.646907	0.244528	0.537804
781	0.648318	0.243013	0.542687
782	0.648457	0.243115	0.538576
783	0.651549	0.241468	0.540899
784	0.653018	0.239942	0.5435
785	0.654888	0.238214	0.545969
786	0.655443	0.237756	0.54496
787	0.657028	0.237012	0.544879
788	0.657193	0.236814	0.543952
789	0.659478	0.235335	0.545716
790	0.659925	0.235337	0.544454
791	0.660661	0.234114	0.543706
792	0.662877	0.23299	0.547887
793	0.663587	0.231868	0.54657
794	0.666012	0.231119	0.546999
795	0.667646	0.229662	0.550197
796	0.668077	0.229159	0.546144
797	0.669855	0.228005	0.547987
798	0.670869	0.227769	0.546706
799	0.67337	0.227114	0.548959
800	0.673946	0.22538	0.548613
801	0.675915	0.224588	0.546
802	0.676549	0.223608	0.546555
803	0.677875	0.222273	0.545617
804	0.679514	0.221273	0.545425
805	0.681293	0.219713	0.545139
806	0.683039	0.218973	0.544576
807	0.68422	0.216598	0.548329
808	0.686092	0.216873	0.544996
809	0.688167	0.213989	0.548899
810	0.689026	0.214363	0.547846
811	0.691216	0.212313	0.549927
812	0.692624	0.212336	0.544517
813	0.6935	0.211329	0.547185
814	0.695746	0.210027	0.548011
815	0.696799	0.20885	0.547657
816	0.696999	0.208899	0.546287
817	0.701116	0.206046	0.550619
818	0.701685	0.205914	0.544529
819	0.703507	0.204077	0.548947
820	0.705438	0.204036	0.545247
821	0.70784	0.201659	0.547332
822	0.707518	0.200922	0.547156
823	0.708664	0.201515	0.544869
824	0.710963	0.199573	0.544626
825	0.712727	0.198329	0.544839
826	0.713893	0.197329	0.544531
827	0.71542	0.196194	0.543927
828	0.717202	0.193947	0.543529
829	0.717585	0.194146	0.542239
830	0.720402	0.192557	0.544678
831	0.720945	0.191764	0.543888
832	0.722408	0.191319	0.541259
833	0.724173	0.190436	0.541697
834	0.725147	0.189874	0.538665
835	0.72767	0.187381	0.54571
836	0.728793	0.187352	0.538845
837	0.730049	0.18609	0.538827
838	0.731978	0.184548	0.53898
839	0.734203	0.182935	0.53885
840	0.735756	0.181519	0.537006
841	0.739046	0.179867	0.540791
842	0.74045	0.179039	0.536651
843	0.742349	0.177543	0.539587
844	0.743278	0.17679	0.533405
845	0.746697	0.174579	0.528292
846	0.748002	0.173422	0.528615
847	0.749853	0.171287	0.528924
848	0.752858	0.169175	0.528568
849	0.75401	0.168349	0.52959
850	0.754356	0.168717	0.526275
851	0.757866	0.1665	0.52769
852	0.756988	0.167121	0.524668
853	0.761349	0.164619	0.527359
854	0.76121	0.164057	0.520985
855	0.764176	0.161783	0.52203
856	0.767272	0.15981	0.520045
857	0.769337	0.158038	0.518292
858	0.771313	0.156766	0.51677
859	0.772729	0.15586	0.514461
860	0.773651	0.154719	0.512381
861	0.777448	0.152816	0.510258
862	0.779267	0.151131	0.509275
863	0.780012	0.151288	0.505126
864	0.783542	0.149093	0.50377
865	0.784749	0.14769	0.50328
866	0.787434	0.145042	0.501409
867	0.788554	0.14516	0.499401
868	0.790138	0.143646	0.496327
869	0.793628	0.142044	0.494907
870	0.79621	0.140168	0.494081
871	0.797172	0.139171	0.487631
872	0.798904	0.138011	0.485294
873	0.799914	0.13742	0.479486
874	0.803511	0.135541	0.477791
875	0.806961	0.131914	0.475147
876	0.806976	0.132688	0.468001
877	0.811535	0.128851	0.465733
878	0.813339	0.12792	0.460511
879	0.815804	0.125453	0.456909
880	0.81923	0.123265	0.45606
881	0.820385	0.122334	0.451354
882	0.822976	0.121124	0.446569
883	0.826015	0.118626	0.440525
884	0.82821	0.116756	0.441335
885	0.829449	0.116542	0.432221
886	0.832316	0.114094	0.428139
887	0.83363	0.113433	0.423295
888	0.836568	0.111246	0.424152
889	0.839246	0.109623	0.418065
890	0.841566	0.107729	0.4153
891	0.845034	0.104874	0.408669
892	0.8458	0.104413	0.401227
893	0.849856	0.101602	0.395472
894	0.850188	0.10137	0.387815
895	0.852101	0.1003	0.383122
896	0.855348	0.0975234	0.38143
897	0.857514	0.0956438	0.376571
898	0.85976	0.0950441	0.358395
899	0.86306	0.0921452	0.357219
900	0.864831	0.0914875	0.343648
901	0.86894	0.0878451	0.338034
902	0.872883	0.0852843	0.328084
903	0.874825	0.0834642	0.327213
904	0.877293	0.0820684	0.312628
905	0.879214	0.0808352	0.301547
906	0.88263	0.0788804	0.294198
907	0.88416	0.0772757	0.28078
908	0.888394	0.0737537	0.268723
909	0.893139	0.0707971	0.255524
910	0.893488	0.0707408	0.244051
911	0.896349	0.0691014	0.232603
912	0.898433	0.0670917	0.221477
913	0.902518	0.0643386	0.214067
914	0.903338	0.0636215	0.203659
915	0.905704	0.0620309	0.191233
916	0.905538	0.0625683	0.195865
917	0.910968	0.058545	0.17522
918	0.910905	0.0586931	0.180455
919	0.91226	0.0579477	0.17733
920	0.912603	0.0580697	0.186835
921	0.913863	0.0571675	0.184618
922	0.913913	0.0572345	0.184643
923	0.917258	0.0550238	0.174522
924	0.917424	0.055325	0.177569
925	0.916628	0.0555151	0.179439
926	0.917429	0.0552733	0.174821
927	0.918512	0.0549461	0.179065
928	0.917749	0.0551004	0.179638
929	0.918589	0.0547944	0.17105
930	0.916544	0.055944	0.171357
931	0.919041	0.0552034	0.176439
932	0.921552	0.0531673	0.172401
933	0.920739	0.0538444	0.171119
934	0.920844	0.0535196	0.175525
935	0.922893	0.0524161	0.171806
936	0.92305	0.051448	0.171884
937	0.920234	0.0539125	0.175851
938	0.923653	0.0523066	0.17294
939	0.92533	0.0512404	0.175508
940	0.925101	0.0514186	0.177072
941	0.9255	0.0513923	0.174827
942	0.926036	0.0506357	0.170535
943	0.924646	0.0519842	0.174293
944	0.925125	0.0514266	0.17354
945	0.923522	0.0528677	0.183587
946	0.92234	0.0538577	0.185742
947	0.923406	0.0529458	0.184
948	0.924289	0.0520766	0.18176
949	0.92259	0.0529329	0.179998
950	0.927215	0.050671	0.183802
951	0.929886	0.0496004	0.175705
952	0.930144	0.0490695	0.174522
953	0.929569	0.0496256	0.175642
954	0.931129	0.0481128	0.166386
955	0.929284	0.0495282	0.174394
956	0.928125	0.0503842	0.17574
957	0.927361	0.0509913	0.175737
958	0.928663	0.0500603	0.171808
959	0.930093	0.0490075	0.168748
960	0.929024	0.0495234	0.176602
960	0.929024	0.0495234	0.176602
961	0.9284	0.0502402	0.177321
962	0.928943	0.0500591	0.178493
963	0.928039	0.0504564	0.175682
964	0.928267	0.0501383	0.176925
965	0.929532	0.04914	0.167181
966	0.930178	0.0489985	0.168123
967	0.92935	0.0495038	0.165557
968	0.929532	0.0490807	0.166612
969	0.92896	0.0493515	0.173243
970	0.928401	0.0498575	0.17299
971	0.928754	0.0496667	0.172354
972	0.927405	0.0506102	0.177028
973	0.937497	0.0452591	0.178646
974	0.939857	0.0436066	0.168598
975	0.93851	0.0448788	0.174533
976	0.937285	0.0461024	0.17829
977	0.937706	0.0453146	0.174927
978	0.938565	0.0449575	0.171506
979	0.938938	0.0445262	0.165305
980	0.938589	0.0447603	0.176389
981	0.936287	0.0464522	0.172489
982	0.93634	0.046496	0.172396
983	0.937338	0.045828	0.170293
984	0.937134	0.0457277	0.172452
985	0.93583	0.0465964	0.176189
986	0.937241	0.0454647	0.175091
987	0.936799	0.0460363	0.1695
988	0.936275	0.0462045	0.17417
989	0.936676	0.0461863	0.175962
990	0.937865	0.0452453	0.169548
991	0.937195	0.0456991	0.171461
992	0.936299	0.0463892	0.173094
993	0.936368	0.0462601	0.180677
994	0.937497	0.0453495	0.17705
995	0.935027	0.0473947	0.178844
996	0.935913	0.0465085	0.17546
997	0.934684	0.0476358	0.18112
998	0.936057	0.0465159	0.18369
999	0.937268	0.0451432	0.17794
1000	0.935091	0.047111	0.178217
1001	0.936059	0.0463263	0.172319
1002	0.933984	0.0479884	0.179533
1003	0.935938	0.0460984	0.177623
1004	0.934242	0.0477573	0.178221
1005	0.934247	0.0477154	0.179493
1006	0.934649	0.0470098	0.171175
1007	0.934081	0.0477624	0.17884
1008	0.933891	0.0475833	0.180995
1009	0.932916	0.04846	0.184476
1010	0.935177	0.0467853	0.174321
1011	0.934891	0.0470106	0.178588
1012	0.933471	0.0482072	0.181576
1013	0.93302	0.0483352	0.175448
1014	0.932628	0.048604	0.180724
1015	0.932416	0.0492711	0.185873
1016	0.933722	0.0477354	0.178734
1017	0.933645	0.0478175	0.172661
1018	0.934324	0.0472939	0.174889
1019	0.932759	0.0483615	0.182615
1020	0.933414	0.048011	0.17999
1021	0.932672	0.0485677	0.179492
1022	0.93321	0.0480677	0.178731
1023	0.93356	0.0475414	0.179226
1024	0.933289	0.0479352	0.181658
1025	0.931318	0.0497869	0.181963
1026	0.95092	0.0378698	0.166612
1027	0.954776	0.0362027	0.174578
1028	0.954602	0.0363242	0.171631
1029	0.956107	0.0351528	0.170383
1030	0.956179	0.034652	0.168702
1031	0.956409	0.0345736	0.164331
1032	0.95431	0.036335	0.169081
1033	0.953981	0.0367394	0.169028
1034	0.954536	0.0363741	0.172325
1035	0.95526	0.0356434	0.164299
1036	0.955469	0.0354366	0.167084
1037	0.953777	0.0366404	0.165221
1038	0.95366	0.0369974	0.173021
1039	0.952751	0.037642	0.175981
1040	0.953764	0.0364664	0.171189
1041	0.952934	0.0374939	0.172412
1042	0.953049	0.0370497	0.174671
1043	0.953594	0.0368431	0.169537
1044	0.953045	0.0372802	0.175139
1045	0.952299	0.0377396	0.183087
1046	0.954102	0.0363087	0.166863
1047	0.953074	0.0371069	0.163038
1048	0.952883	0.0373993	0.163188
1049	0.95308	0.0370208	0.170607
1050	0.953025	0.0373284	0.174557
1051	0.952201	0.0377361	0.165541
1052	0.951625	0.0384856	0.170249
1053	0.95269	0.0373515	0.164469
1054	0.952648	0.037411	0.167777
1055	0.952275	0.0374714	0.167072
1056	0.951749	0.0378838	0.173781
1057	0.951955	0.037951	0.167576
1058	0.950547	0.0388712	0.174652
1059	0.951109	0.0384395	0.168616
1060	0.951081	0.0384385	0.17536
1061	0.950349	0.039156	0.171196
1062	0.949931	0.039518	0.173292
1063	0.950072	0.0394941	0.168976
1064	0.950264	0.0389359	0.17422
1065	0.949868	0.0392156	0.17946
1066	0.949619	0.0395836	0.181373
1067	0.948591	0.0405551	0.181169
1068	0.948266	0.0406549	0.183856
1069	0.949668	0.0394863	0.175465
1070	0.949158	0.0400911	0.171602
1071	0.949044	0.0399588	0.181201
1072	0.949412	0.0395789	0.174735
1073	0.947723	0.0407227	0.180633
1074	0.947687	0.0409096	0.186652
1075	0.947573	0.0410601	0.180447
1076	0.94892	0.0399146	0.169263
1077	0.94954	0.0394785	0.171547
1078	0.948135	0.0407556	0.172228
1079	0.948226	0.0405918	0.176323
1080	0.948318	0.0405868	0.175669
1081	0.946957	0.0413421	0.17568
1082	0.949365	0.0393311	0.166357
1083	0.94738	0.0411935	0.174
1084	0.946944	0.041362	0.176237
1085	0.944668	0.0430753	0.181229
1086	0.946569	0.0416688	0.172922
1087	0.946171	0.0417072	0.170127
1088	0.945908	0.0422125	0.174658
1089	0.947305	0.0411539	0.174362
1090	0.946393	0.0415281	0.172372
1091	0.947206	0.0410595	0.170341
1092	0.945258	0.0425479	0.175609
1093	0.94574	0.0420666	0.177282
1094	0.94624	0.041722	0.174371
1095	0.944266	0.0430226	0.183064
1096	0.946694	0.0411407	0.175237
1097	0.945572	0.0418922	0.176742
1098	0.944057	0.0433358	0.179068
1099	0.94486	0.0425627	0.178711
1100	0.943531	0.0438201	0.179114
1101	0.944264	0.0431322	0.177441
1102	0.941633	0.0451958	0.18495
1103	0.943793	0.0433473	0.179274
1104	0.943054	0.0438907	0.181547
1105	0.941973	0.0446192	0.186535
1106	0.943247	0.0438897	0.185966
1107	0.943629	0.0434725	0.181896
1108	0.942595	0.0444201	0.187317
1109	0.944112	0.0430336	0.178479
1110	0.941246	0.0454028	0.187066
1111	0.942276	0.0444715	0.188384
1112	0.94139	0.0455578	0.185539
1113	0.941335	0.0452047	0.181957
1114	0.941861	0.0446077	0.179457
1115	0.94027	0.0461948	0.184544
1116	0.941288	0.045226	0.18134
1117	0.941373	0.0452043	0.183364
1118	0.940565	0.0457448	0.187146
1119	0.938503	0.0474983	0.188643
1120	0.93939	0.046661	0.195531
1121	0.93703	0.0486878	0.201498
1122	0.938552	0.0475602	0.193796
1123	0.939377	0.0465534	0.187823
1124	0.939279	0.0464901	0.187757
1125	0.941169	0.0451036	0.182237
1126	0.939348	0.0464331	0.181186
1127	0.93967	0.0464536	0.182755
1128	0.940608	0.045623	0.175374
1129	0.940163	0.0458012	0.174605
1130	0.940151	0.0458647	0.177379
1131	0.939221	0.0465528	0.182043
1132	0.938665	0.046953	0.183814
1133	0.938346	0.0470444	0.187309
1134	0.937244	0.0478255	0.189047
1135	0.93611	0.0488112	0.193571
1136	0.935797	0.0490044	0.194675
1137	0.936126	0.0488196	0.192233
1138	0.936747	0.0481176	0.190765
1139	0.936733	0.0481772	0.19252
1140	0.935613	0.0491433	0.189877
1141	0.93656	0.0482168	0.187186
1142	0.936013	0.0489161	0.188896
1143	0.936591	0.0483616	0.184953
1144	0.935393	0.0490031	0.183893
1145	0.936736	0.0482327	0.189407
1146	0.937225	0.0474415	0.187539
1147	0.936301	0.0482545	0.186034
1148	0.936769	0.0477847	0.177877
1149	0.934999	0.0492084	0.184609
1150	0.93523	0.0492771	0.185239
1151	0.934775	0.0489692	0.181849
1152	0.934525	0.0494713	0.184114
1153	0.934613	0.0496771	0.188975
1154	0.934584	0.0494934	0.194733
1155	0.933158	0.050762	0.188072
1156	0.933391	0.0507471	0.194171
1157	0.931783	0.0520225	0.199091
1158	0.932919	0.0507996	0.192815
1159	0.933501	0.0502121	0.19054
1160	0.932933	0.0507161	0.191102
1161	0.932571	0.0508403	0.193261
1162	0.932437	0.0509968	0.194544
1163	0.930179	0.0527415	0.202612
1164	0.931545	0.0519632	0.204606
1165	0.929991	0.052931	0.204079
1166	0.930835	0.052052	0.196318
1167	0.9297	0.0526747	0.19732
1168	0.930303	0.0523613	0.193072
1169	0.929105	0.0531344	0.196533
1170	0.930176	0.0522837	0.189164
1171	0.929817	0.0527465	0.191142
1172	0.930016	0.0524841	0.192171
1173	0.930558	0.0521999	0.189822
1174	0.929843	0.0526642	0.188818
1175	0.93039	0.0523836	0.187696
1176	0.930556	0.0522412	0.189556
1177	0.930745	0.0516687	0.188418
1178	0.929743	0.0525547	0.187172
1179	0.929613	0.0525743	0.191643
1180	0.930341	0.0520458	0.188746
1181	0.928979	0.053094	0.192625
1182	0.929626	0.0528017	0.194195
1183	0.92907	0.0531459	0.193872
1184	0.927834	0.053934	0.195369
1185	0.928485	0.0538727	0.198736
1186	0.926398	0.0549082	0.196406
1187	0.925999	0.0555434	0.204375
1188	0.925895	0.0556227	0.203781
1189	0.926954	0.0544609	0.19802
1190	0.925726	0.0558857	0.204122
1191	0.925111	0.056103	0.204619
1192	0.926654	0.0547371	0.19857
1193	0.926197	0.0548042	0.203418
1194	0.924262	0.0567811	0.206634
1195	0.923824	0.0571991	0.198789
1196	0.923664	0.0569787	0.205477
1197	0.925888	0.0551068	0.196838
1198	0.925135	0.0557173	0.193819
1199	0.924571	0.0560846	0.198199
1200	0.923652	0.0570558	0.199802
1201	0.922655	0.0575388	0.202281
1202	0.924465	0.0561557	0.199878
1203	0.924931	0.0558081	0.203445
1204	0.923992	0.0564355	0.20016
1205	0.923714	0.056884	0.201669
1206	0.924743	0.0560385	0.194395
1207	0.925837	0.0550507	0.195467
1208	0.925947	0.0549709	0.191812
1209	0.924999	0.0558549	0.193037
1210	0.923651	0.0565156	0.193462
1211	0.925139	0.0549895	0.19211
1212	0.926058	0.0542679	0.185103
1213	0.925447	0.0549615	0.185021
1214	0.92504	0.0552803	0.18518
1215	0.925298	0.0551445	0.183778
1216	0.982797	0.0152481	0.121189
1217	0.998076	0.00187153	0.129853
1218	0.998459	0.00149761	0.100054
1219	0.998711	0.00125114	0.0811583
1220	0.998895	0.00107208	0.0667328
1221	0.999036	0.0009338	0.0564794
1222	0.999148	0.000824716	0.0476129
1223	0.999239	0.000735866	0.0408256
1224	0.999314	0.000662833	0.0351012
1225	0.999377	0.000601685	0.0305019
1226	0.99943	0.000550179	0.026553
1227	0.999475	0.000506144	0.0232884
1228	0.999515	0.000467931	0.0206322
1229	0.999549	0.000434753	0.018387
1230	0.999579	0.000405515	0.0165469
1231	0.999605	0.000379765	0.0149245
1232	0.999629	0.000356846	0.0135346
1233	0.99965	0.000336306	0.0123447
1234	0.999669	0.000317849	0.0112974
1235	0.999687	0.000301138	0.0103913
1236	0.999702	0.000286009	0.00957254
1237	0.999716	0.000272085	0.00889711
1238	0.99973	0.00025955	0.00821644
1239	0.999742	0.000247844	0.00767986
1240	0.999753	0.000237172	0.00715725
1241	0.999763	0.000227203	0.00672243
1242	0.999772	0.000218047	0.00630164
1243	0.999781	0.000209475	0.00594042
1244	0.99979	0.00020149	0.00561062
1245	0.999797	0.000194071	0.00529945
1246	0.999804	0.000187118	0.00501699
1247	0.999811	0.000180575	0.00476527
1248	0.999818	0.000174447	0.0045278
1249	0.999824	0.000168702	0.00430347
1250	0.999829	0.000163283	0.0040981
1251	0.999835	0.000158139	0.00391393
1252	0.99984	0.000153295	0.00373839
1253	0.999844	0.000148703	0.00357672
1254	0.999849	0.000144328	0.00343126
1255	0.999853	0.000140203	0.00328799
1256	0.999857	0.000136278	0.00315546
1257	0.999861	0.000132552	0.0030295
1258	0.999865	0.000129006	0.00290964
1259	0.999868	0.000125614	0.00279833
1260	0.999872	0.000122365	0.0026977
1261	0.999875	0.000119248	0.00260534
1262	0.999878	0.000116302	0.00251154
1263	0.999881	0.000113443	0.00243026
1264	0.999884	0.00011073	0.0023484
1265	0.999886	0.00010814	0.00226844
1266	0.999889	0.000105655	0.00219263
1267	0.999892	0.00010325	0.00212277
1268	0.999894	0.000100964	0.00205327
1269	0.999896	9.87338e-05	0.00199303
1270	0.999899	9.65908e-05	0.00193563
1271	0.999901	9.45473e-05	0.00187712
1272	0.999903	9.25649e-05	0.00182305
1273	0.999905	9.06268e-05	0.0017766
1274	0.999907	8.87943e-05	0.00172538
1275	0.999909	8.701e-05	0.00167965
1276	0.99991	8.52931e-05	0.00163425
1277	0.999912	8.36381e-05	0.00159073
1278	0.999914	8.20217e-05	0.00155121
1279	0.999915	8.04871e-05	0.00150894
1280	0.999917	7.89558e-05	0.00147402
1281	0.999918	7.74962e-05	0.00143695
1282	0.99992	7.6088e-05	0.001402
1283	0.999921	7.47282e-05	0.00136707
1284	0.999923	7.33854e-05	0.00133788
1285	0.999924	7.21225e-05	0.00130172
1286	0.999925	7.08762e-05	0.00127174
1287	0.999927	6.96615e-05	0.00124399
1288	0.999928	6.84844e-05	0.00121664
1289	0.999929	6.73678e-05	0.00118579
1290	0.99993	6.62658e-05	0.00115931
1291	0.999931	6.5181e-05	0.00113531
1292	0.999932	6.41216e-05	0.0011126
1293	0.999934	6.31124e-05	0.00108812
1294	0.999935	6.21201e-05	0.00106542
1295	0.999936	6.11599e-05	0.00104298
1296	0.999937	6.02219e-05	0.00102125
1297	0.999938	5.931e-05	0.00100069
1298	0.999938	5.84171e-05	0.000980759
1299	0.999939	5.75473e-05	0.000961877
1300	0.99994	5.66983e-05	0.000943549
