600	0.461043	0.371908	0.427618
601	0.461364	0.371192	0.42766
602	0.46217	0.37098	0.428515
603	0.462597	0.370105	0.429173
604	0.463385	0.370046	0.42966
605	0.463053	0.369521	0.429088
606	0.463638	0.369503	0.428834
607	0.464084	0.367606	0.429329
608	0.465584	0.367253	0.430771
609	0.466284	0.36718	0.431234
610	0.465976	0.365726	0.430911
611	0.467894	0.365899	0.432153
612	0.468164	0.364814	0.432862
613	0.469678	0.364959	0.434098
614	0.46984	0.364458	0.433759
615	0.471134	0.36341	0.435483
616	0.471241	0.363105	0.435468
617	0.472617	0.362262	0.437216
618	0.472769	0.362082	0.435744
619	0.473599	0.362023	0.436773
620	0.474385	0.360961	0.438128
621	0.475023	0.36113	0.437879
622	0.474525	0.360562	0.437541
623	0.475665	0.359607	0.438042
624	0.477276	0.35945	0.439558
625	0.478263	0.358178	0.441355
626	0.478262	0.357366	0.441128
627	0.479143	0.358041	0.440938
628	0.479191	0.35725	0.441033
629	0.480049	0.356002	0.441909
630	0.480717	0.355476	0.443059
631	0.480877	0.354684	0.442904
632	0.482712	0.355421	0.444139
633	0.483679	0.354756	0.44527
634	0.483111	0.353834	0.444239
635	0.483826	0.353353	0.444696
636	0.485156	0.352665	0.445684
637	0.486389	0.351954	0.446153
638	0.487473	0.351574	0.447377
639	0.487088	0.351477	0.44655
640	0.488743	0.349993	0.448058
641	0.488978	0.349215	0.448416
642	0.489273	0.349162	0.448467
643	0.490353	0.349433	0.449058
644	0.491321	0.347918	0.451128
645	0.492606	0.348322	0.451698
646	0.491959	0.348229	0.450042
647	0.493003	0.348199	0.450996
648	0.494244	0.347435	0.452854
649	0.49523	0.347029	0.453192
650	0.495416	0.346661	0.453154
651	0.495897	0.346711	0.45329
652	0.496195	0.346374	0.453234
653	0.49717	0.344795	0.455167
654	0.497245	0.34504	0.453878
655	0.498967	0.344685	0.454623
656	0.498683	0.342488	0.455251
657	0.49878	0.341665	0.455236
658	0.500064	0.341689	0.456782
659	0.500006	0.342085	0.455329
660	0.501923	0.341759	0.457042
661	0.501736	0.340688	0.456783
662	0.502755	0.34003	0.457351
663	0.503791	0.339238	0.458385
664	0.505368	0.338504	0.460277
665	0.505593	0.337965	0.459979
666	0.506533	0.337654	0.460442
667	0.507565	0.336738	0.462174
668	0.508245	0.336738	0.462639
669	0.508987	0.336762	0.462542
670	0.510006	0.335717	0.463623
671	0.510191	0.335802	0.462838
672	0.510689	0.334876	0.463189
673	0.511394	0.33316	0.464395
674	0.51308	0.333679	0.466009
675	0.51361	0.33293	0.466362
676	0.513973	0.332613	0.466005
677	0.513325	0.333045	0.465005
678	0.515002	0.331515	0.466815
679	0.515686	0.331474	0.467252
680	0.516983	0.329761	0.469053
681	0.51745	0.32931	0.468789
682	0.520143	0.328947	0.472205
683	0.520614	0.327727	0.471614
684	0.521494	0.326544	0.472242
685	0.521189	0.326754	0.471198
686	0.522019	0.326314	0.471677
687	0.523466	0.325393	0.472902
688	0.524944	0.323532	0.474871
689	0.526355	0.324175	0.474452
690	0.527317	0.322435	0.475551
691	0.528302	0.32155	0.4775
692	0.528167	0.321361	0.476177
693	0.528282	0.321387	0.475982
694	0.53005	0.320723	0.478347
695	0.530483	0.320343	0.477568
696	0.532466	0.320271	0.480054
697	0.53199	0.319565	0.478841
698	0.532785	0.318905	0.479118
699	0.534061	0.318347	0.480421
700	0.53534	0.317607	0.48182
701	0.53614	0.316809	0.48261
702	0.536336	0.316542	0.482013
703	0.537851	0.31572	0.483869
704	0.538477	0.316102	0.482462
705	0.539699	0.314956	0.484933
706	0.539778	0.31409	0.484736
707	0.541667	0.313849	0.485335
708	0.542492	0.313267	0.485118
709	0.542571	0.311254	0.48689
710	0.543269	0.312615	0.485466
711	0.544333	0.311621	0.486268
712	0.545228	0.310957	0.487044
713	0.546082	0.311035	0.486723
714	0.546847	0.309677	0.487542
715	0.547393	0.308464	0.487225
716	0.547835	0.307335	0.488839
717	0.549415	0.307966	0.488331
718	0.551393	0.306499	0.490898
719	0.551439	0.305265	0.490865
720	0.552043	0.304645	0.491123
721	0.553752	0.304112	0.492303
722	0.555651	0.304284	0.492618
723	0.556066	0.302717	0.493125
724	0.557117	0.301952	0.494555
725	0.558973	0.300758	0.495499
726	0.560044	0.300878	0.495898
727	0.560358	0.300441	0.495517
728	0.561638	0.298842	0.497564
729	0.562498	0.298241	0.497163
730	0.564678	0.297846	0.498135
731	0.564732	0.296016	0.499157
732	0.565458	0.295469	0.498584
733	0.567229	0.294605	0.500595
734	0.567645	0.293529	0.499691
735	0.568957	0.29286	0.500897
736	0.570303	0.291995	0.50279
737	0.570626	0.292213	0.501199
738	0.572267	0.291679	0.502565
739	0.57426	0.290296	0.506254
740	0.574758	0.289605	0.505262
741	0.575739	0.288992	0.5043
742	0.576734	0.287544	0.506665
743	0.57778	0.287059	0.506679
744	0.578665	0.286459	0.506747
745	0.580566	0.285624	0.507876
746	0.581486	0.284942	0.508253
747	0.582232	0.283847	0.507454
748	0.584298	0.282464	0.509244
749	0.585558	0.28153	0.509943
750	0.587091	0.28145	0.509813
751	0.586828	0.280571	0.509375
752	0.587437	0.279882	0.510441
753	0.587976	0.27957	0.509909
754	0.590818	0.278205	0.512714
755	0.592161	0.277275	0.512655
756	0.593484	0.276072	0.513664
757	0.59381	0.276331	0.511854
758	0.595503	0.274098	0.515492
759	0.596068	0.274452	0.51526
760	0.597517	0.273516	0.515455
761	0.597394	0.273514	0.513899
762	0.598795	0.271973	0.516137
763	0.600875	0.2715	0.518467
764	0.601362	0.270328	0.517276
765	0.60385	0.269861	0.519725
766	0.604188	0.268536	0.519457
767	0.605072	0.267911	0.519321
768	0.606178	0.267464	0.519129
769	0.608289	0.266383	0.52112
770	0.609487	0.265232	0.523258
771	0.610412	0.263921	0.523009
772	0.611543	0.263818	0.521125
773	0.613229	0.26175	0.523331
774	0.613818	0.261258	0.522067
775	0.615517	0.259939	0.521782
776	0.617394	0.258898	0.522389
777	0.617841	0.25794	0.522006
778	0.62008	0.257685	0.523174
779	0.621755	0.254873	0.527226
780	0.622547	0.25539	0.524946
781	0.624591	0.253345	0.52818
782	0.625988	0.253362	0.527566
783	0.626816	0.252777	0.527999
784	0.628433	0.251063	0.530416
785	0.628711	0.25069	0.529867
786	0.629899	0.250542	0.527703
787	0.632967	0.247957	0.532871
788	0.633525	0.247518	0.529885
789	0.635616	0.246752	0.529588
790	0.637335	0.245841	0.530667
791	0.638563	0.244314	0.531273
792	0.638782	0.244535	0.531041
793	0.639894	0.244482	0.528978
794	0.643134	0.241496	0.534062
795	0.643137	0.241752	0.530664
796	0.643745	0.240561	0.530237
797	0.646057	0.23853	0.533197
798	0.646962	0.238348	0.530683
799	0.648938	0.236703	0.534524
800	0.64972	0.235699	0.534939
801	0.650729	0.235454	0.533014
802	0.652708	0.234989	0.534639
803	0.652967	0.235254	0.532271
804	0.655343	0.23296	0.536508
805	0.656125	0.232117	0.537057
806	0.657433	0.230993	0.5354
807	0.65938	0.229951	0.536118
808	0.661168	0.228788	0.534383
809	0.662624	0.226245	0.538078
810	0.66572	0.225814	0.538965
811	0.66663	0.225019	0.537932
812	0.667929	0.224474	0.536592
813	0.670093	0.222215	0.538854
814	0.671886	0.220667	0.53618
815	0.673065	0.218889	0.536599
816	0.675054	0.218575	0.534573
817	0.677444	0.216605	0.53972
818	0.677343	0.216044	0.53843
819	0.679354	0.215439	0.538788
820	0.680401	0.214826	0.53711
821	0.68191	0.214638	0.53671
822	0.683544	0.213602	0.537401
823	0.685946	0.211085	0.537261
824	0.688237	0.209722	0.538211
825	0.690762	0.207488	0.540541
826	0.691983	0.207523	0.536664
827	0.69352	0.206442	0.536656
828	0.694617	0.205044	0.538026
829	0.697295	0.203935	0.536327
830	0.699732	0.201476	0.540157
831	0.699769	0.202579	0.53232
832	0.702798	0.200247	0.536603
833	0.7041	0.199286	0.533941
834	0.706617	0.196571	0.53743
835	0.707394	0.19714	0.534197
836	0.70906	0.195432	0.536516
837	0.71242	0.19415	0.535088
838	0.714159	0.192495	0.536021
839	0.715194	0.191547	0.533191
840	0.716005	0.190132	0.534
841	0.717394	0.19048	0.527463
842	0.721389	0.187127	0.533172
843	0.722958	0.186133	0.529522
844	0.724455	0.184813	0.526764
845	0.728299	0.182593	0.527655
846	0.729703	0.180464	0.527992
847	0.731839	0.179997	0.521813
848	0.734564	0.178309	0.524407
849	0.734519	0.177201	0.522117
850	0.738137	0.175835	0.521427
851	0.740123	0.174567	0.520694
852	0.741567	0.173508	0.518953
853	0.743535	0.172008	0.518955
854	0.745014	0.170439	0.519115
855	0.747115	0.169339	0.519477
856	0.750004	0.167466	0.520071
857	0.751829	0.166507	0.51726
858	0.754441	0.164489	0.513104
859	0.75544	0.16428	0.509451
860	0.759057	0.16132	0.514041
861	0.758907	0.161302	0.508795
862	0.761395	0.159326	0.508945
863	0.763315	0.158523	0.502538
864	0.765624	0.157023	0.500513
865	0.76795	0.155272	0.501288
866	0.769623	0.154449	0.495626
867	0.772257	0.151599	0.493954
868	0.776156	0.149858	0.491841
869	0.779158	0.147901	0.48867
870	0.780291	0.147065	0.485684
871	0.782784	0.145328	0.486201
872	0.784073	0.144256	0.480751
873	0.786622	0.143049	0.478142
874	0.789358	0.140356	0.474336
875	0.794072	0.137	0.472623
876	0.794687	0.136774	0.466916
877	0.796908	0.136049	0.463236
878	0.798409	0.133818	0.456594
879	0.802133	0.131889	0.462089
880	0.803172	0.131199	0.455516
881	0.805182	0.129899	0.453142
882	0.805755	0.129694	0.45061
883	0.810626	0.126083	0.448828
884	0.811544	0.125331	0.445691
885	0.814176	0.1234	0.442784
886	0.81622	0.122714	0.441169
887	0.818738	0.120735	0.435828
888	0.820817	0.119742	0.426476
889	0.825729	0.116176	0.425577
890	0.826946	0.115225	0.421097
891	0.828493	0.113615	0.415418
892	0.831688	0.111579	0.41123
893	0.832072	0.111515	0.40477
894	0.836375	0.108625	0.394723
895	0.838012	0.106724	0.391542
896	0.838202	0.106806	0.382568
897	0.842534	0.104266	0.375546
898	0.846667	0.101295	0.36804
899	0.847743	0.100214	0.362699
900	0.85222	0.0973999	0.364306
901	0.855924	0.0948867	0.349632
902	0.856961	0.0942328	0.339884
903	0.85947	0.0924677	0.333647
904	0.862036	0.0904896	0.328015
905	0.864281	0.0892916	0.3254
906	0.867479	0.0869244	0.31432
907	0.87158	0.0833674	0.305307
908	0.873254	0.0831548	0.294324
909	0.877472	0.07957	0.285172
910	0.878222	0.0801063	0.280461
911	0.880856	0.0782855	0.267449
912	0.884467	0.0755368	0.258387
913	0.88811	0.073156	0.243285
914	0.890827	0.070392	0.224848
915	0.892457	0.0696502	0.218217
916	0.896886	0.0666911	0.199681
917	0.898509	0.0657498	0.192501
918	0.900393	0.0644953	0.18833
919	0.902891	0.0627413	0.18156
920	0.902233	0.0635998	0.187662
921	0.90309	0.0629469	0.186094
922	0.904525	0.0622633	0.184164
923	0.906732	0.0608294	0.186577
924	0.908328	0.0599252	0.1834
925	0.907714	0.0604698	0.186787
926	0.908854	0.0594604	0.183025
927	0.910915	0.0585211	0.184234
928	0.909809	0.0590347	0.187038
929	0.910688	0.0591695	0.176141
930	0.912973	0.0569145	0.175583
931	0.915492	0.0559796	0.171487
932	0.915796	0.0555957	0.173359
933	0.914857	0.056322	0.176449
934	0.915251	0.0563498	0.17471
935	0.914376	0.0566249	0.179965
936	0.912725	0.0580751	0.179442
937	0.912952	0.0575572	0.184791
938	0.918583	0.0543001	0.17357
939	0.917959	0.0553391	0.182333
940	0.917364	0.0558978	0.181801
941	0.917576	0.0554152	0.184216
942	0.918409	0.0549847	0.179207
943	0.919685	0.0540457	0.171671
944	0.919214	0.0540149	0.177658
945	0.915897	0.0566406	0.178962
946	0.91533	0.0574773	0.178018
947	0.917567	0.0551055	0.179715
948	0.915382	0.0567803	0.183421
949	0.916094	0.0562557	0.18009
950	0.923038	0.0526611	0.175656
951	0.924574	0.0520819	0.170953
952	0.924119	0.0521127	0.17645
953	0.925134	0.051673	0.175592
954	0.924746	0.0519534	0.174138
955	0.923775	0.0524309	0.174922
956	0.923684	0.052807	0.1823
957	0.925114	0.0515443	0.17951
958	0.921959	0.0539244	0.180199
959	0.922786	0.0533125	0.178607
960	0.922186	0.0536628	0.179908
960	0.922186	0.0536628	0.179908
961	0.922793	0.0531494	0.185175
962	0.924007	0.051876	0.17872
963	0.921843	0.0539384	0.181637
964	0.922816	0.053129	0.175461
965	0.92201	0.0534971	0.180787
966	0.922468	0.0530767	0.178074
967	0.921179	0.0539378	0.177221
968	0.920705	0.0547049	0.180396
969	0.921317	0.053611	0.173593
970	0.920535	0.0546728	0.184305
971	0.92016	0.0545298	0.184109
972	0.920637	0.0544082	0.181337
973	0.93462	0.0465336	0.170099
974	0.933757	0.0478447	0.182845
975	0.933257	0.0477835	0.172597
976	0.933116	0.0479093	0.174437
977	0.932794	0.0485548	0.181917
978	0.932868	0.0483028	0.175319
979	0.93327	0.0477529	0.174124
980	0.934586	0.0466052	0.169599
981	0.932819	0.0483557	0.177555
982	0.9336	0.0477805	0.177689
983	0.932745	0.048177	0.179271
984	0.932964	0.0483112	0.174511
985	0.933319	0.0474884	0.17612
986	0.93331	0.047626	0.178568
987	0.931086	0.0496323	0.179202
988	0.933917	0.0468256	0.173226
989	0.930763	0.0499561	0.181961
990	0.931681	0.0489503	0.178319
991	0.931787	0.0488964	0.179623
992	0.932185	0.0482013	0.178674
993	0.932806	0.0477678	0.17229
994	0.930254	0.0497965	0.179244
995	0.930995	0.0496045	0.174262
996	0.931208	0.0493788	0.179036
997	0.93127	0.0489791	0.174613
998	0.930466	0.0494362	0.17896
999	0.92985	0.0501719	0.177711
1000	0.929022	0.050582	0.180469
1001	0.928197	0.0511751	0.179167
1002	0.929062	0.0505942	0.182393
1003	0.929156	0.0504045	0.181038
1004	0.928498	0.0506135	0.175497
1005	0.929119	0.0503046	0.178013
1006	0.926931	0.0518117	0.187951
1007	0.92815	0.0511237	0.183327
1008	0.928045	0.0510537	0.175166
1009	0.927725	0.0515225	0.173278
1010	0.92657	0.0517938	0.179633
1011	0.928147	0.0507813	0.182077
1012	0.926698	0.0515951	0.17697
1013	0.926213	0.0524095	0.17823
1014	0.926396	0.0519427	0.176995
1015	0.926385	0.0519141	0.177942
1016	0.926445	0.0515907	0.18148
1017	0.925638	0.052328	0.182494
1018	0.927053	0.0512659	0.173043
1019	0.924493	0.0531666	0.181611
1020	0.924454	0.0532733	0.176953
1021	0.923667	0.0540363	0.182698
1022	0.923943	0.0537683	0.179685
1023	0.92377	0.0536678	0.181447
1024	0.923563	0.0538275	0.179585
1025	0.924342	0.0530126	0.182981
1026	0.942846	0.0432926	0.179974
1027	0.949586	0.0392483	0.180666
1028	0.948007	0.0406526	0.180867
1029	0.949454	0.0394929	0.171683
1030	0.94897	0.0399224	0.169571
1031	0.948847	0.0400044	0.177637
1032	0.949002	0.0395373	0.174289
1033	0.948692	0.0397357	0.174363
1034	0.947257	0.0410442	0.182484
1035	0.947282	0.0410534	0.179117
1036	0.949063	0.0394596	0.168722
1037	0.949441	0.0393173	0.167877
1038	0.948061	0.0405201	0.170661
1039	0.948221	0.0403177	0.173487
1040	0.948286	0.0403861	0.172822
1041	0.947033	0.0410523	0.172154
1042	0.949441	0.0391466	0.163558
1043	0.947236	0.0409931	0.171718
1044	0.946415	0.0414726	0.175829
1045	0.944774	0.0428226	0.175714
1046	0.946664	0.0414491	0.168591
1047	0.945654	0.0418964	0.16803
1048	0.946853	0.0412318	0.172074
1049	0.946863	0.0409741	0.171255
1050	0.946302	0.0414872	0.169725
1051	0.94647	0.0414234	0.171577
1052	0.945498	0.0420906	0.171432
1053	0.945864	0.0417319	0.174101
1054	0.945706	0.0417303	0.176177
1055	0.944884	0.0422699	0.177221
1056	0.947069	0.0403257	0.173728
1057	0.944011	0.0433074	0.175558
1058	0.945002	0.0422891	0.174732
1059	0.943567	0.0435627	0.174408
1060	0.944371	0.0427294	0.174234
1061	0.942237	0.0446504	0.178143
1062	0.943347	0.0434887	0.176875
1063	0.943186	0.043622	0.178442
1064	0.941797	0.0444635	0.185972
1065	0.943317	0.0436024	0.182903
1066	0.943548	0.0432973	0.179213
1067	0.942668	0.0441857	0.18418
1068	0.943885	0.0430432	0.175583
1069	0.941265	0.0452072	0.183002
1070	0.942241	0.0443461	0.186366
1071	0.941658	0.0449356	0.182598
1072	0.941144	0.0451045	0.181032
1073	0.941686	0.04455	0.176571
1074	0.940749	0.0455779	0.177966
1075	0.941207	0.045177	0.176627
1076	0.94077	0.0453908	0.183348
1077	0.939944	0.0458772	0.179873
1078	0.938705	0.0470847	0.192213
1079	0.938602	0.046911	0.197716
1080	0.937322	0.0482687	0.191848
1081	0.939008	0.0469471	0.190912
1082	0.939537	0.045787	0.181865
1083	0.940575	0.0453084	0.181511
1084	0.939063	0.046567	0.179814
1085	0.939937	0.0459144	0.176778
1086	0.940526	0.0455971	0.173751
1087	0.940071	0.0455757	0.171235
1088	0.940128	0.0456687	0.174294
1089	0.939368	0.0460729	0.179921
1090	0.938661	0.0466749	0.181875
1091	0.938339	0.0467524	0.18408
1092	0.937142	0.0476865	0.185915
1093	0.93597	0.0486365	0.191245
1094	0.935855	0.0486363	0.19105
1095	0.936083	0.0487203	0.187586
1096	0.93707	0.0475706	0.187766
1097	0.936363	0.0483872	0.185765
1098	0.935462	0.048793	0.186882
1099	0.936644	0.0477721	0.183994
1100	0.935578	0.0489551	0.186681
1101	0.936414	0.0480409	0.183044
1102	0.93625	0.0482177	0.178121
1103	0.936457	0.0480359	0.188658
1104	0.936986	0.0475086	0.182332
1105	0.936935	0.0472394	0.178454
1106	0.936496	0.0476408	0.17924
1107	0.934542	0.0495595	0.186311
1108	0.93578	0.0481174	0.17575
1109	0.934276	0.0494973	0.180867
1110	0.934687	0.0492359	0.184956
1111	0.93511	0.0488395	0.191615
1112	0.93351	0.0502238	0.185671
1113	0.933449	0.0502322	0.192645
1114	0.931832	0.0517454	0.198937
1115	0.932669	0.0506574	0.190478
1116	0.933562	0.0498937	0.187013
1117	0.932782	0.0505764	0.187908
1118	0.932561	0.0505896	0.189243
1119	0.932416	0.0506393	0.192564
1120	0.930177	0.0524037	0.199336
1121	0.931233	0.052027	0.201212
1122	0.930198	0.0523714	0.199047
1123	0.930662	0.051827	0.19489
1124	0.929242	0.0528637	0.192935
1125	0.930004	0.0523177	0.189328
1126	0.929757	0.0522335	0.187887
1127	0.929849	0.0524269	0.188676
1128	0.929873	0.0522276	0.187699
1129	0.930515	0.0517839	0.193218
1130	0.929566	0.0526468	0.186918
1131	0.93013	0.0522235	0.185595
1132	0.9304	0.0519503	0.181794
1133	0.93087	0.0514157	0.187916
1134	0.929947	0.0520388	0.1855
1135	0.929601	0.0524486	0.186775
1136	0.929982	0.0517936	0.187694
1137	0.929382	0.0525358	0.183931
1138	0.929142	0.0527599	0.191697
1139	0.929064	0.0527799	0.192545
1140	0.92775	0.0539193	0.190388
1141	0.928224	0.0537504	0.196361
1142	0.926546	0.0543901	0.193058
1143	0.925956	0.055276	0.199924
1144	0.925754	0.0553311	0.200993
1145	0.926663	0.0543839	0.194301
1146	0.92566	0.0555474	0.201121
1147	0.925131	0.0556056	0.202861
1148	0.926198	0.0547401	0.195802
1149	0.925716	0.0547559	0.198273
1150	0.923759	0.0566864	0.202091
1151	0.92359	0.0568797	0.196645
1152	0.923906	0.0563329	0.200654
1153	0.925697	0.0548417	0.190614
1154	0.924308	0.0560965	0.192374
1155	0.92447	0.0559032	0.19427
1156	0.922346	0.05774	0.198651
1157	0.923585	0.0564931	0.195394
1158	0.924608	0.0558313	0.201898
1159	0.924015	0.0560476	0.197762
1160	0.922854	0.0569094	0.19946
1161	0.923668	0.0561282	0.193387
1162	0.924941	0.0553253	0.193808
1163	0.925314	0.054841	0.186735
1164	0.92484	0.0555794	0.189454
1165	0.922471	0.0570557	0.19086
1166	0.92406	0.0556677	0.190666
1167	0.924631	0.0548785	0.183862
1168	0.923883	0.0557549	0.18577
1169	0.923156	0.0562876	0.188463
1170	0.922178	0.0570005	0.191495
1171	0.922849	0.0562084	0.187197
1172	0.921959	0.0572098	0.196931
1173	0.922265	0.056914	0.190476
1174	0.922032	0.057341	0.191861
1175	0.92042	0.058568	0.193225
1176	0.920342	0.05803	0.197395
1177	0.921537	0.0573703	0.190592
1178	0.920843	0.0580857	0.195238
1179	0.921177	0.0575142	0.192585
1180	0.920729	0.0578421	0.193251
1181	0.921567	0.0572111	0.188817
1182	0.919999	0.0581596	0.200872
1183	0.920295	0.0581215	0.19491
1184	0.920604	0.0576129	0.194461
1185	0.918404	0.0594231	0.195858
1186	0.918058	0.0599002	0.197251
1187	0.917863	0.0602039	0.196442
1188	0.919857	0.0581326	0.194169
1189	0.918204	0.059226	0.195233
1190	0.918156	0.0596687	0.192334
1191	0.917908	0.0597995	0.192135
1192	0.918083	0.0591742	0.196835
1193	0.916531	0.0605204	0.201436
1194	0.916189	0.0609387	0.201337
1195	0.917281	0.059857	0.195768
1196	0.917273	0.0600956	0.196687
1197	0.914395	0.0623439	0.199143
1198	0.916198	0.0608826	0.198541
1199	0.916335	0.060726	0.193468
1200	0.915627	0.0611984	0.19267
1201	0.915572	0.0609091	0.196938
1202	0.914065	0.0621613	0.200502
1203	0.913746	0.0625698	0.200858
1204	0.914548	0.0619233	0.201928
1205	0.913325	0.0627059	0.199144
1206	0.915862	0.0605145	0.193552
1207	0.913547	0.062207	0.194751
1208	0.912895	0.0627602	0.201277
1209	0.912403	0.0635821	0.199332
1210	0.912426	0.0634495	0.207842
1211	0.91346	0.0624817	0.200163
1212	0.9121	0.0632768	0.204604
1213	0.912453	0.0629949	0.199096
1214	0.913677	0.0624311	0.19749
1215	0.913962	0.061732	0.194382
1216	0.979821	0.017627	0.140454
1217	0.997333	0.00259771	0.182691
1218	0.997921	0.00202064	0.138304
1219	0.998331	0.00162024	0.104603
1220	0.998618	0.0013388	0.0837971
1221	0.998828	0.00113332	0.0687137
1222	0.998988	0.000977871	0.0561949
1223	0.999114	0.000855562	0.0470009
1224	0.999214	0.000757762	0.0396558
1225	0.999296	0.000677948	0.0339552
1226	0.999364	0.000612398	0.0290736
1227	0.999421	0.000557267	0.0252966
1228	0.999469	0.000510922	0.0219829
1229	0.99951	0.000470949	0.0194163
1230	0.999546	0.000436406	0.0172642
1231	0.999577	0.000406162	0.0155085
1232	0.999604	0.00037967	0.0139711
1233	0.999629	0.000356341	0.0126024
1234	0.99965	0.000335419	0.0114817
1235	0.99967	0.00031664	0.0105188
1236	0.999687	0.000299649	0.00970419
1237	0.999703	0.000284378	0.00894619
1238	0.999717	0.00027053	0.00826536
1239	0.999731	0.000257747	0.00770527
1240	0.999743	0.000246064	0.00719456
1241	0.999754	0.000235275	0.00675056
1242	0.999764	0.000225336	0.00634516
1243	0.999774	0.000216214	0.00595687
1244	0.999782	0.000207744	0.00560725
1245	0.999791	0.000199844	0.00529436
1246	0.999798	0.000192478	0.00500792
1247	0.999805	0.000185597	0.00474502
1248	0.999812	0.000179133	0.00450791
1249	0.999818	0.000173102	0.00428211
1250	0.999824	0.00016742	0.00407555
1251	0.99983	0.000162031	0.00389428
1252	0.999835	0.000157013	0.00371011
1253	0.99984	0.00015226	0.00354262
1254	0.999845	0.000147703	0.00339863
1255	0.999849	0.000143442	0.00325224
1256	0.999854	0.000139348	0.00312641
1257	0.999858	0.000135444	0.00301124
1258	0.999861	0.000131761	0.00289702
1259	0.999865	0.000128284	0.00278118
1260	0.999869	0.000124927	0.00268286
1261	0.999872	0.000121713	0.00259127
1262	0.999875	0.000118682	0.00249849
1263	0.999878	0.000115761	0.00241428
1264	0.999881	0.000112977	0.00233334
1265	0.999885	0.000109475	0.00224562
1266	0.999887	0.000106929	0.00217397
1267	0.99989	0.000104483	0.00210689
1268	0.999892	0.000102138	0.00204206
1269	0.999895	9.98674e-05	0.00198414
1270	0.999897	9.77092e-05	0.00192427
1271	0.999899	9.56515e-05	0.00186359
1272	0.999901	9.34412e-05	0.00181179
1273	0.999903	9.153e-05	0.00175806
1274	0.999905	8.96907e-05	0.00170596
1275	0.999907	8.79036e-05	0.00165848
1276	0.999909	8.61989e-05	0.00161006
1277	0.999911	8.44993e-05	0.00157165
1278	0.999912	8.28814e-05	0.00153051
1279	0.999914	8.13157e-05	0.00149171
1280	0.999916	7.97892e-05	0.00145648
1281	0.999917	7.83411e-05	0.00141803
1282	0.999919	7.6909e-05	0.00138551
1283	0.99992	7.5563e-05	0.00134807
1284	0.999922	7.42278e-05	0.00131684
1285	0.999923	7.29346e-05	0.00128616
1286	0.999924	7.17127e-05	0.00125269
1287	0.999925	7.04827e-05	0.00122591
1288	0.999927	6.93277e-05	0.00119528
1289	0.999928	6.81454e-05	0.00117042
1290	0.999929	6.70606e-05	0.00114083
1291	0.99993	6.59821e-05	0.00111625
1292	0.999931	6.49215e-05	0.00109342
1293	0.999932	6.38506e-05	0.00107084
1294	0.999934	6.28499e-05	0.00104903
1295	0.999935	6.18855e-05	0.00102745
1296	0.999936	6.09407e-05	0.00100612
1297	0.999936	6.00263e-05	0.000985937
1298	0.999937	5.91266e-05	0.000967184
1299	0.999938	5.82548e-05	0.000948173
1300	0.999939	5.74061e-05	0.000929747
