600	0.432953	0.383844	0.403637
601	0.433971	0.382915	0.404252
602	0.435633	0.38262	0.405916
603	0.436319	0.381938	0.406449
604	0.436511	0.381285	0.407109
605	0.436764	0.381148	0.406992
606	0.437298	0.380885	0.407114
607	0.437296	0.379973	0.406953
608	0.438012	0.378769	0.408388
609	0.438928	0.379078	0.409049
610	0.440589	0.380255	0.409351
611	0.440213	0.378402	0.409443
612	0.440524	0.377717	0.409538
613	0.441533	0.377593	0.410308
614	0.442365	0.376461	0.411128
615	0.443727	0.375954	0.41301
616	0.443223	0.375604	0.411698
617	0.444913	0.374509	0.413555
618	0.444802	0.373716	0.413185
619	0.44531	0.373807	0.413444
620	0.44629	0.373865	0.414523
621	0.447051	0.372725	0.415489
622	0.448255	0.373354	0.415985
623	0.447678	0.372212	0.415825
624	0.448575	0.372531	0.416136
625	0.449883	0.372544	0.417088
626	0.450769	0.371943	0.417887
627	0.450718	0.371545	0.417725
628	0.451148	0.371094	0.418654
629	0.45189	0.370968	0.418825
630	0.452175	0.370019	0.419054
631	0.452639	0.370128	0.419055
632	0.453663	0.36891	0.419897
633	0.453349	0.367358	0.419817
634	0.453784	0.366732	0.420562
635	0.454269	0.367009	0.420772
636	0.455763	0.367092	0.421505
637	0.455724	0.36626	0.421443
638	0.456526	0.365873	0.42167
639	0.457058	0.365028	0.422024
640	0.45851	0.364504	0.423343
641	0.459026	0.364105	0.423576
642	0.459558	0.363502	0.424424
643	0.460103	0.363624	0.42439
644	0.461264	0.363306	0.425604
645	0.461608	0.363336	0.425481
646	0.462575	0.362669	0.426134
647	0.462774	0.362361	0.426116
648	0.463121	0.361805	0.425652
649	0.463819	0.360628	0.426304
650	0.465307	0.360074	0.42917
651	0.466059	0.360579	0.428579
652	0.465642	0.359513	0.42809
653	0.465734	0.35968	0.4278
654	0.466831	0.35866	0.429318
655	0.467455	0.358299	0.429827
656	0.468636	0.357847	0.430655
657	0.469262	0.35692	0.431151
658	0.471342	0.357362	0.432601
659	0.47185	0.355737	0.433216
660	0.472136	0.354424	0.43354
661	0.472019	0.35372	0.433639
662	0.473984	0.353961	0.434678
663	0.474868	0.35258	0.435149
664	0.476069	0.352273	0.436491
665	0.476924	0.351124	0.43633
666	0.47785	0.34966	0.438434
667	0.479092	0.349831	0.439181
668	0.4782	0.34927	0.438122
669	0.479616	0.349556	0.439568
670	0.479857	0.348425	0.439484
671	0.482073	0.349438	0.440845
672	0.481673	0.348061	0.441479
673	0.48213	0.347334	0.441269
674	0.483171	0.347225	0.441949
675	0.484238	0.347015	0.44264
676	0.485184	0.346296	0.443396
677	0.485027	0.345363	0.443438
678	0.486214	0.34538	0.444196
679	0.487235	0.345024	0.445036
680	0.487586	0.344352	0.445533
681	0.488133	0.343866	0.445279
682	0.48992	0.343249	0.446793
683	0.489997	0.342289	0.446215
684	0.490464	0.341471	0.447565
685	0.49143	0.341914	0.447599
686	0.492131	0.341461	0.447864
687	0.492501	0.341816	0.447132
688	0.493655	0.340068	0.449412
689	0.493936	0.339095	0.44898
690	0.494388	0.337535	0.450089
691	0.495537	0.338318	0.450527
692	0.497176	0.337518	0.451732
693	0.497425	0.336037	0.452292
694	0.497469	0.33562	0.451633
695	0.499026	0.335151	0.45314
696	0.500684	0.334962	0.453876
697	0.501214	0.333232	0.454783
698	0.502088	0.332841	0.456055
699	0.503583	0.332057	0.45682
700	0.504833	0.332324	0.457072
701	0.504701	0.33075	0.458445
702	0.50595	0.33002	0.458915
703	0.506786	0.329957	0.4584
704	0.508295	0.329153	0.459404
705	0.509	0.327636	0.460803
706	0.509478	0.326947	0.460242
707	0.511087	0.326528	0.462184
708	0.51134	0.324989	0.462182
709	0.512139	0.324584	0.463044
710	0.514051	0.324327	0.464301
711	0.514119	0.324419	0.463194
712	0.51627	0.323924	0.466013
713	0.516827	0.32277	0.466507
714	0.517429	0.321889	0.466973
715	0.518264	0.320778	0.46728
716	0.519473	0.320317	0.468109
717	0.52042	0.319863	0.468264
718	0.521151	0.319149	0.468544
719	0.523141	0.31889	0.469524
720	0.522644	0.317514	0.468731
721	0.524562	0.31623	0.471221
722	0.526062	0.315603	0.471893
723	0.527155	0.315062	0.472397
724	0.527689	0.314753	0.472225
725	0.527482	0.313855	0.472689
726	0.528189	0.312859	0.47358
727	0.530185	0.312615	0.475133
728	0.531536	0.311654	0.475486
729	0.532536	0.310499	0.476872
730	0.532884	0.310893	0.475692
731	0.534385	0.308884	0.478082
732	0.53459	0.309026	0.477643
733	0.536286	0.30874	0.478415
734	0.535775	0.308822	0.475824
735	0.537638	0.307508	0.479322
736	0.538295	0.307234	0.4791
737	0.539917	0.30561	0.481301
738	0.541636	0.305357	0.482857
739	0.541529	0.304551	0.481604
740	0.543154	0.303859	0.482664
741	0.543932	0.303729	0.481873
742	0.545904	0.303447	0.483045
743	0.545947	0.301472	0.483607
744	0.547489	0.301059	0.483995
745	0.548734	0.298818	0.486702
746	0.549607	0.298499	0.486143
747	0.551451	0.296092	0.487766
748	0.552524	0.296	0.487864
749	0.553238	0.294836	0.48804
750	0.55417	0.29494	0.488109
751	0.55664	0.292978	0.491209
752	0.557188	0.292716	0.490482
753	0.558832	0.291493	0.492563
754	0.559934	0.292112	0.491489
755	0.56098	0.291615	0.492173
756	0.562438	0.290121	0.493768
757	0.562588	0.289925	0.493849
758	0.563788	0.28915	0.493222
759	0.565756	0.287495	0.495223
760	0.566438	0.286836	0.49469
761	0.568466	0.286219	0.495704
762	0.570044	0.284396	0.497601
763	0.570477	0.284298	0.496326
764	0.571472	0.284548	0.49696
765	0.572896	0.283266	0.497857
766	0.574214	0.281538	0.498827
767	0.575384	0.28131	0.498835
768	0.576177	0.280676	0.497984
769	0.577426	0.278755	0.499189
770	0.578723	0.278246	0.500984
771	0.580914	0.277527	0.502861
772	0.58043	0.276324	0.501094
773	0.582113	0.276444	0.502764
774	0.582378	0.277172	0.499675
775	0.584645	0.275125	0.504362
776	0.585393	0.274727	0.504295
777	0.586293	0.273326	0.504215
778	0.587886	0.272496	0.505096
779	0.589231	0.271883	0.503453
780	0.590941	0.269504	0.506359
781	0.593364	0.269224	0.508358
782	0.594216	0.26779	0.508731
783	0.595862	0.267265	0.508481
784	0.597477	0.265226	0.50992
785	0.598987	0.2638	0.509431
786	0.600341	0.262308	0.509884
787	0.602058	0.261839	0.50975
788	0.603738	0.260785	0.512845
789	0.604176	0.260849	0.510897
790	0.606582	0.259138	0.514118
791	0.605525	0.259109	0.511523
792	0.609218	0.25799	0.516234
793	0.609088	0.257591	0.512219
794	0.611817	0.255523	0.515142
795	0.614367	0.254357	0.515152
796	0.615757	0.253628	0.515316
797	0.616653	0.25307	0.514451
798	0.617394	0.252499	0.51314
799	0.619471	0.250707	0.517312
800	0.622019	0.249187	0.51858
801	0.622259	0.249025	0.516455
802	0.624578	0.24764	0.518461
803	0.626354	0.246843	0.518648
804	0.627931	0.244446	0.519786
805	0.629308	0.244709	0.519031
806	0.63003	0.243183	0.520815
807	0.633277	0.241934	0.523091
808	0.63498	0.240691	0.522884
809	0.635863	0.239538	0.521853
810	0.636701	0.238352	0.521311
811	0.63813	0.238124	0.520004
812	0.641542	0.236483	0.521694
813	0.642528	0.235309	0.521933
814	0.644663	0.233578	0.52166
815	0.646474	0.232577	0.52111
816	0.648357	0.230301	0.522768
817	0.651175	0.229611	0.52222
818	0.65207	0.229399	0.518172
819	0.653654	0.227134	0.524258
820	0.655903	0.226375	0.520761
821	0.657772	0.22446	0.524145
822	0.658846	0.224683	0.52185
823	0.66105	0.222283	0.524167
824	0.661974	0.222309	0.52297
825	0.664568	0.219832	0.526494
826	0.666225	0.219103	0.528092
827	0.669095	0.217317	0.526831
828	0.669903	0.216914	0.524744
829	0.672986	0.215199	0.52555
830	0.673542	0.213432	0.527523
831	0.674499	0.213634	0.522344
832	0.676883	0.211903	0.523425
833	0.678947	0.210745	0.521221
834	0.681139	0.209368	0.520364
835	0.682564	0.207783	0.52118
836	0.685055	0.204711	0.524642
837	0.688308	0.204128	0.523275
838	0.691059	0.203285	0.519556
839	0.692381	0.201681	0.520185
840	0.694308	0.200647	0.52127
841	0.695553	0.199817	0.517952
842	0.697708	0.197762	0.520677
843	0.700197	0.19673	0.515452
844	0.704428	0.192785	0.521908
845	0.704787	0.193097	0.516711
846	0.706872	0.191832	0.515459
847	0.70883	0.190003	0.516986
848	0.711517	0.188495	0.517262
849	0.711689	0.188458	0.514148
850	0.713578	0.186751	0.516005
851	0.714894	0.186206	0.513874
852	0.717977	0.184233	0.516041
853	0.720634	0.182104	0.517788
854	0.720788	0.183431	0.51269
855	0.724434	0.180928	0.514835
856	0.724864	0.180273	0.511418
857	0.729458	0.177558	0.513113
858	0.730323	0.1772	0.509655
859	0.732179	0.175176	0.509234
860	0.734401	0.17351	0.50674
861	0.735259	0.172696	0.508683
862	0.738742	0.170542	0.504509
863	0.740695	0.168983	0.501114
864	0.740179	0.169439	0.493947
865	0.743711	0.167481	0.49339
866	0.747708	0.165077	0.492914
867	0.748629	0.163864	0.493652
868	0.752426	0.161589	0.49728
869	0.755943	0.159302	0.491136
870	0.756613	0.158906	0.486643
871	0.758463	0.156905	0.486556
872	0.760744	0.155662	0.486587
873	0.763548	0.15404	0.485395
874	0.766121	0.152265	0.483002
875	0.769521	0.149827	0.482527
876	0.771243	0.149388	0.474282
877	0.773416	0.147941	0.472207
878	0.774253	0.148236	0.466232
879	0.778059	0.144627	0.469522
880	0.780739	0.143859	0.459932
881	0.783534	0.140893	0.458518
882	0.785985	0.139717	0.454136
883	0.789634	0.136793	0.450949
884	0.791954	0.134916	0.441178
885	0.794635	0.133434	0.43933
886	0.799281	0.129909	0.43182
887	0.799573	0.130022	0.428271
888	0.80187	0.127954	0.426207
889	0.804927	0.126468	0.420818
890	0.809347	0.123597	0.420001
891	0.812218	0.121692	0.412764
892	0.814137	0.119767	0.411467
893	0.817687	0.117373	0.405824
894	0.820932	0.115159	0.400952
895	0.822905	0.114111	0.392165
896	0.826945	0.111285	0.380646
897	0.832349	0.107799	0.37793
898	0.834131	0.106727	0.367406
899	0.837261	0.104396	0.36431
900	0.839364	0.103589	0.356583
901	0.842415	0.101214	0.352586
902	0.843952	0.100139	0.343789
903	0.846877	0.0984537	0.335834
904	0.851223	0.0958279	0.332515
905	0.854967	0.0925361	0.32239
906	0.855042	0.0927722	0.317027
907	0.857594	0.0908676	0.304507
908	0.863019	0.0874328	0.294307
909	0.867794	0.0841047	0.283908
910	0.869315	0.0831326	0.273304
911	0.870035	0.0824315	0.264465
912	0.872994	0.0810354	0.251728
913	0.877586	0.0773409	0.240771
914	0.880462	0.0756434	0.227069
915	0.883765	0.0732495	0.213963
916	0.889004	0.0695468	0.204195
917	0.889648	0.069477	0.192653
918	0.890736	0.0687341	0.192844
919	0.893763	0.067259	0.190119
920	0.894822	0.0666903	0.186069
921	0.895086	0.0667743	0.185676
922	0.897698	0.0651144	0.190875
923	0.899251	0.0640367	0.192399
924	0.897829	0.0661632	0.190128
925	0.898611	0.0647882	0.186874
926	0.89898	0.0650299	0.186779
927	0.90448	0.0612859	0.188708
928	0.902282	0.0629454	0.186167
929	0.902804	0.0626732	0.182853
930	0.901467	0.0635293	0.186961
931	0.906011	0.0608884	0.179781
932	0.906724	0.0606095	0.180607
933	0.906216	0.061069	0.180857
934	0.906057	0.0606734	0.17897
935	0.905958	0.0610104	0.185983
936	0.905176	0.0611604	0.186742
937	0.903499	0.0622064	0.189867
938	0.91038	0.0586954	0.177963
939	0.912387	0.0579159	0.179779
940	0.910132	0.0592307	0.182127
941	0.910899	0.0586908	0.177702
942	0.909444	0.0600991	0.186951
943	0.909411	0.0596716	0.184449
944	0.910532	0.0588683	0.179253
945	0.911534	0.0578625	0.179955
946	0.909582	0.0595371	0.185141
947	0.910149	0.0593259	0.185095
948	0.90924	0.0598449	0.180515
949	0.910065	0.0590556	0.182707
950	0.916049	0.0560627	0.179568
951	0.918158	0.0554283	0.183516
952	0.916637	0.0562524	0.182338
953	0.919951	0.0538605	0.17606
954	0.916681	0.0563434	0.18319
955	0.918505	0.0550318	0.178233
956	0.917339	0.0558876	0.183426
957	0.919241	0.0539004	0.175796
958	0.916898	0.0559426	0.177899
959	0.916305	0.0565427	0.17286
960	0.915784	0.0574157	0.179673
960	0.915784	0.0574157	0.179673
961	0.917213	0.0555972	0.177224
962	0.916873	0.0558247	0.180181
963	0.915042	0.0572077	0.179077
964	0.915306	0.0571269	0.180138
965	0.91371	0.0578222	0.182917
966	0.913972	0.0575952	0.182865
967	0.914762	0.057081	0.182516
968	0.913095	0.0581609	0.182075
969	0.914413	0.0572197	0.180353
970	0.912434	0.0586482	0.186404
971	0.912728	0.058578	0.183939
972	0.912367	0.0589119	0.179875
973	0.925986	0.0521708	0.17117
974	0.926733	0.0514391	0.176489
975	0.927969	0.0507388	0.179048
976	0.926594	0.0515443	0.172712
977	0.926331	0.0521652	0.174591
978	0.926504	0.0517951	0.172434
979	0.926259	0.051481	0.177232
980	0.926133	0.0516301	0.175449
981	0.926335	0.0512039	0.17833
982	0.925954	0.0517047	0.17526
983	0.924471	0.0528393	0.176639
984	0.924128	0.0531236	0.179098
985	0.924042	0.0531401	0.176369
986	0.923532	0.0538224	0.180228
987	0.92403	0.0533459	0.174356
988	0.923712	0.0530377	0.181378
989	0.922964	0.0536955	0.182114
990	0.923423	0.0535688	0.184979
991	0.921587	0.0547209	0.186049
992	0.922106	0.0545901	0.181509
993	0.920952	0.0551571	0.182033
994	0.921079	0.055192	0.180945
995	0.920676	0.054901	0.185253
996	0.92244	0.0536229	0.180687
997	0.920002	0.0555025	0.189488
998	0.919423	0.0562035	0.186449
999	0.921053	0.0548048	0.177521
1000	0.921439	0.0543028	0.175908
1001	0.921331	0.0546447	0.178416
1002	0.920626	0.0549731	0.179642
1003	0.919764	0.0556272	0.178987
1004	0.918221	0.0564571	0.180325
1005	0.921226	0.0541287	0.178675
1006	0.919315	0.0557462	0.179086
1007	0.9177	0.0564338	0.18245
1008	0.917554	0.0572073	0.180237
1009	0.918403	0.0565758	0.178865
1010	0.917729	0.0564756	0.17835
1011	0.918094	0.0568645	0.177981
1012	0.917184	0.0570827	0.181315
1013	0.917821	0.0568253	0.177879
1014	0.916856	0.057207	0.178189
1015	0.91631	0.0575173	0.181127
1016	0.917056	0.0567764	0.180055
1017	0.91514	0.0579776	0.187358
1018	0.918183	0.0560518	0.183305
1019	0.914612	0.0586884	0.181229
1020	0.915084	0.0578643	0.182668
1021	0.914926	0.0583547	0.184546
1022	0.914945	0.0581162	0.184286
1023	0.913342	0.0592334	0.184656
1024	0.912617	0.0599	0.186599
1025	0.91212	0.0600627	0.187671
1026	0.932957	0.0494955	0.186404
1027	0.943057	0.0435311	0.180369
1028	0.943246	0.0432734	0.17787
1029	0.942917	0.0437948	0.180832
1030	0.943282	0.0432556	0.173685
1031	0.941528	0.0445933	0.182139
1032	0.941882	0.0444256	0.180937
1033	0.94154	0.0447647	0.18148
1034	0.941651	0.0442627	0.176485
1035	0.940879	0.0449728	0.17835
1036	0.941036	0.0448887	0.172552
1037	0.940746	0.0453288	0.176588
1038	0.94075	0.0452215	0.179939
1039	0.938622	0.0469003	0.181911
1040	0.939192	0.0463716	0.190122
1041	0.937067	0.0481977	0.195233
1042	0.938713	0.046834	0.189534
1043	0.939487	0.0457766	0.178927
1044	0.940169	0.0453281	0.182182
1045	0.940006	0.0455063	0.177805
1046	0.939817	0.0456481	0.171766
1047	0.940074	0.045622	0.174755
1048	0.94039	0.0450196	0.168241
1049	0.940135	0.0454048	0.171736
1050	0.939438	0.0458836	0.176327
1051	0.93871	0.0464095	0.179125
1052	0.938344	0.0464431	0.180915
1053	0.937075	0.0475639	0.182554
1054	0.935909	0.0485216	0.187409
1055	0.935808	0.0484879	0.186845
1056	0.936275	0.0482091	0.184356
1057	0.936868	0.0474605	0.186137
1058	0.935551	0.0485724	0.183471
1059	0.936193	0.0479014	0.182067
1060	0.936646	0.0478065	0.1806
1061	0.936169	0.0479426	0.183267
1062	0.935866	0.0481618	0.18024
1063	0.936557	0.0477574	0.178302
1064	0.936873	0.047366	0.183535
1065	0.936454	0.0475135	0.179471
1066	0.93656	0.0474666	0.171777
1067	0.934852	0.0489574	0.177374
1068	0.935491	0.0485408	0.176704
1069	0.934253	0.0488941	0.176587
1070	0.934315	0.0492512	0.179484
1071	0.935085	0.0485425	0.185449
1072	0.934223	0.0493849	0.186608
1073	0.93301	0.0501714	0.18964
1074	0.932373	0.0510818	0.194796
1075	0.932144	0.0509215	0.187288
1076	0.933886	0.0494204	0.182827
1077	0.932423	0.0506744	0.186074
1078	0.932653	0.0502001	0.185508
1079	0.932396	0.0503638	0.188925
1080	0.9302	0.0520443	0.19651
1081	0.931092	0.0518237	0.199067
1082	0.930182	0.0520576	0.193787
1083	0.930342	0.0517773	0.192139
1084	0.929286	0.0525362	0.190278
1085	0.930034	0.0519211	0.187451
1086	0.929546	0.0521906	0.182359
1087	0.929735	0.0522505	0.18403
1088	0.929792	0.0518113	0.184165
1089	0.930154	0.0519149	0.188508
1090	0.929713	0.0522585	0.181388
1091	0.930262	0.0517255	0.181603
1092	0.930487	0.0515729	0.183574
1093	0.930355	0.0512706	0.182272
1094	0.929856	0.0519891	0.182001
1095	0.929853	0.0519647	0.183078
1096	0.929473	0.0520722	0.182471
1097	0.929077	0.0522946	0.188199
1098	0.929698	0.0520036	0.188367
1099	0.927977	0.0533008	0.187345
1100	0.927271	0.0539956	0.195891
1101	0.927099	0.0535622	0.189615
1102	0.925851	0.0550718	0.19449
1103	0.925614	0.0549634	0.200075
1104	0.926891	0.0538678	0.191167
1105	0.925546	0.0553436	0.19806
1106	0.925129	0.0553384	0.198863
1107	0.926143	0.0545036	0.192705
1108	0.925472	0.0548214	0.193911
1109	0.923583	0.0565532	0.19903
1110	0.923539	0.0564943	0.194189
1111	0.924136	0.055663	0.197315
1112	0.925033	0.0550579	0.187978
1113	0.924377	0.0556114	0.191895
1114	0.924248	0.0555572	0.191552
1115	0.921938	0.0573844	0.19631
1116	0.92344	0.0563166	0.190432
1117	0.924519	0.0554102	0.197155
1118	0.923545	0.0560611	0.193948
1119	0.923025	0.0565583	0.195071
1120	0.924442	0.0556114	0.188733
1121	0.925429	0.054262	0.187578
1122	0.924588	0.055206	0.187703
1123	0.922931	0.0562304	0.189715
1124	0.924311	0.0554081	0.18683
1125	0.923833	0.0551723	0.183456
1126	0.924609	0.0546721	0.181823
1127	0.923193	0.0558905	0.184804
1128	0.922263	0.056525	0.187017
1129	0.922672	0.0559655	0.183652
1130	0.922476	0.0562709	0.191723
1131	0.921889	0.0568827	0.188529
1132	0.922158	0.0569783	0.18799
1133	0.920351	0.0581278	0.19082
1134	0.920261	0.057659	0.19421
1135	0.921481	0.0570078	0.187791
1136	0.920742	0.0577266	0.192421
1137	0.920796	0.0577129	0.188609
1138	0.92128	0.0569422	0.18801
1139	0.921439	0.0569772	0.18659
1140	0.919537	0.0582727	0.19865
1141	0.920065	0.0578318	0.192703
1142	0.919699	0.0577311	0.192718
1143	0.919051	0.0585244	0.19345
1144	0.918083	0.0593758	0.194689
1145	0.918109	0.059368	0.193898
1146	0.919984	0.0579005	0.185797
1147	0.91676	0.0602926	0.190178
1148	0.918032	0.0591971	0.189552
1149	0.917894	0.0592589	0.190016
1150	0.916405	0.0599231	0.196713
1151	0.916566	0.0601756	0.197919
1152	0.917006	0.0597287	0.195278
1153	0.91786	0.0592219	0.191392
1154	0.914827	0.0614674	0.194028
1155	0.914996	0.0613842	0.195093
1156	0.915948	0.0608445	0.189311
1157	0.91549	0.0608766	0.188911
1158	0.915451	0.0607175	0.192613
1159	0.913738	0.0618025	0.197051
1160	0.913172	0.06247	0.197708
1161	0.914053	0.0617406	0.198751
1162	0.912863	0.0626414	0.19499
1163	0.915068	0.0606011	0.188823
1164	0.912745	0.0621821	0.1908
1165	0.911625	0.0631323	0.198492
1166	0.911538	0.063738	0.196497
1167	0.911145	0.0637005	0.204381
1168	0.912224	0.0629508	0.197672
1169	0.9108	0.0636466	0.202561
1170	0.911046	0.0634104	0.199414
1171	0.911441	0.0634274	0.197434
1172	0.909566	0.0646971	0.201443
1173	0.912239	0.0629013	0.198292
1174	0.909742	0.0643118	0.199493
1175	0.909666	0.0640687	0.205014
1176	0.9108	0.0635388	0.199245
1177	0.906735	0.066681	0.204651
1178	0.90699	0.0660525	0.199025
1179	0.907362	0.0661966	0.204831
1180	0.909211	0.0644907	0.196847
1181	0.909673	0.0643295	0.196646
1182	0.907819	0.065822	0.198005
1183	0.908097	0.0650787	0.203167
1184	0.90739	0.0659067	0.201438
1185	0.905817	0.0668371	0.203379
1186	0.908127	0.0649218	0.197297
1187	0.907376	0.0653845	0.199106
1188	0.905278	0.0666271	0.201886
1189	0.905422	0.0673411	0.200591
1190	0.904651	0.0679185	0.200748
1191	0.906509	0.0663002	0.197469
1192	0.907241	0.0654092	0.198892
1193	0.906412	0.0659432	0.196745
1194	0.905995	0.0659996	0.195624
1195	0.905377	0.0668509	0.204578
1196	0.905979	0.0664219	0.204977
1197	0.905506	0.0668073	0.195933
1198	0.904483	0.0676199	0.200683
1199	0.902843	0.0684416	0.208115
1200	0.903418	0.0687317	0.205949
1201	0.903165	0.0688099	0.204293
1202	0.903466	0.0682592	0.201589
1203	0.902724	0.0685558	0.204923
1204	0.902282	0.0689382	0.20004
1205	0.902514	0.06852	0.200493
1206	0.902692	0.0685733	0.207698
1207	0.903031	0.0682604	0.205765
1208	0.901857	0.0683845	0.202686
1209	0.901386	0.0693242	0.205575
1210	0.903981	0.0675784	0.202982
1211	0.902911	0.0678843	0.203225
1212	0.901336	0.0692811	0.206903
1213	0.902852	0.0676969	0.199076
1214	0.899731	0.0706025	0.20612
1215	0.900512	0.0698123	0.204383
1216	0.975324	0.0213247	0.159556
1217	0.996672	0.00324217	0.207919
1218	0.997361	0.00256775	0.165208
1219	0.997843	0.00209563	0.133715
1220	0.998199	0.00174684	0.109316
1221	0.998469	0.00148232	0.0907945
1222	0.998679	0.00127748	0.0757322
1223	0.998845	0.00111586	0.0634238
1224	0.998978	0.000985458	0.0539853
1225	0.999088	0.000879137	0.0462135
1226	0.999178	0.000791371	0.0396877
1227	0.999255	0.000717493	0.0344673
1228	0.999319	0.00065455	0.030451
1229	0.999374	0.00060083	0.0269681
1230	0.999422	0.00055445	0.024007
1231	0.999464	0.000513836	0.0216108
1232	0.999501	0.00047841	0.0194387
1233	0.999533	0.000446968	0.0176387
1234	0.999562	0.000419121	0.0160289
1235	0.999588	0.000394212	0.0146332
1236	0.999611	0.000371854	0.013399
1237	0.999632	0.000351678	0.0123107
1238	0.999651	0.00033326	0.0113956
1239	0.999668	0.000316568	0.0105524
1240	0.999684	0.000301302	0.00980365
1241	0.999699	0.000287263	0.00914699
1242	0.999712	0.000274414	0.00853391
1243	0.999725	0.000262481	0.0080025
1244	0.999736	0.000251481	0.00751064
1245	0.999747	0.00024131	0.00705459
1246	0.999757	0.000231857	0.00663834
1247	0.999766	0.000222962	0.00627111
1248	0.999774	0.000214695	0.0059336
1249	0.999783	0.000206899	0.00563773
1250	0.99979	0.000199675	0.00534403
1251	0.999797	0.000192856	0.00508055
1252	0.999804	0.000186443	0.00483621
1253	0.99981	0.00018042	0.00460438
1254	0.999816	0.000174701	0.00439782
1255	0.999822	0.000169313	0.00420079
1256	0.999827	0.00016422	0.00401472
1257	0.999832	0.000159372	0.00384653
1258	0.999837	0.000154738	0.00369627
1259	0.999841	0.000150371	0.00354791
1260	0.999846	0.000146195	0.00341013
1261	0.99985	0.000142239	0.00327874
1262	0.999854	0.000138478	0.00315338
1263	0.999858	0.000134912	0.0030307
1264	0.999861	0.0001315	0.00291641
1265	0.999865	0.000128207	0.00281379
1266	0.999868	0.000124942	0.00270458
1267	0.999871	0.00012193	0.00261292
1268	0.999874	0.000119045	0.00252594
1269	0.999877	0.000116284	0.00244217
1270	0.99988	0.00011362	0.00236472
1271	0.999883	0.000111073	0.00228997
1272	0.999885	0.000108612	0.0022157
1273	0.999888	0.000106248	0.00214891
1274	0.99989	0.000104023	0.00207668
1275	0.999892	0.000101834	0.00201608
1276	0.999895	9.97156e-05	0.00195904
1277	0.999897	9.76845e-05	0.00190276
1278	0.999899	9.55962e-05	0.00185029
1279	0.999901	9.37165e-05	0.00179709
1280	0.999903	9.18824e-05	0.00174925
1281	0.999905	9.0123e-05	0.00170112
1282	0.999906	8.84229e-05	0.00165496
1283	0.999908	8.67897e-05	0.00160926
1284	0.99991	8.51671e-05	0.00157085
1285	0.999912	8.36026e-05	0.00153325
1286	0.999913	8.21054e-05	0.00149443
1287	0.999915	8.06271e-05	0.00146087
1288	0.999916	7.92555e-05	0.00142056
1289	0.999918	7.78777e-05	0.00138777
1290	0.999919	7.65086e-05	0.00136018
1291	0.99992	7.52439e-05	0.00132502
1292	0.999922	7.39676e-05	0.00129779
1293	0.999923	7.2741e-05	0.00126985
1294	0.999924	7.15817e-05	0.00123864
1295	0.999925	7.04125e-05	0.00121363
1296	0.999927	6.92753e-05	0.00118945
1297	0.999928	6.81816e-05	0.00116456
1298	0.999929	6.70913e-05	0.00114097
1299	0.99993	6.60649e-05	0.00111672
1300	0.999931	6.50687e-05	0.00109277
