600	0.404636	0.394305	0.378906
601	0.405134	0.39411	0.379394
602	0.405686	0.393623	0.38018
603	0.406518	0.393517	0.380865
604	0.407067	0.392851	0.381288
605	0.407569	0.392559	0.381578
606	0.407746	0.392726	0.381786
607	0.408294	0.392634	0.382051
608	0.408771	0.391855	0.382563
609	0.408953	0.391977	0.382735
610	0.410055	0.39092	0.383541
611	0.409938	0.389807	0.383088
612	0.410238	0.388878	0.38357
613	0.410593	0.388266	0.384391
614	0.411544	0.388993	0.384346
615	0.41186	0.388133	0.385089
616	0.412417	0.386981	0.385713
617	0.413011	0.386862	0.385628
618	0.414329	0.386569	0.386889
619	0.414489	0.386075	0.386719
620	0.415194	0.385306	0.387719
621	0.415856	0.38465	0.388633
622	0.416732	0.385721	0.388473
623	0.417076	0.384736	0.389184
624	0.417956	0.383814	0.390245
625	0.417932	0.383703	0.389507
626	0.418312	0.382283	0.39001
627	0.419344	0.382454	0.391006
628	0.420061	0.382242	0.391792
629	0.420968	0.382431	0.392033
630	0.419699	0.382035	0.390388
631	0.420373	0.381033	0.39133
632	0.420932	0.380834	0.391538
633	0.422203	0.380952	0.392416
634	0.422307	0.379693	0.392458
635	0.424473	0.379985	0.394492
636	0.424838	0.378497	0.39487
637	0.425357	0.377326	0.395416
638	0.425132	0.377481	0.394681
639	0.426807	0.377615	0.395944
640	0.427365	0.375744	0.396729
641	0.42881	0.375928	0.397687
642	0.429341	0.374147	0.398139
643	0.430318	0.373623	0.399699
644	0.431331	0.373206	0.40052
645	0.430679	0.373472	0.399239
646	0.431829	0.373861	0.400414
647	0.43248	0.372602	0.401005
648	0.433598	0.37349	0.401915
649	0.433259	0.372405	0.401556
650	0.433762	0.371591	0.402069
651	0.434752	0.371426	0.402857
652	0.435555	0.370327	0.404212
653	0.436561	0.370713	0.404152
654	0.436321	0.370813	0.403369
655	0.436973	0.370197	0.404085
656	0.43783	0.370197	0.405057
657	0.437952	0.368201	0.406047
658	0.439197	0.369122	0.406049
659	0.440169	0.36757	0.407593
660	0.440064	0.366456	0.407471
661	0.440256	0.367605	0.406603
662	0.441015	0.36691	0.407277
663	0.441466	0.366961	0.40713
664	0.442362	0.366195	0.408346
665	0.44287	0.365247	0.408405
666	0.443295	0.36387	0.409266
667	0.444134	0.364321	0.409352
668	0.44534	0.363313	0.410911
669	0.446001	0.36267	0.411315
670	0.445806	0.361611	0.410874
671	0.447329	0.361821	0.411993
672	0.448732	0.361044	0.413109
673	0.449162	0.359612	0.413266
674	0.449837	0.359415	0.414431
675	0.451598	0.358743	0.415976
676	0.452062	0.358861	0.41566
677	0.452352	0.358059	0.415963
678	0.453259	0.356866	0.416895
679	0.454243	0.356744	0.417632
680	0.455618	0.356767	0.41788
681	0.455714	0.354963	0.418563
682	0.456346	0.353957	0.419033
683	0.45727	0.353646	0.419562
684	0.458186	0.352854	0.420305
685	0.458865	0.352538	0.420347
686	0.46013	0.351886	0.421946
687	0.460667	0.352103	0.421977
688	0.462271	0.351603	0.423867
689	0.462584	0.350306	0.424301
690	0.463519	0.349265	0.424947
691	0.463787	0.348618	0.425059
692	0.46502	0.348497	0.425334
693	0.465932	0.347797	0.426406
694	0.467524	0.347291	0.427492
695	0.467521	0.346387	0.427041
696	0.468966	0.345618	0.428211
697	0.469968	0.344726	0.428755
698	0.471088	0.344187	0.429598
699	0.471767	0.343276	0.43061
700	0.471209	0.34308	0.429737
701	0.472142	0.342877	0.430131
702	0.47385	0.342288	0.432179
703	0.474777	0.340757	0.43326
704	0.475455	0.339883	0.43422
705	0.476252	0.339855	0.43459
706	0.47688	0.338458	0.434789
707	0.477745	0.338449	0.435041
708	0.479017	0.338582	0.436055
709	0.478439	0.337471	0.435034
710	0.480625	0.336246	0.438819
711	0.480982	0.336609	0.436829
712	0.482728	0.335881	0.439296
713	0.483728	0.336352	0.43854
714	0.483786	0.334725	0.438656
715	0.484543	0.334375	0.43911
716	0.486513	0.33348	0.441598
717	0.487364	0.332488	0.442444
718	0.487968	0.331993	0.441726
719	0.488578	0.330373	0.443435
720	0.490096	0.329791	0.443928
721	0.491105	0.328281	0.444799
722	0.492186	0.328419	0.444578
723	0.492805	0.326681	0.445649
724	0.493445	0.326828	0.445206
725	0.495618	0.325601	0.447875
726	0.496386	0.324625	0.448748
727	0.497697	0.324254	0.449174
728	0.498852	0.324357	0.449606
729	0.499914	0.324327	0.450168
730	0.501061	0.322672	0.451647
731	0.500923	0.32251	0.451434
732	0.502308	0.321464	0.451929
733	0.504103	0.320777	0.452536
734	0.505015	0.31995	0.453238
735	0.506606	0.319881	0.453446
736	0.507718	0.317274	0.455516
737	0.507811	0.317279	0.455236
738	0.508407	0.318101	0.4548
739	0.510499	0.316322	0.456002
740	0.511187	0.315979	0.456478
741	0.511692	0.314757	0.456706
742	0.51295	0.313116	0.458309
743	0.514056	0.312837	0.459024
744	0.515791	0.312284	0.460528
745	0.516337	0.311538	0.460584
746	0.516689	0.310956	0.460625
747	0.517481	0.311146	0.460786
748	0.518342	0.309295	0.463323
749	0.520231	0.310718	0.461927
750	0.520589	0.308848	0.462725
751	0.521869	0.308203	0.463301
752	0.522968	0.307407	0.463832
753	0.524269	0.305504	0.465075
754	0.526071	0.305886	0.465915
755	0.527142	0.304646	0.467189
756	0.528503	0.303882	0.467662
757	0.530063	0.302277	0.468819
758	0.531264	0.300826	0.469124
759	0.532526	0.299508	0.46947
760	0.533843	0.298757	0.470518
761	0.535354	0.298762	0.471487
762	0.535734	0.298414	0.471234
763	0.538176	0.296661	0.474686
764	0.537421	0.296872	0.472497
765	0.539876	0.29677	0.473806
766	0.540884	0.294483	0.473955
767	0.543278	0.294176	0.474931
768	0.544893	0.292952	0.475981
769	0.546388	0.292214	0.476864
770	0.547216	0.291762	0.47624
771	0.547672	0.290385	0.476924
772	0.550018	0.28853	0.480705
773	0.551244	0.287235	0.481441
774	0.552441	0.286891	0.482078
775	0.554239	0.28696	0.481908
776	0.555964	0.285902	0.481154
777	0.557607	0.284985	0.482762
778	0.557737	0.283369	0.484115
779	0.560423	0.283039	0.485456
780	0.561929	0.282651	0.484081
781	0.56275	0.281047	0.485133
782	0.563476	0.279163	0.48731
783	0.564017	0.280263	0.483817
784	0.566978	0.278509	0.486933
785	0.568003	0.27721	0.487602
786	0.570302	0.275248	0.489919
787	0.571614	0.27472	0.488509
788	0.572978	0.273628	0.487871
789	0.576136	0.272492	0.491578
790	0.576059	0.271191	0.488786
791	0.578278	0.270383	0.491834
792	0.579906	0.269146	0.493225
793	0.581519	0.268085	0.494268
794	0.582785	0.268147	0.493143
795	0.584011	0.266589	0.494129
796	0.585032	0.265959	0.494035
797	0.587633	0.265063	0.496646
798	0.589714	0.263483	0.498467
799	0.591795	0.262237	0.497966
800	0.59277	0.2612	0.497988
801	0.594222	0.25974	0.49924
802	0.59513	0.260129	0.49809
803	0.596339	0.257926	0.498022
804	0.598805	0.257104	0.499954
805	0.60055	0.255337	0.500613
806	0.602453	0.254784	0.499642
807	0.603423	0.252607	0.500415
808	0.606091	0.252365	0.499732
809	0.609336	0.250534	0.503588
810	0.610169	0.249688	0.501964
811	0.61191	0.249014	0.503226
812	0.612973	0.247265	0.503962
813	0.614862	0.247266	0.501182
814	0.617297	0.245053	0.503039
815	0.621328	0.242507	0.506676
816	0.621383	0.241755	0.504485
817	0.623278	0.240845	0.504869
818	0.625218	0.238932	0.509642
819	0.625815	0.239038	0.506498
820	0.627092	0.237814	0.506732
821	0.627498	0.237385	0.506416
822	0.631429	0.235164	0.510746
823	0.631559	0.234533	0.510638
824	0.634328	0.233739	0.511813
825	0.636074	0.233959	0.509277
826	0.637149	0.232743	0.508659
827	0.639857	0.23025	0.51257
828	0.641592	0.229548	0.511312
829	0.642929	0.228067	0.512678
830	0.644259	0.22671	0.510205
831	0.64661	0.226099	0.510758
832	0.647746	0.224525	0.510393
833	0.650785	0.223243	0.510526
834	0.650757	0.223054	0.506909
835	0.652752	0.221521	0.50665
836	0.656494	0.219597	0.510058
837	0.657585	0.218253	0.509471
838	0.660705	0.217788	0.511752
839	0.663463	0.215146	0.513221
840	0.664152	0.21461	0.509594
841	0.666025	0.212218	0.512291
842	0.668056	0.211697	0.511505
843	0.670415	0.210286	0.513064
844	0.672564	0.209071	0.51054
845	0.676143	0.207082	0.512597
846	0.676797	0.20605	0.509319
847	0.679186	0.205054	0.510702
848	0.680217	0.20451	0.507924
849	0.682975	0.203102	0.507961
850	0.685698	0.201106	0.508808
851	0.688421	0.198241	0.507899
852	0.689829	0.198297	0.501371
853	0.693408	0.194844	0.503537
854	0.69508	0.194526	0.498878
855	0.698576	0.1916	0.502163
856	0.701706	0.190077	0.502484
857	0.701535	0.189954	0.498501
858	0.703351	0.188568	0.4994
859	0.707711	0.185858	0.501502
860	0.710692	0.184205	0.501153
861	0.712108	0.18356	0.500432
862	0.715115	0.180354	0.500572
863	0.717734	0.17947	0.497792
864	0.719456	0.178967	0.491744
865	0.723171	0.175269	0.491115
866	0.728544	0.1722	0.49589
867	0.730618	0.170821	0.491558
868	0.73284	0.16973	0.489563
869	0.734729	0.168728	0.488103
870	0.737196	0.166846	0.488516
871	0.738209	0.166493	0.480183
872	0.740977	0.164429	0.479645
873	0.744292	0.162852	0.479902
874	0.747275	0.160076	0.481991
875	0.74742	0.160824	0.470682
876	0.751548	0.157744	0.472131
877	0.756035	0.155157	0.47281
878	0.757948	0.153554	0.466122
879	0.761125	0.150685	0.469607
880	0.760068	0.152473	0.459042
881	0.763401	0.149704	0.458938
882	0.767755	0.147275	0.451872
883	0.770339	0.145214	0.452609
884	0.77474	0.142961	0.449193
885	0.777233	0.141115	0.441191
886	0.779406	0.138959	0.438405
887	0.783462	0.137411	0.432088
888	0.786966	0.134545	0.426142
889	0.789348	0.132621	0.421439
890	0.793074	0.130381	0.419052
891	0.797709	0.127875	0.418729
892	0.797374	0.127861	0.407589
893	0.8005	0.125855	0.40021
894	0.803251	0.123865	0.398693
895	0.80935	0.120262	0.39848
896	0.809421	0.120002	0.393371
897	0.813902	0.117386	0.382946
898	0.815545	0.116183	0.380834
899	0.820156	0.112761	0.37748
900	0.82241	0.110811	0.368847
901	0.824218	0.110761	0.361136
902	0.829296	0.106062	0.353785
903	0.832503	0.105089	0.349683
904	0.834721	0.103231	0.335783
905	0.837018	0.101641	0.327781
906	0.844371	0.0968155	0.315442
907	0.845363	0.0969851	0.307747
908	0.848262	0.0942554	0.295824
909	0.852018	0.0915553	0.285904
910	0.85536	0.0904681	0.277821
911	0.859086	0.0872088	0.262102
912	0.864418	0.0834158	0.248792
913	0.867374	0.0818083	0.244467
914	0.870378	0.0803278	0.229597
915	0.87466	0.0769522	0.212551
916	0.876973	0.0756717	0.206835
917	0.879523	0.0736061	0.198599
918	0.882634	0.0722472	0.198309
919	0.880233	0.0743743	0.19662
920	0.886423	0.0700447	0.190039
921	0.88561	0.0709893	0.194381
922	0.888414	0.0693997	0.188825
923	0.888811	0.069315	0.19057
924	0.89217	0.0666291	0.18571
925	0.890259	0.0683689	0.187439
926	0.890878	0.0685881	0.183967
927	0.893765	0.0677163	0.185177
928	0.894591	0.0664266	0.181742
929	0.893742	0.0661052	0.184188
930	0.89282	0.0676587	0.183738
931	0.895426	0.0664927	0.185237
932	0.897315	0.0650066	0.184137
933	0.897938	0.0648086	0.186732
934	0.896028	0.0659562	0.186294
935	0.896081	0.0662651	0.182131
936	0.896073	0.0656897	0.186828
937	0.894256	0.067067	0.193358
938	0.90021	0.0636515	0.185179
939	0.901846	0.0634847	0.179737
940	0.901222	0.0635601	0.183915
941	0.900958	0.0637441	0.185259
942	0.902313	0.062734	0.179556
943	0.899522	0.0646387	0.184227
944	0.901167	0.0637629	0.178081
945	0.901525	0.0632428	0.180288
946	0.901222	0.0627818	0.181979
947	0.899072	0.0648023	0.183582
948	0.900193	0.063722	0.179866
949	0.898155	0.0652084	0.184808
950	0.905761	0.0613651	0.179806
951	0.908325	0.0603091	0.177193
952	0.907532	0.0616432	0.181095
953	0.90797	0.0610108	0.178482
954	0.907719	0.0605877	0.183348
955	0.907855	0.0608734	0.182562
956	0.906662	0.0615125	0.18726
957	0.904764	0.0625288	0.190917
958	0.906248	0.0616605	0.180411
959	0.904602	0.0628915	0.181509
960	0.904662	0.062379	0.190276
960	0.904662	0.062379	0.190276
961	0.904862	0.0621019	0.183784
962	0.904555	0.0622281	0.188626
963	0.903206	0.0635106	0.191711
964	0.904547	0.062694	0.18235
965	0.904217	0.0621993	0.180632
966	0.904601	0.0621467	0.181981
967	0.905057	0.0621085	0.178434
968	0.903837	0.0627485	0.180125
969	0.901512	0.0644134	0.182063
970	0.903416	0.062175	0.180063
971	0.902521	0.063785	0.183328
972	0.901807	0.0640061	0.185108
973	0.915368	0.0578289	0.177887
974	0.917983	0.0568833	0.175377
975	0.918041	0.0559301	0.1724
976	0.917756	0.0569008	0.174496
977	0.916959	0.0570482	0.178561
978	0.91779	0.0565613	0.175005
979	0.916848	0.0568818	0.175785
980	0.916345	0.0571362	0.178355
981	0.917148	0.0564362	0.177701
982	0.91517	0.057768	0.183626
983	0.918001	0.0558826	0.179398
984	0.914304	0.0584083	0.180682
985	0.915213	0.05778	0.180655
986	0.914892	0.0581687	0.180513
987	0.914572	0.0582569	0.181361
988	0.91214	0.059762	0.183707
989	0.912932	0.0591746	0.182478
990	0.91094	0.0607905	0.18945
991	0.913733	0.0584085	0.185439
992	0.911803	0.0597985	0.190217
993	0.91239	0.059657	0.189374
994	0.91301	0.0593334	0.183413
995	0.911534	0.0596427	0.187553
996	0.91164	0.0596625	0.190254
997	0.910995	0.0607275	0.186281
998	0.910966	0.0601564	0.18351
999	0.910568	0.0602792	0.184008
1000	0.910506	0.0604523	0.182294
1001	0.91049	0.0607712	0.180441
1002	0.91019	0.0611469	0.183914
1003	0.90798	0.0617143	0.186084
1004	0.907225	0.0628141	0.193794
1005	0.905923	0.0636728	0.197362
1006	0.906911	0.0629166	0.193626
1007	0.908583	0.0612423	0.184592
1008	0.90802	0.061719	0.190771
1009	0.906819	0.0628701	0.187957
1010	0.906434	0.0628697	0.184534
1011	0.908655	0.0614175	0.18133
1012	0.90732	0.0623787	0.179747
1013	0.907454	0.0620145	0.183321
1014	0.905773	0.0631592	0.188355
1015	0.90575	0.0632743	0.190186
1016	0.904937	0.0638654	0.185873
1017	0.905079	0.0632852	0.18836
1018	0.902258	0.065376	0.195396
1019	0.903143	0.0649313	0.19218
1020	0.904989	0.0634129	0.190566
1021	0.904143	0.0638181	0.191637
1022	0.901999	0.0653375	0.192238
1023	0.902558	0.0647261	0.191702
1024	0.901075	0.0664209	0.190736
1025	0.901885	0.0654971	0.191267
1026	0.927376	0.0524888	0.176812
1027	0.936367	0.0476079	0.181349
1028	0.936798	0.0470734	0.177472
1029	0.937028	0.0468167	0.169102
1030	0.935152	0.0482686	0.174442
1031	0.934849	0.0488131	0.176464
1032	0.934543	0.048387	0.172218
1033	0.934258	0.0488298	0.177311
1034	0.934851	0.0485256	0.181532
1035	0.934207	0.0490072	0.184914
1036	0.933058	0.0498675	0.186599
1037	0.932368	0.0508086	0.192579
1038	0.932371	0.0505135	0.183317
1039	0.933686	0.0491629	0.181318
1040	0.932777	0.0500155	0.181441
1041	0.932417	0.0501959	0.18383
1042	0.931845	0.0505868	0.188088
1043	0.930098	0.0520631	0.194136
1044	0.930696	0.0519353	0.197236
1045	0.929937	0.0517704	0.189938
1046	0.93045	0.0512767	0.187866
1047	0.92983	0.0520113	0.184975
1048	0.92939	0.0519361	0.187697
1049	0.930046	0.0515825	0.180026
1050	0.929713	0.0517899	0.183237
1051	0.930367	0.0513087	0.185255
1052	0.929695	0.0518652	0.181159
1053	0.930024	0.0517446	0.179397
1054	0.930357	0.0513948	0.176219
1055	0.930988	0.0508151	0.180042
1056	0.929539	0.0518677	0.176714
1057	0.929398	0.0518486	0.182087
1058	0.929947	0.0514462	0.178644
1059	0.928594	0.052412	0.185943
1060	0.929722	0.0518345	0.18472
1061	0.928158	0.05302	0.182868
1062	0.926998	0.0539344	0.191461
1063	0.92711	0.0532744	0.18667
1064	0.925823	0.0547735	0.191797
1065	0.925673	0.0547871	0.195379
1066	0.92661	0.0539212	0.187695
1067	0.925529	0.0549929	0.195008
1068	0.925317	0.0549004	0.196031
1069	0.925948	0.0543002	0.192152
1070	0.92509	0.0546479	0.194212
1071	0.923893	0.056106	0.194592
1072	0.92334	0.0559789	0.194268
1073	0.924983	0.0546661	0.188378
1074	0.924948	0.0549022	0.183343
1075	0.924175	0.0554281	0.188344
1076	0.923014	0.0563984	0.192082
1077	0.923174	0.0560955	0.190925
1078	0.924466	0.0552992	0.195316
1079	0.924302	0.0551354	0.19232
1080	0.922751	0.0563391	0.19304
1081	0.923714	0.0554352	0.185947
1082	0.924924	0.0547264	0.187167
1083	0.925104	0.0545355	0.182683
1084	0.923378	0.0560163	0.185062
1085	0.923494	0.0554793	0.183356
1086	0.923707	0.0550927	0.181748
1087	0.924744	0.054128	0.179491
1088	0.923597	0.0552123	0.181214
1089	0.922037	0.0567034	0.182177
1090	0.922437	0.0557783	0.181447
1091	0.922551	0.0558226	0.188793
1092	0.921849	0.0565102	0.186048
1093	0.922058	0.0567131	0.185096
1094	0.920383	0.0578714	0.187092
1095	0.920165	0.0573485	0.19129
1096	0.921575	0.056576	0.184478
1097	0.920667	0.0571231	0.190734
1098	0.921021	0.0571439	0.187273
1099	0.921584	0.0563365	0.182567
1100	0.920991	0.0568537	0.187158
1101	0.918866	0.0584301	0.195678
1102	0.92049	0.0571914	0.189118
1103	0.919253	0.0578794	0.188889
1104	0.917677	0.0595723	0.190538
1105	0.917626	0.0592555	0.191442
1106	0.919179	0.0579182	0.188019
1107	0.918126	0.05856	0.188162
1108	0.91805	0.0589727	0.186829
1109	0.9176	0.0592234	0.186509
1110	0.917351	0.0589263	0.191085
1111	0.916009	0.0602263	0.195574
1112	0.916501	0.0598748	0.193379
1113	0.917808	0.0590352	0.189761
1114	0.915743	0.0602768	0.19054
1115	0.914689	0.0610124	0.192742
1116	0.915573	0.0607867	0.188569
1117	0.915322	0.0607458	0.185317
1118	0.91563	0.060293	0.188615
1119	0.913732	0.0614768	0.193818
1120	0.913132	0.0621765	0.194032
1121	0.913977	0.0612431	0.196168
1122	0.912814	0.0622583	0.19208
1123	0.914676	0.0605474	0.186193
1124	0.912326	0.06187	0.188129
1125	0.911477	0.0628197	0.195619
1126	0.911866	0.0629433	0.196918
1127	0.910984	0.0633553	0.198473
1128	0.912067	0.0625549	0.196511
1129	0.910599	0.0632377	0.198631
1130	0.911096	0.0631243	0.196611
1131	0.910473	0.0634125	0.19873
1132	0.911173	0.0634948	0.196295
1133	0.910944	0.0631874	0.198218
1134	0.909596	0.0638439	0.198268
1135	0.91062	0.0632581	0.196822
1136	0.90927	0.0644429	0.193556
1137	0.906375	0.0663765	0.198593
1138	0.907048	0.0658029	0.200556
1139	0.908315	0.0649884	0.198797
1140	0.909571	0.064144	0.190893
1141	0.907933	0.0654269	0.193662
1142	0.907509	0.0651747	0.199119
1143	0.907582	0.0651832	0.197411
1144	0.905763	0.066316	0.201392
1145	0.90779	0.0647911	0.194926
1146	0.907319	0.0648942	0.196918
1147	0.905203	0.0663134	0.197796
1148	0.90527	0.0670793	0.19693
1149	0.904511	0.0675716	0.197079
1150	0.906493	0.0657021	0.194681
1151	0.906948	0.0651759	0.194862
1152	0.906131	0.0656383	0.192511
1153	0.906014	0.0656579	0.194345
1154	0.904491	0.0672487	0.203404
1155	0.906604	0.0651582	0.198546
1156	0.904989	0.0661114	0.197312
1157	0.903482	0.0677001	0.200308
1158	0.902176	0.0683904	0.206126
1159	0.903821	0.067778	0.199887
1160	0.90268	0.0684587	0.202524
1161	0.903506	0.0671076	0.194168
1162	0.90134	0.0692433	0.200742
1163	0.902126	0.0686466	0.197576
1164	0.901293	0.0686618	0.202349
1165	0.902784	0.0680554	0.20306
1166	0.901274	0.0683762	0.201054
1167	0.901028	0.0687048	0.202925
1168	0.902078	0.0682142	0.203016
1169	0.902773	0.0675473	0.199946
1170	0.900462	0.0691807	0.205321
1171	0.900975	0.06891	0.197727
1172	0.897532	0.0713989	0.208965
1173	0.897433	0.0713312	0.208207
1174	0.898964	0.0704936	0.207948
1175	0.899688	0.0693971	0.206522
1176	0.897082	0.0717077	0.212485
1177	0.897727	0.0705126	0.210757
1178	0.897885	0.0707591	0.209259
1179	0.896718	0.0718131	0.200432
1180	0.898867	0.0698303	0.200273
1181	0.898577	0.0696722	0.200074
1182	0.898383	0.0700705	0.192631
1183	0.898224	0.070026	0.195897
1184	0.897558	0.0707823	0.200965
1185	0.897568	0.0704664	0.197067
1186	0.898186	0.070164	0.197392
1187	0.897132	0.0708018	0.200052
1188	0.896763	0.0706077	0.194108
1189	0.894817	0.0723571	0.194244
1190	0.893798	0.0732667	0.203495
1191	0.895765	0.0714435	0.201248
1192	0.893424	0.0736081	0.202639
1193	0.895432	0.0718715	0.202824
1194	0.895325	0.0717158	0.201017
1195	0.89156	0.0744122	0.208743
1196	0.891834	0.074027	0.209679
1197	0.889455	0.0761051	0.208848
1198	0.892421	0.0736925	0.207461
1199	0.893131	0.0734767	0.208414
1200	0.891644	0.0743625	0.209472
1201	0.890374	0.0750795	0.212385
1202	0.891178	0.0742032	0.210048
1203	0.891011	0.0749212	0.213457
1204	0.889229	0.076406	0.211221
1205	0.890749	0.0746416	0.208477
1206	0.888979	0.0763344	0.206403
1207	0.888774	0.0763169	0.21618
1208	0.890322	0.0749953	0.208013
1209	0.891784	0.0740135	0.209415
1210	0.891036	0.0745234	0.202883
1211	0.88868	0.076	0.209012
1212	0.888492	0.0758477	0.211626
1213	0.886817	0.0770265	0.208671
1214	0.888539	0.0755368	0.205981
1215	0.889203	0.0754298	0.206742
1216	0.973501	0.0224846	0.159719
1217	0.996263	0.00363961	0.228878
1218	0.997074	0.0028441	0.178726
1219	0.997653	0.00227715	0.137402
1220	0.998072	0.00186656	0.109399
1221	0.998379	0.00156645	0.0893252
1222	0.99861	0.00134226	0.0735921
1223	0.998788	0.00116783	0.0631036
1224	0.99893	0.00103011	0.054373
1225	0.999045	0.000918499	0.0473798
1226	0.99914	0.000826322	0.0417125
1227	0.999219	0.000749172	0.0369552
1228	0.999287	0.000683672	0.0329944
1229	0.999345	0.000627493	0.0296448
1230	0.999395	0.000579194	0.0265842
1231	0.999438	0.000536845	0.0240806
1232	0.999477	0.000499778	0.0218272
1233	0.999511	0.000466972	0.0198248
1234	0.999541	0.000437823	0.0180996
1235	0.999568	0.000411834	0.0165433
1236	0.999592	0.000388355	0.0152216
1237	0.999614	0.000367184	0.0140345
1238	0.999634	0.000347972	0.0129808
1239	0.999653	0.000330398	0.0120707
1240	0.999669	0.000314399	0.0112298
1241	0.999685	0.000299788	0.010452
1242	0.999699	0.000286226	0.00979261
1243	0.999712	0.000273815	0.0091613
1244	0.999724	0.000262293	0.00860098
1245	0.999735	0.000251737	0.00804952
1246	0.999745	0.000241873	0.00756307
1247	0.999755	0.000232637	0.00713268
1248	0.999764	0.000223926	0.00676163
1249	0.999772	0.000215853	0.00639877
1250	0.99978	0.000208312	0.00605747
1251	0.999788	0.000201173	0.00575656
1252	0.999795	0.000194482	0.00547177
1253	0.999801	0.000188201	0.00520206
1254	0.999807	0.00018218	0.00497096
1255	0.999813	0.000176603	0.00473179
1256	0.999819	0.000171251	0.00452654
1257	0.999824	0.000166208	0.0043281
1258	0.999829	0.000161469	0.0041324
1259	0.999834	0.000156899	0.00396432
1260	0.999838	0.000152586	0.00379916
1261	0.999843	0.000148431	0.00365426
1262	0.999847	0.000144576	0.00349638
1263	0.999851	0.000140755	0.00335576
1264	0.999855	0.000137195	0.00322635
1265	0.999858	0.000133776	0.003107
1266	0.999862	0.000130491	0.00299682
1267	0.999865	0.000127383	0.00288598
1268	0.999868	0.000124376	0.00278605
1269	0.999871	0.000121499	0.00269002
1270	0.999874	0.000118726	0.00260115
1271	0.999877	0.000116056	0.00251775
1272	0.99988	0.000113463	0.00244157
1273	0.999882	0.000111019	0.00236172
1274	0.999885	0.000108632	0.00229163
1275	0.999887	0.000106356	0.00222089
1276	0.999889	0.000104102	0.00215708
1277	0.999892	0.00010198	0.00209429
1278	0.999894	9.99349e-05	0.00203338
1279	0.999896	9.79406e-05	0.00197848
1280	0.999898	9.60563e-05	0.00191932
1281	0.9999	9.42212e-05	0.00186511
1282	0.999902	9.24373e-05	0.00181469
1283	0.999904	9.07112e-05	0.00176558
1284	0.999905	8.9036e-05	0.00171989
1285	0.999907	8.7404e-05	0.00167671
1286	0.999909	8.58274e-05	0.00163518
1287	0.99991	8.43358e-05	0.00158995
1288	0.999912	8.28404e-05	0.00155291
1289	0.999913	8.14234e-05	0.00151164
1290	0.999915	8.004e-05	0.00147495
1291	0.999916	7.87028e-05	0.00143496
1292	0.999918	7.73828e-05	0.0014027
1293	0.999919	7.61331e-05	0.00136717
1294	0.99992	7.48562e-05	0.00133884
1295	0.999922	7.3648e-05	0.00130987
1296	0.999923	7.24608e-05	0.00128292
1297	0.999924	7.13612e-05	0.00124983
1298	0.999925	7.02504e-05	0.00122328
1299	0.999926	6.91691e-05	0.00119711
1300	0.999927	6.81007e-05	0.00117369
