600	0.922854	0.0674675	0.626411
601	0.922742	0.0675471	0.626092
602	0.922631	0.0676229	0.626038
603	0.922519	0.0677025	0.625721
604	0.922407	0.0677822	0.625404
605	0.922296	0.0678619	0.625089
606	0.922184	0.0679417	0.624774
607	0.922072	0.0680292	0.62394
608	0.92196	0.068109	0.623628
609	0.921847	0.0681811	0.623833
610	0.921735	0.068261	0.623521
611	0.921623	0.068337	0.623468
612	0.92151	0.0684208	0.6229
613	0.921398	0.0685008	0.62259
614	0.921285	0.0685808	0.622281
615	0.921173	0.0686647	0.621717
616	0.92106	0.0687448	0.62141
617	0.920947	0.0688171	0.621612
618	0.920834	0.0688933	0.62156
619	0.920721	0.0689656	0.621762
620	0.920608	0.0690379	0.621963
621	0.920495	0.0691181	0.621656
622	0.920381	0.0691983	0.621349
623	0.920268	0.0692865	0.620538
624	0.920155	0.0693628	0.620486
625	0.920041	0.069451	0.619679
626	0.919928	0.0695274	0.619627
627	0.919814	0.0696078	0.619325
628	0.9197	0.0696843	0.619273
629	0.919586	0.0697568	0.619472
630	0.919472	0.0698293	0.61967
631	0.919358	0.0699058	0.619618
632	0.919244	0.0699823	0.619566
633	0.91913	0.0700589	0.619513
634	0.919016	0.0701314	0.61971
635	0.918901	0.070212	0.619409
636	0.918787	0.0702886	0.619356
637	0.918672	0.0703733	0.618807
638	0.918558	0.070466	0.617765
639	0.918443	0.0705428	0.617714
640	0.918328	0.0706235	0.617416
641	0.918214	0.0707124	0.616629
642	0.918099	0.0707973	0.616089
643	0.917984	0.0708741	0.616039
644	0.917869	0.0709509	0.615989
645	0.917753	0.0710278	0.615938
646	0.917638	0.0711046	0.615887
647	0.917523	0.0711815	0.615837
648	0.917407	0.0712625	0.615543
649	0.917292	0.0713354	0.615735
650	0.917176	0.0714123	0.615684
651	0.917061	0.0714893	0.615634
652	0.916945	0.0715704	0.615341
653	0.916829	0.0716474	0.61529
654	0.916713	0.0717286	0.614998
655	0.916597	0.0718015	0.615188
656	0.916481	0.0718745	0.615378
657	0.916365	0.0719516	0.615327
658	0.916249	0.0720287	0.615275
659	0.916133	0.0721059	0.615224
660	0.916016	0.072183	0.615172
661	0.9159	0.0722561	0.615361
662	0.915783	0.0723332	0.615309
663	0.915667	0.0724063	0.615498
664	0.91555	0.072496	0.614727
665	0.915433	0.0725774	0.614436
666	0.915316	0.0726589	0.614146
667	0.915199	0.0727446	0.61362
668	0.915082	0.0728261	0.613331
669	0.914965	0.0728993	0.613518
670	0.914848	0.0729767	0.613466
671	0.914731	0.0730541	0.613415
672	0.914614	0.0731399	0.612892
673	0.914496	0.0732131	0.613077
674	0.914379	0.0732906	0.613026
675	0.914261	0.0733639	0.61321
676	0.914143	0.0734372	0.613394
677	0.914026	0.0735189	0.613107
678	0.913908	0.0736049	0.612586
679	0.91379	0.0736825	0.612534
680	0.913672	0.0737643	0.612249
681	0.913554	0.0738632	0.611032
682	0.913436	0.0739409	0.610982
683	0.913318	0.0740313	0.610236
684	0.9132	0.0741048	0.610418
685	0.913081	0.0741868	0.610137
686	0.912963	0.0742645	0.610087
687	0.912844	0.0743423	0.610037
688	0.912726	0.0744201	0.609987
689	0.912607	0.0745108	0.609248
690	0.912488	0.0745843	0.609427
691	0.91237	0.0746708	0.60892
692	0.912251	0.0747444	0.609099
693	0.912132	0.0748223	0.609049
694	0.912013	0.0749002	0.608999
695	0.911894	0.0749738	0.609178
696	0.911774	0.0750518	0.609128
697	0.911655	0.0751254	0.609306
698	0.911536	0.0752034	0.609256
699	0.911416	0.0752814	0.609205
700	0.911297	0.0753594	0.609155
701	0.911177	0.0754636	0.607743
702	0.911058	0.0755373	0.60792
703	0.910938	0.0756198	0.607644
704	0.910818	0.0756979	0.607595
705	0.910698	0.0757892	0.60687
706	0.910578	0.0758718	0.606597
707	0.910458	0.07595	0.606548
708	0.910338	0.076037	0.606052
709	0.910218	0.0761197	0.60578
710	0.910098	0.0761979	0.605731
711	0.909977	0.0762762	0.605683
712	0.909857	0.076359	0.605412
713	0.909737	0.0764417	0.605141
714	0.909616	0.0765289	0.60465
715	0.909495	0.0766206	0.603941
716	0.909375	0.0766991	0.603893
717	0.909254	0.0767819	0.603626
718	0.909133	0.0768648	0.603359
719	0.909012	0.0769389	0.60353
720	0.908891	0.0770263	0.603045
721	0.90877	0.0771137	0.602562
722	0.908649	0.0771923	0.602514
723	0.908528	0.0772753	0.60225
724	0.908406	0.0773674	0.601553
725	0.908285	0.077446	0.601506
726	0.908164	0.0775291	0.601243
727	0.908042	0.0776168	0.600766
728	0.90792	0.0776955	0.60072
729	0.907799	0.0777787	0.600459
730	0.907677	0.0778529	0.600627
731	0.907555	0.0779361	0.600366
732	0.907433	0.0780194	0.600106
733	0.907311	0.0781118	0.59942
734	0.907189	0.0781906	0.599374
735	0.907067	0.078274	0.599116
736	0.906945	0.0783665	0.598434
737	0.906823	0.0784499	0.598178
738	0.906701	0.0785243	0.598344
739	0.906578	0.0786032	0.598298
740	0.906456	0.0786867	0.598042
741	0.906333	0.0787702	0.597787
742	0.906211	0.0788537	0.597531
743	0.906088	0.0789327	0.597486
744	0.905965	0.0790117	0.597441
745	0.905842	0.0791045	0.596769
746	0.90572	0.0791882	0.596515
747	0.905597	0.0792673	0.596471
748	0.905474	0.0793417	0.596634
749	0.905351	0.0794347	0.595966
750	0.905227	0.0795231	0.595507
751	0.905104	0.0796022	0.595463
752	0.904981	0.079686	0.595212
753	0.904857	0.0797652	0.595168
754	0.904734	0.0798397	0.59533
755	0.90461	0.0799189	0.595286
756	0.904487	0.0799981	0.595241
757	0.904363	0.0800727	0.595403
758	0.90424	0.0801472	0.595564
759	0.904116	0.0802217	0.595725
760	0.903992	0.0803103	0.595268
761	0.903868	0.0803895	0.595222
762	0.903756	0.0804752	0.594262
763	0.903697	0.0805032	0.593447
764	0.903721	0.0804277	0.592842
765	0.903883	0.080249	0.590576
766	0.904018	0.0800874	0.588825
767	0.904176	0.07991	0.587766
768	0.904369	0.0796683	0.585973
769	0.904692	0.0793949	0.584521
770	0.904908	0.0791214	0.582052
771	0.90528	0.0788638	0.582787
772	0.90532	0.0787261	0.581315
773	0.905638	0.078361	0.580845
774	0.905997	0.0781709	0.579261
775	0.906327	0.077944	0.578538
776	0.906424	0.0777088	0.579055
777	0.906082	0.0779484	0.575262
778	0.906804	0.0774224	0.576499
779	0.907513	0.076829	0.578447
780	0.908011	0.0764459	0.576575
781	0.908167	0.0763492	0.571564
782	0.908217	0.0759836	0.568239
783	0.908608	0.0755703	0.568544
784	0.909098	0.0753992	0.563837
785	0.90986	0.0747151	0.563273
786	0.910481	0.074188	0.561643
787	0.910687	0.0740005	0.558726
788	0.911877	0.0730098	0.56107
789	0.912345	0.072655	0.561593
790	0.913039	0.0721571	0.557169
791	0.913017	0.0721678	0.555167
792	0.912074	0.0726156	0.547075
793	0.912612	0.0720556	0.546711
794	0.913274	0.0717066	0.547281
795	0.914133	0.0707824	0.548038
796	0.91475	0.0704268	0.545496
797	0.914877	0.0702802	0.543295
798	0.915769	0.0695034	0.541485
799	0.916244	0.0692473	0.538632
800	0.917046	0.0685794	0.540556
801	0.917637	0.0680197	0.541871
802	0.917965	0.0678744	0.538675
803	0.918422	0.0674302	0.538884
804	0.918662	0.0673456	0.542703
805	0.919295	0.0667795	0.538784
806	0.919863	0.0663684	0.541446
807	0.920368	0.0659659	0.545444
808	0.920692	0.0659082	0.537196
809	0.920762	0.0657646	0.539504
810	0.921102	0.0654343	0.540637
811	0.91954	0.0660119	0.524858
812	0.91994	0.0657967	0.523126
813	0.920557	0.0653314	0.526265
814	0.921424	0.0645919	0.522933
815	0.921162	0.0649184	0.517689
816	0.921335	0.0647268	0.518824
817	0.922294	0.0639849	0.523176
818	0.923227	0.0632313	0.518067
819	0.923604	0.0629615	0.518132
820	0.924044	0.0626235	0.519134
821	0.924271	0.0624539	0.512058
822	0.924736	0.0621286	0.51221
823	0.925397	0.0615844	0.515456
824	0.926297	0.0608584	0.512242
825	0.926583	0.0607078	0.506783
826	0.926843	0.0604765	0.508702
827	0.927188	0.0603044	0.504931
828	0.927952	0.0595801	0.509499
829	0.928419	0.0592576	0.509618
830	0.929064	0.0588094	0.503227
831	0.929303	0.0586363	0.501765
832	0.930012	0.0580055	0.501773
833	0.930555	0.0576527	0.502728
834	0.931284	0.0570007	0.499542
835	0.93194	0.0563816	0.501392
836	0.932246	0.0562245	0.498484
837	0.932706	0.0559507	0.492668
838	0.933447	0.0553617	0.487855
839	0.934173	0.0547489	0.493728
840	0.934639	0.0543711	0.494964
841	0.93604	0.0532115	0.485122
842	0.936131	0.0531279	0.484437
843	0.93682	0.0525423	0.487388
844	0.937187	0.0523398	0.484291
845	0.937985	0.0515809	0.48453
846	0.937924	0.0518478	0.476789
847	0.93922	0.0506721	0.477184
848	0.939906	0.0501188	0.472909
849	0.940295	0.0498045	0.466426
850	0.94156	0.0487358	0.461108
851	0.942598	0.0479851	0.462656
852	0.94283	0.0476888	0.460785
853	0.944233	0.0465432	0.45584
854	0.944527	0.0462435	0.457892
855	0.941603	0.0479346	0.437493
856	0.94044	0.0486072	0.426018
857	0.94207	0.0473234	0.426685
858	0.942052	0.0472509	0.420262
859	0.943838	0.0457432	0.420358
860	0.942984	0.0465701	0.419051
861	0.943874	0.0457248	0.417216
862	0.944537	0.0453819	0.410408
863	0.945298	0.0446947	0.411554
864	0.946016	0.0440753	0.414733
865	0.94641	0.0439238	0.411516
866	0.947465	0.0428618	0.410949
867	0.946525	0.0438399	0.400009
868	0.94813	0.0424422	0.402922
869	0.948453	0.0421464	0.399111
870	0.949479	0.0413504	0.393224
871	0.949995	0.0409251	0.394045
872	0.951205	0.0399528	0.389396
873	0.951799	0.0393562	0.383074
874	0.952628	0.0387135	0.380816
875	0.953609	0.0379226	0.374491
876	0.953482	0.0380252	0.365308
877	0.954726	0.0370153	0.36596
878	0.95511	0.036785	0.363262
879	0.956144	0.0357961	0.357507
880	0.95665	0.0353822	0.356687
881	0.957668	0.0345672	0.350419
882	0.958244	0.0341938	0.345748
883	0.959422	0.0331469	0.346033
884	0.960004	0.032625	0.342084
885	0.960347	0.0323906	0.344955
886	0.961324	0.0315675	0.339934
887	0.961261	0.0317403	0.330422
888	0.963153	0.0300868	0.329018
889	0.96226	0.0309466	0.331329
890	0.963709	0.029624	0.322269
891	0.964232	0.0291659	0.319857
892	0.963945	0.0295847	0.316553
893	0.965172	0.0285254	0.316217
894	0.965926	0.0278222	0.307158
895	0.966615	0.0273088	0.300403
896	0.967708	0.0263993	0.293017
897	0.968693	0.0255793	0.285133
898	0.968692	0.0256397	0.285234
899	0.969507	0.0249755	0.279908
900	0.970577	0.0240226	0.278487
901	0.97102	0.0236913	0.26983
902	0.971538	0.0232959	0.259117
903	0.97237	0.022667	0.250916
904	0.973134	0.0219901	0.24175
905	0.974055	0.0211827	0.236762
906	0.975318	0.0200719	0.231941
907	0.976155	0.0193305	0.226785
908	0.976493	0.0190999	0.21557
909	0.977141	0.0186256	0.202489
910	0.977618	0.018223	0.196267
911	0.979367	0.0167156	0.176544
912	0.980598	0.0156661	0.166827
913	0.980844	0.0154184	0.154209
914	0.982356	0.0141858	0.137756
915	0.982112	0.0144935	0.134421
916	0.982834	0.0138553	0.126
917	0.982983	0.013777	0.1249
918	0.983702	0.0131485	0.120652
919	0.984875	0.0122424	0.115195
920	0.985018	0.0120645	0.110377
921	0.984915	0.0122154	0.110129
922	0.985861	0.0114633	0.105871
923	0.985482	0.0118303	0.10631
924	0.985403	0.0119529	0.115804
925	0.985795	0.0116011	0.108653
926	0.98631	0.0111724	0.107695
927	0.986471	0.0111054	0.106796
928	0.987262	0.0104301	0.0983784
929	0.986769	0.0108664	0.110363
930	0.986822	0.010866	0.101889
931	0.987574	0.0102584	0.097727
932	0.986934	0.010878	0.11066
933	0.988139	0.00975071	0.0968727
934	0.987938	0.00995311	0.103663
935	0.987721	0.0101887	0.105446
936	0.987836	0.0100836	0.103143
937	0.9878	0.0100588	0.104063
938	0.98884	0.00932073	0.0976669
939	0.989153	0.00909214	0.0911412
940	0.989109	0.00911364	0.0911681
941	0.989019	0.00922381	0.100409
942	0.989	0.00923027	0.101001
943	0.988662	0.00954967	0.10165
944	0.98894	0.00926877	0.0985553
945	0.989462	0.00880675	0.0854997
946	0.988842	0.009352	0.0989794
947	0.989199	0.00907365	0.095117
948	0.989155	0.00910845	0.0979013
949	0.988698	0.00948092	0.100966
950	0.990422	0.00815306	0.0893578
951	0.990766	0.00789623	0.0961658
952	0.991067	0.00763391	0.0908046
953	0.990511	0.00815449	0.0997534
954	0.991375	0.0073388	0.0781342
955	0.990781	0.00791765	0.0914313
956	0.99091	0.0077805	0.0884482
957	0.991595	0.00718236	0.0732947
958	0.990779	0.00788495	0.0931657
959	0.991227	0.0074699	0.0848026
960	0.990553	0.00811834	0.10722
960	0.990553	0.00811834	0.10722
961	0.990926	0.00775337	0.0911729
962	0.991265	0.00746436	0.084612
963	0.991006	0.00768772	0.0890978
964	0.991226	0.00749211	0.0897662
965	0.990887	0.00779432	0.0874426
966	0.990604	0.0080894	0.100506
967	0.990457	0.00820943	0.0952351
968	0.991146	0.0075426	0.0865457
969	0.991003	0.00766192	0.0944866
970	0.991202	0.00751215	0.087751
971	0.990533	0.00812061	0.0939357
972	0.990867	0.00783757	0.100617
973	0.993915	0.0054012	0.0745576
974	0.993475	0.00585415	0.0971961
975	0.993804	0.0055601	0.0905843
976	0.993514	0.00583207	0.0877628
977	0.993275	0.00602954	0.0929868
978	0.994065	0.00530977	0.0789879
979	0.994093	0.00527829	0.076496
980	0.99407	0.00531229	0.0855827
981	0.993955	0.00539953	0.0793906
982	0.993754	0.00559809	0.0750323
983	0.99345	0.00586379	0.0933848
984	0.994118	0.00525327	0.0734031
985	0.993456	0.00585953	0.0852066
986	0.993634	0.00569718	0.0896595
987	0.994146	0.00522761	0.0778384
988	0.993859	0.00549976	0.0823239
989	0.993987	0.00538092	0.0831045
990	0.994114	0.00526416	0.0710778
991	0.993657	0.00566658	0.0867539
992	0.993891	0.00545144	0.0771125
993	0.993685	0.00562763	0.0902991
994	0.993485	0.00583771	0.0823822
995	0.993542	0.00577897	0.0876802
996	0.994025	0.00533218	0.069078
997	0.993995	0.00536779	0.0792663
998	0.994037	0.00529917	0.0710185
999	0.99403	0.005312	0.0734171
1000	0.993965	0.0053849	0.0806182
1001	0.993775	0.00558912	0.0831717
1002	0.993627	0.00571441	0.0786444
1003	0.993499	0.00581785	0.0804035
1004	0.993755	0.0055898	0.0783562
1005	0.993434	0.00588039	0.0840945
1006	0.993482	0.00581234	0.0794628
1007	0.993576	0.00574086	0.0852884
1008	0.993275	0.00602799	0.0836192
1009	0.993803	0.00553109	0.0733034
1010	0.993656	0.0056449	0.0806498
1011	0.993351	0.00596061	0.0866157
1012	0.99331	0.0059874	0.086847
1013	0.98715	0.0112438	0.101178
1014	0.976863	0.0196027	0.123286
1015	0.977076	0.0193523	0.126281
1016	0.978264	0.018372	0.123956
1017	0.977035	0.0194525	0.125381
1018	0.978043	0.0185591	0.125226
1019	0.976545	0.0199369	0.137443
1020	0.976038	0.0203302	0.129585
1021	0.977079	0.0193251	0.127256
1022	0.977408	0.0191016	0.122874
1023	0.978022	0.0185973	0.121331
1024	0.977513	0.019006	0.120453
1025	0.977152	0.0193737	0.126288
1026	0.981841	0.0160228	0.120738
1027	0.983251	0.0149247	0.110344
1028	0.98282	0.0153708	0.118621
1029	0.983587	0.0147224	0.111558
1030	0.983227	0.0150942	0.114315
1031	0.983137	0.0151248	0.116301
1032	0.983795	0.0144988	0.11399
1033	0.98342	0.0148741	0.119215
1034	0.983015	0.0152023	0.125192
1035	0.982528	0.01565	0.13368
1036	0.983255	0.0150238	0.126754
1037	0.983075	0.0151823	0.121648
1038	0.9824	0.0157146	0.129065
1039	0.982347	0.0158074	0.129681
1040	0.982585	0.015613	0.130336
1041	0.982629	0.0155867	0.126038
1042	0.981989	0.0161331	0.130394
1043	0.9821	0.0160499	0.1199
1044	0.982516	0.015576	0.119175
1045	0.983072	0.0151477	0.119518
1046	0.982682	0.0154705	0.119636
1047	0.982921	0.015379	0.115523
1048	0.983923	0.0143701	0.106242
1049	0.982819	0.0153507	0.115615
1050	0.982656	0.0155274	0.116822
1051	0.982769	0.0154348	0.111291
1052	0.983266	0.0150027	0.111209
1053	0.983208	0.0150484	0.113083
1054	0.982894	0.0153265	0.114455
1055	0.983541	0.0147217	0.110108
1056	0.982845	0.0153702	0.116286
1057	0.982368	0.0157308	0.118173
1058	0.982358	0.0157554	0.122039
1059	0.982544	0.0156235	0.116904
1060	0.982539	0.0155919	0.117427
1061	0.982461	0.0156899	0.120167
1062	0.981966	0.0161575	0.118764
1063	0.983216	0.0149848	0.116681
1064	0.983186	0.0150872	0.120972
1065	0.98238	0.0157797	0.124929
1066	0.983064	0.0151591	0.112419
1067	0.983342	0.0149389	0.111709
1068	0.982892	0.0153072	0.114464
1069	0.982697	0.0155171	0.114493
1070	0.982505	0.0156259	0.118355
1071	0.982658	0.0155218	0.113794
1072	0.982184	0.0159178	0.117993
1073	0.982535	0.0155442	0.117536
1074	0.982656	0.0155176	0.119537
1075	0.98231	0.0158387	0.118385
1076	0.982719	0.0154318	0.108876
1077	0.982267	0.0158424	0.122272
1078	0.98175	0.0163437	0.121968
1079	0.98207	0.0160623	0.126969
1080	0.982041	0.016077	0.129163
1081	0.982807	0.0153556	0.121055
1082	0.981511	0.0165538	0.124825
1083	0.981754	0.0163175	0.124195
1084	0.981857	0.0162421	0.122927
1085	0.981642	0.0164032	0.126837
1086	0.981273	0.0167104	0.131608
1087	0.981438	0.016607	0.128719
1088	0.981544	0.0164324	0.130517
1089	0.982409	0.0156917	0.124314
1090	0.98274	0.0153883	0.119459
1091	0.981929	0.0161565	0.119886
1092	0.982173	0.015965	0.118054
1093	0.982274	0.0157961	0.119287
1094	0.981734	0.0162883	0.12432
1095	0.981295	0.0166584	0.124252
1096	0.982185	0.0159183	0.119037
1097	0.983069	0.0151059	0.119683
1098	0.982119	0.015928	0.119483
1099	0.98183	0.0162368	0.119835
1100	0.98241	0.0157006	0.113418
1101	0.982194	0.0159183	0.121586
1102	0.98205	0.0160161	0.125076
1103	0.982091	0.0159594	0.125718
1104	0.981708	0.016303	0.126628
1105	0.981594	0.0164709	0.123834
1106	0.982207	0.0158552	0.123067
1107	0.98261	0.0154477	0.124377
1108	0.981887	0.0161675	0.1263
1109	0.981446	0.0166025	0.129814
1110	0.981957	0.0160978	0.121385
1111	0.981564	0.016465	0.124831
1112	0.981293	0.0167242	0.123947
1113	0.98172	0.0162998	0.121953
1114	0.980217	0.017601	0.133621
1115	0.981259	0.0167281	0.132409
1116	0.981748	0.0163058	0.12911
1117	0.982133	0.0159658	0.124499
1118	0.980646	0.0172411	0.130934
1119	0.981868	0.0162228	0.120229
1120	0.98116	0.0167566	0.132119
1121	0.980059	0.017781	0.139536
1122	0.980376	0.017533	0.141323
1123	0.981141	0.0169181	0.131207
1124	0.980522	0.0173648	0.138477
1125	0.980866	0.0170297	0.128425
1126	0.981074	0.0168273	0.13055
1127	0.98079	0.0170679	0.130438
1128	0.981247	0.0166685	0.128136
1129	0.980926	0.0170779	0.132932
1130	0.981459	0.0165799	0.127604
1131	0.980811	0.0170629	0.123813
1132	0.981034	0.0168688	0.126512
1133	0.981386	0.0165755	0.124859
1134	0.981466	0.016603	0.121532
1135	0.980916	0.0170064	0.127368
1136	0.981236	0.0166749	0.123115
1137	0.981735	0.0162511	0.119208
1138	0.980437	0.0174569	0.138454
1139	0.980902	0.0169817	0.126815
1140	0.981924	0.0161424	0.118917
1141	0.981308	0.016703	0.122453
1142	0.981699	0.0162461	0.11689
1143	0.981866	0.0161838	0.118837
1144	0.98152	0.0164597	0.121035
1145	0.981436	0.0165456	0.1222
1146	0.98084	0.0170584	0.127318
1147	0.981153	0.0167973	0.122128
1148	0.981304	0.0166732	0.128181
1149	0.981012	0.0168897	0.12602
1150	0.980749	0.0172037	0.131261
1151	0.980239	0.0176849	0.135818
1152	0.981278	0.0167039	0.131669
1153	0.98078	0.0171212	0.129762
1154	0.979933	0.0178923	0.139045
1155	0.979891	0.0179219	0.151429
1156	0.98043	0.017481	0.141842
1157	0.979805	0.0180304	0.145219
1158	0.978773	0.0188421	0.148383
1159	0.980366	0.0175303	0.13828
1160	0.980453	0.0174158	0.140594
1161	0.980436	0.0174667	0.139548
1162	0.980576	0.0173559	0.1312
1163	0.98	0.0177622	0.138935
1164	0.979745	0.018118	0.136938
1165	0.979767	0.0180356	0.139898
1166	0.980468	0.0174044	0.131998
1167	0.979912	0.0179295	0.134643
1168	0.979251	0.0185336	0.144352
1169	0.980074	0.0178185	0.136144
1170	0.980519	0.0173811	0.13514
1171	0.980396	0.0175477	0.136199
1172	0.980482	0.0174087	0.142292
1173	0.979922	0.017961	0.138317
1174	0.979966	0.0178557	0.137959
1175	0.980463	0.0174208	0.131427
1176	0.980378	0.0175034	0.132572
1177	0.980421	0.0174115	0.133511
1178	0.979793	0.0180518	0.131434
1179	0.979592	0.0181449	0.13759
1180	0.980423	0.0174813	0.130284
1181	0.980006	0.0178663	0.132019
1182	0.980794	0.017121	0.125777
1183	0.979956	0.0178255	0.126083
1184	0.980589	0.0172801	0.126435
1185	0.98054	0.0173239	0.129768
1186	0.980862	0.0171154	0.126638
1187	0.979626	0.0182093	0.134776
1188	0.979552	0.0182304	0.136216
1189	0.979317	0.018489	0.134797
1190	0.980082	0.0177225	0.131153
1191	0.979472	0.0183353	0.136961
1192	0.979031	0.0186697	0.134416
1193	0.979358	0.0184097	0.135369
1194	0.979647	0.0181593	0.136058
1195	0.978794	0.0188929	0.139738
1196	0.979855	0.0178791	0.131955
1197	0.979515	0.0181438	0.139697
1198	0.979361	0.0183735	0.14357
1199	0.978419	0.0193022	0.146987
1200	0.980926	0.017035	0.126696
1201	0.979965	0.01792	0.134829
1202	0.97854	0.0191369	0.148465
1203	0.97939	0.0182894	0.143977
1204	0.978953	0.0187858	0.145236
1205	0.979201	0.0186312	0.15406
1206	0.979161	0.0185926	0.151824
1207	0.979081	0.0187095	0.153735
1208	0.978321	0.0194345	0.162728
1209	0.978118	0.0194703	0.158802
1210	0.978608	0.0190583	0.145096
1211	0.97911	0.0185487	0.143117
1212	0.98027	0.0175739	0.132205
1213	0.979814	0.0179943	0.138391
1214	0.97927	0.0184361	0.139048
1215	0.979982	0.0178676	0.135932
1216	0.995314	0.00458732	0.0918147
1217	0.999337	0.000658739	0.133377
1218	0.999467	0.000530255	0.10182
1219	0.999562	0.000435764	0.0794448
1220	0.999633	0.000365507	0.0636367
1221	0.999686	0.000311967	0.0524592
1222	0.999728	0.000270265	0.0437977
1223	0.999762	0.000237129	0.036786
1224	0.999789	0.000210279	0.0313562
1225	0.999811	0.000188133	0.0273366
1226	0.999829	0.000169671	0.0239899
1227	0.999845	0.000154085	0.0212214
1228	0.999858	0.000140776	0.0189494
1229	0.99987	0.000129293	0.0171452
1230	0.99988	0.000119347	0.0154216
1231	0.999889	0.000110646	0.0139126
1232	0.999896	0.000102977	0.0126119
1233	0.999903	9.61701e-05	0.0115076
1234	0.999909	9.00799e-05	0.0106311
1235	0.999915	8.46197e-05	0.00985546
1236	0.99992	7.97198e-05	0.00908837
1237	0.999924	7.52811e-05	0.00842428
1238	0.999928	7.12387e-05	0.00787914
1239	0.999932	6.75713e-05	0.00731253
1240	0.999935	6.42061e-05	0.00684507
1241	0.999939	6.11144e-05	0.00643459
1242	0.999941	5.82688e-05	0.00606122
1243	0.999944	5.56402e-05	0.00572053
1244	0.999947	5.321e-05	0.00540875
1245	0.999949	5.09545e-05	0.00512267
1246	0.999951	4.88585e-05	0.00484994
1247	0.999953	4.69095e-05	0.00458099
1248	0.999955	4.50847e-05	0.00435856
1249	0.999956	4.33786e-05	0.00414465
1250	0.999958	4.17743e-05	0.00395378
1251	0.99996	4.027e-05	0.00377632
1252	0.999961	3.88556e-05	0.00361789
1253	0.999962	3.75266e-05	0.00345023
1254	0.999964	3.62671e-05	0.0033063
1255	0.999965	3.50812e-05	0.00317157
1256	0.999966	3.39557e-05	0.00305079
1257	0.999967	3.28909e-05	0.00293735
1258	0.999968	3.18808e-05	0.00283053
1259	0.999969	3.09207e-05	0.00272983
1260	0.99997	3.00098e-05	0.00263482
1261	0.999971	2.91445e-05	0.00254029
1262	0.999972	2.83191e-05	0.00245096
1263	0.999972	2.75341e-05	0.00236217
1264	0.999973	2.67841e-05	0.00228228
1265	0.999974	2.60639e-05	0.00221455
1266	0.999975	2.53791e-05	0.00214632
1267	0.999975	2.47209e-05	0.00208135
1268	0.999976	2.40917e-05	0.0020196
1269	0.999976	2.34882e-05	0.00195712
1270	0.999977	2.29082e-05	0.00190805
1271	0.999978	2.23553e-05	0.0018476
1272	0.999978	2.18213e-05	0.00179648
1273	0.999979	2.13096e-05	0.00174765
1274	0.999979	2.0818e-05	0.00170099
1275	0.99998	2.03427e-05	0.00165624
1276	0.99998	1.98875e-05	0.00161044
1277	0.99998	1.94465e-05	0.00157232
1278	0.999981	1.90233e-05	0.0015329
1279	0.999981	1.86149e-05	0.00148966
1280	0.999982	1.82205e-05	0.00145609
1281	0.999982	1.78422e-05	0.00141613
1282	0.999982	1.74724e-05	0.00138271
1283	0.999983	1.7116e-05	0.001353
1284	0.999983	1.67742e-05	0.00131963
1285	0.999983	1.64398e-05	0.0012898
1286	0.999984	1.61173e-05	0.00126109
1287	0.999984	1.58058e-05	0.00123114
1288	0.999984	1.55046e-05	0.00120447
1289	0.999985	1.52117e-05	0.0011787
1290	0.999985	1.49295e-05	0.00114767
1291	0.999985	1.46526e-05	0.0011278
1292	0.999986	1.43841e-05	0.00110653
1293	0.999986	1.41252e-05	0.00108407
1294	0.999986	1.38772e-05	0.00105292
1295	0.999986	1.36303e-05	0.00103384
1296	0.999987	1.3391e-05	0.00101547
1297	0.999987	1.31605e-05	0.00099584
1298	0.999987	1.29369e-05	0.000973309
1299	0.999987	1.27185e-05	0.000954944
1300	0.999987	1.25053e-05	0.000938812
