600	0.378768	0.401273	0.355857
601	0.379408	0.400862	0.356669
602	0.3795	0.399938	0.356748
603	0.380484	0.399634	0.357942
604	0.380506	0.400316	0.356924
605	0.380638	0.39818	0.357572
606	0.38166	0.398033	0.358528
607	0.382248	0.398483	0.358758
608	0.382858	0.397955	0.359426
609	0.381731	0.397043	0.358191
610	0.38249	0.396734	0.35876
611	0.382666	0.396008	0.359038
612	0.383911	0.396907	0.359468
613	0.384102	0.395418	0.359999
614	0.386072	0.395781	0.361894
615	0.38654	0.39454	0.362373
616	0.386553	0.393598	0.362088
617	0.386536	0.39328	0.362078
618	0.387941	0.393012	0.363303
619	0.388787	0.39217	0.363602
620	0.389789	0.391696	0.364781
621	0.390388	0.390023	0.36573
622	0.391312	0.390259	0.366344
623	0.391183	0.389749	0.365918
624	0.391624	0.390044	0.366107
625	0.391993	0.388914	0.367085
626	0.393277	0.38958	0.367661
627	0.393202	0.389323	0.367879
628	0.393312	0.388693	0.367341
629	0.394182	0.388514	0.368339
630	0.394904	0.387803	0.369108
631	0.395801	0.387588	0.369539
632	0.395436	0.387458	0.368831
633	0.396087	0.387426	0.369159
634	0.396908	0.386623	0.370651
635	0.396932	0.385449	0.370865
636	0.397853	0.386057	0.370818
637	0.398901	0.385114	0.372263
638	0.398879	0.384485	0.371653
639	0.399154	0.385457	0.371396
640	0.39965	0.384146	0.372645
641	0.400001	0.384321	0.372259
642	0.400961	0.383611	0.373775
643	0.401178	0.382836	0.373445
644	0.401089	0.381126	0.373681
645	0.402227	0.381963	0.374522
646	0.403623	0.381803	0.375751
647	0.403404	0.380169	0.375573
648	0.403774	0.380355	0.375486
649	0.405023	0.380216	0.37591
650	0.405885	0.379787	0.376585
651	0.406464	0.378178	0.377695
652	0.407307	0.37816	0.378329
653	0.40879	0.378015	0.379407
654	0.408786	0.377145	0.379629
655	0.409204	0.37645	0.379857
656	0.410004	0.375657	0.380496
657	0.411409	0.376465	0.380906
658	0.411619	0.37512	0.381174
659	0.412104	0.373799	0.381665
660	0.413079	0.373299	0.382312
661	0.413364	0.371789	0.383196
662	0.413843	0.372079	0.38293
663	0.415264	0.371378	0.384982
664	0.415547	0.372205	0.384313
665	0.41693	0.371161	0.386367
666	0.417315	0.370878	0.386037
667	0.418216	0.369712	0.387001
668	0.418337	0.369242	0.38701
669	0.419152	0.368786	0.387257
670	0.420076	0.367849	0.388624
671	0.421503	0.368066	0.389262
672	0.421377	0.366911	0.388833
673	0.42256	0.36655	0.389428
674	0.42366	0.366224	0.389987
675	0.42485	0.365724	0.391005
676	0.42446	0.365153	0.390466
677	0.424868	0.364259	0.391446
678	0.42549	0.363872	0.391845
679	0.427122	0.363287	0.393979
680	0.427763	0.362229	0.394102
681	0.428071	0.362375	0.39395
682	0.429331	0.360721	0.395793
683	0.429163	0.3606	0.394562
684	0.431011	0.360538	0.39679
685	0.430692	0.360429	0.395568
686	0.431836	0.359049	0.397431
687	0.432412	0.358666	0.397629
688	0.433952	0.358661	0.398616
689	0.434901	0.359285	0.398935
690	0.434717	0.356983	0.399046
691	0.435581	0.356883	0.399308
692	0.437095	0.35655	0.400564
693	0.438015	0.355887	0.401813
694	0.438369	0.354675	0.402084
695	0.438863	0.353635	0.402301
696	0.440271	0.352602	0.403695
697	0.441132	0.351819	0.403505
698	0.441962	0.351008	0.404471
699	0.442614	0.350079	0.404503
700	0.443406	0.350415	0.404696
701	0.445404	0.349581	0.406745
702	0.446167	0.349254	0.407358
703	0.446936	0.348393	0.407647
704	0.448117	0.348843	0.408669
705	0.448503	0.348308	0.408787
706	0.449406	0.347207	0.409624
707	0.44894	0.346705	0.408773
708	0.45172	0.346251	0.410999
709	0.452084	0.345266	0.41071
710	0.45369	0.344657	0.412242
711	0.454983	0.343494	0.413205
712	0.455401	0.342586	0.413369
713	0.455955	0.342915	0.413719
714	0.456812	0.341913	0.413873
715	0.457848	0.340386	0.415296
716	0.458842	0.339967	0.416156
717	0.459694	0.33844	0.417419
718	0.460373	0.337937	0.417517
719	0.461715	0.338576	0.417551
720	0.462732	0.336716	0.419782
721	0.462663	0.336094	0.419361
722	0.463596	0.336721	0.418962
723	0.463913	0.334962	0.420598
724	0.465824	0.335708	0.421122
725	0.466382	0.333988	0.421944
726	0.467205	0.333318	0.422126
727	0.468462	0.33273	0.422824
728	0.469578	0.332029	0.423109
729	0.47106	0.331686	0.4244
730	0.472379	0.330998	0.425517
731	0.473363	0.330339	0.426246
732	0.475052	0.328948	0.427056
733	0.475637	0.327626	0.426911
734	0.477043	0.327019	0.427411
735	0.478477	0.326054	0.430004
736	0.478738	0.324691	0.430652
737	0.479777	0.325263	0.430316
738	0.480918	0.324376	0.431488
739	0.48166	0.325028	0.43138
740	0.482749	0.324153	0.431339
741	0.484541	0.322034	0.433404
742	0.486805	0.321508	0.434516
743	0.487859	0.320907	0.435506
744	0.488273	0.32052	0.434669
745	0.489314	0.319834	0.435364
746	0.490565	0.318827	0.436718
747	0.492187	0.317411	0.438543
748	0.492946	0.316607	0.439966
749	0.494867	0.317075	0.43937
750	0.495846	0.316091	0.439448
751	0.497174	0.314896	0.44051
752	0.497636	0.313824	0.44133
753	0.499768	0.313092	0.442964
754	0.501109	0.311937	0.44365
755	0.502138	0.311125	0.444093
756	0.502485	0.309518	0.444637
757	0.503563	0.309928	0.44446
758	0.506283	0.30868	0.447067
759	0.506449	0.308766	0.445415
760	0.508522	0.305955	0.448302
761	0.509617	0.306232	0.447393
762	0.510583	0.30515	0.447834
763	0.513713	0.30458	0.45044
764	0.512686	0.302149	0.449457
765	0.51542	0.302262	0.451535
766	0.51732	0.301532	0.453483
767	0.517976	0.301057	0.452895
768	0.519351	0.299667	0.454481
769	0.519595	0.29868	0.454106
770	0.521669	0.297959	0.45593
771	0.522982	0.297975	0.45618
772	0.525486	0.296238	0.458029
773	0.526054	0.295847	0.457557
774	0.527984	0.294266	0.459831
775	0.527837	0.293594	0.45939
776	0.529215	0.292702	0.459827
777	0.53108	0.292463	0.460126
778	0.532258	0.290502	0.46154
779	0.534016	0.290637	0.461285
780	0.534762	0.288207	0.462775
781	0.53706	0.288106	0.462653
782	0.53982	0.286281	0.46658
783	0.540595	0.285542	0.465964
784	0.542545	0.285845	0.466385
785	0.54326	0.283808	0.46793
786	0.544536	0.283136	0.466744
787	0.547015	0.281383	0.468229
788	0.550269	0.27999	0.471092
789	0.550848	0.27904	0.469558
790	0.551932	0.278246	0.470098
791	0.553687	0.277828	0.472011
792	0.553938	0.277642	0.46961
793	0.555555	0.275913	0.472753
794	0.555964	0.27574	0.472115
795	0.558901	0.274095	0.47588
796	0.560153	0.273556	0.475964
797	0.560772	0.273829	0.47518
798	0.562812	0.271837	0.477914
799	0.563861	0.271204	0.476629
800	0.566663	0.270153	0.478892
801	0.567476	0.270335	0.477013
802	0.568217	0.268365	0.478325
803	0.570928	0.267636	0.47922
804	0.571299	0.267426	0.478104
805	0.574621	0.26489	0.481581
806	0.5746	0.263755	0.480798
807	0.57518	0.263949	0.477625
808	0.579334	0.262038	0.482349
809	0.579984	0.260708	0.481435
810	0.58197	0.260608	0.483136
811	0.584884	0.258683	0.484799
812	0.585579	0.257344	0.484405
813	0.587046	0.255735	0.485766
814	0.589189	0.254938	0.487795
815	0.591209	0.254191	0.488173
816	0.593098	0.252617	0.488339
817	0.595844	0.251555	0.488583
818	0.597139	0.249868	0.488643
819	0.598138	0.249926	0.488486
820	0.600168	0.247498	0.492721
821	0.601875	0.247837	0.488864
822	0.604694	0.244948	0.491836
823	0.606367	0.2443	0.489775
824	0.608884	0.242401	0.491728
825	0.610888	0.240219	0.491667
826	0.613293	0.23977	0.49288
827	0.616935	0.237558	0.49494
828	0.616332	0.238177	0.490522
829	0.617702	0.235643	0.493742
830	0.621257	0.234114	0.495391
831	0.623391	0.232354	0.496155
832	0.625623	0.23183	0.497551
833	0.627943	0.230122	0.494521
834	0.630487	0.229903	0.493701
835	0.631778	0.228482	0.493896
836	0.634521	0.225183	0.495342
837	0.639228	0.224263	0.495936
838	0.641503	0.222154	0.498321
839	0.643163	0.220902	0.497656
840	0.644794	0.220396	0.495915
841	0.646859	0.219247	0.496329
842	0.647966	0.217356	0.495934
843	0.65016	0.215313	0.497503
844	0.653798	0.214722	0.497658
845	0.655775	0.213252	0.497868
846	0.656108	0.213302	0.491207
847	0.66023	0.210212	0.496997
848	0.6633	0.209003	0.497083
849	0.665573	0.206686	0.497043
850	0.666557	0.205972	0.49383
851	0.667049	0.205025	0.493847
852	0.670936	0.203257	0.494148
853	0.674236	0.201941	0.492577
854	0.676397	0.19965	0.494927
855	0.680435	0.198142	0.493384
856	0.681526	0.196164	0.490723
857	0.683332	0.194894	0.488998
858	0.68821	0.19226	0.489696
859	0.689107	0.191117	0.487014
860	0.691877	0.189291	0.48928
861	0.696685	0.187939	0.491162
862	0.696579	0.187189	0.485315
863	0.699478	0.186099	0.482774
864	0.701254	0.18436	0.483066
865	0.706122	0.181706	0.485593
866	0.706505	0.180734	0.48311
867	0.709672	0.178729	0.484902
868	0.71184	0.177437	0.481507
869	0.715488	0.176048	0.477774
870	0.718232	0.173091	0.479945
871	0.71968	0.173186	0.475289
872	0.72379	0.169747	0.474456
873	0.726053	0.1695	0.470102
874	0.728864	0.167323	0.466654
875	0.731712	0.164919	0.46393
876	0.736947	0.16239	0.460641
877	0.737588	0.161904	0.457553
878	0.74152	0.158747	0.453441
879	0.743541	0.157154	0.452497
880	0.746902	0.155612	0.448639
881	0.750632	0.153244	0.443911
882	0.754372	0.150623	0.446375
883	0.756544	0.14902	0.445703
884	0.759703	0.147954	0.439932
885	0.764005	0.144587	0.430479
886	0.767085	0.142887	0.431948
887	0.770449	0.140558	0.426732
888	0.771905	0.139295	0.420764
889	0.776029	0.136731	0.41883
890	0.778944	0.134843	0.41091
891	0.783284	0.132276	0.403875
892	0.786362	0.130462	0.397952
893	0.790178	0.127712	0.390406
894	0.793131	0.125854	0.390745
895	0.795043	0.124827	0.380474
896	0.798886	0.123712	0.373298
897	0.802617	0.120319	0.370149
898	0.805392	0.118205	0.362856
899	0.808758	0.117248	0.354579
900	0.810659	0.114751	0.35024
901	0.814445	0.112086	0.346719
902	0.818659	0.109856	0.338607
903	0.8201	0.108793	0.331927
904	0.82409	0.106508	0.32204
905	0.826772	0.104932	0.316413
906	0.829727	0.103475	0.312432
907	0.8336	0.100564	0.296941
908	0.836554	0.0990473	0.289314
909	0.839799	0.0961494	0.278351
910	0.845064	0.0936636	0.271835
911	0.847122	0.0921419	0.25802
912	0.850834	0.0895378	0.250848
913	0.856145	0.0857743	0.235289
914	0.859168	0.0836863	0.228104
915	0.862163	0.0819184	0.211115
916	0.865847	0.0795765	0.202294
917	0.86639	0.0799937	0.198699
918	0.869446	0.0777111	0.191444
919	0.869795	0.0777337	0.195567
920	0.872993	0.076251	0.189653
921	0.874068	0.076064	0.188918
922	0.87516	0.0746176	0.195679
923	0.876246	0.0748516	0.190445
924	0.877862	0.0743067	0.194175
925	0.876467	0.0748607	0.193726
926	0.878181	0.0737083	0.189396
927	0.880939	0.0725109	0.18752
928	0.879439	0.0736037	0.194763
929	0.880517	0.0727182	0.190485
930	0.879996	0.0728387	0.193787
931	0.882285	0.0723466	0.193968
932	0.887077	0.0697867	0.184923
933	0.884983	0.0709551	0.184544
934	0.885712	0.0699291	0.185396
935	0.885874	0.0699278	0.183536
936	0.88464	0.0707596	0.184767
937	0.881786	0.0726951	0.18386
938	0.889717	0.0685252	0.180318
939	0.890509	0.0685727	0.18202
940	0.888531	0.0696612	0.185699
941	0.889338	0.0693506	0.18449
942	0.889384	0.0690229	0.179883
943	0.890108	0.0687214	0.179831
944	0.889911	0.0683692	0.183328
945	0.887027	0.0709719	0.18474
946	0.888508	0.0694903	0.183093
947	0.888806	0.0683056	0.179141
948	0.887473	0.0699723	0.184607
949	0.886798	0.0696044	0.187896
950	0.896754	0.0658405	0.182605
951	0.89701	0.0663709	0.179277
952	0.897434	0.0653941	0.182005
953	0.897526	0.0656739	0.186563
954	0.897349	0.0656533	0.183079
955	0.894451	0.0673224	0.185535
956	0.894263	0.0675401	0.184675
957	0.893076	0.0682547	0.192438
958	0.895925	0.0661168	0.187136
959	0.893437	0.0680959	0.189828
960	0.894248	0.0675224	0.187041
960	0.894248	0.0675224	0.187041
961	0.895357	0.0664051	0.183926
962	0.893367	0.067424	0.189631
963	0.893023	0.06832	0.190943
964	0.893269	0.0682647	0.183597
965	0.891554	0.068656	0.184835
966	0.891677	0.0685143	0.184249
967	0.892632	0.0679972	0.182384
968	0.891639	0.0689198	0.186824
969	0.890751	0.0689107	0.18731
970	0.888774	0.0701732	0.190745
971	0.888418	0.0703311	0.197251
972	0.887602	0.0715837	0.195087
973	0.90602	0.0630167	0.184587
974	0.908213	0.0611399	0.183946
975	0.907855	0.0616653	0.18226
976	0.905799	0.0631979	0.18098
977	0.907548	0.0620923	0.180956
978	0.908634	0.0608278	0.17554
979	0.90767	0.061598	0.179128
980	0.905896	0.0628574	0.183399
981	0.90591	0.0628133	0.18678
982	0.90507	0.0631243	0.186274
983	0.904876	0.0630941	0.185367
984	0.902681	0.0644971	0.19259
985	0.903042	0.0646344	0.188883
986	0.905001	0.0630369	0.187456
987	0.904182	0.0632458	0.188883
988	0.901915	0.0649749	0.189983
989	0.902438	0.0644108	0.187859
990	0.901116	0.0658848	0.18802
991	0.90139	0.0652878	0.187356
992	0.901718	0.0652249	0.183625
993	0.901757	0.0650454	0.19077
994	0.902693	0.0638894	0.185113
995	0.903451	0.063253	0.179126
996	0.899749	0.0660854	0.18419
997	0.90042	0.065947	0.182728
998	0.899761	0.0658562	0.183742
999	0.90094	0.0650152	0.186296
1000	0.900237	0.0657771	0.191289
1001	0.898003	0.0672924	0.186217
1002	0.89799	0.0669901	0.194938
1003	0.896416	0.0684396	0.194542
1004	0.898569	0.0662798	0.188109
1005	0.89823	0.0664728	0.189741
1006	0.898231	0.0667581	0.186245
1007	0.897082	0.0671332	0.193477
1008	0.894291	0.0692079	0.198217
1009	0.894774	0.0695841	0.200619
1010	0.894508	0.0688214	0.193229
1011	0.89417	0.0688363	0.192313
1012	0.89318	0.0699044	0.190729
1013	0.894012	0.0687553	0.190672
1014	0.894525	0.0683072	0.186145
1015	0.893214	0.0697064	0.193084
1016	0.894608	0.0683579	0.191032
1017	0.892909	0.0695221	0.187266
1018	0.892469	0.0697194	0.185231
1019	0.893908	0.0687618	0.184321
1020	0.893798	0.0687192	0.187383
1021	0.891917	0.070044	0.187653
1022	0.892745	0.0692508	0.187888
1023	0.891249	0.0701656	0.185549
1024	0.891475	0.0703266	0.191339
1025	0.89171	0.0697931	0.194303
1026	0.917864	0.0579475	0.184747
1027	0.92803	0.0528242	0.187824
1028	0.925903	0.0541875	0.184128
1029	0.925062	0.0551505	0.193401
1030	0.926863	0.0533872	0.186567
1031	0.92604	0.0540601	0.190476
1032	0.924968	0.0550459	0.191171
1033	0.926099	0.0539966	0.186967
1034	0.925639	0.0538037	0.191605
1035	0.923547	0.0559548	0.193446
1036	0.923375	0.0560975	0.188485
1037	0.924278	0.054763	0.191155
1038	0.92505	0.0545553	0.181885
1039	0.924459	0.0549624	0.185994
1040	0.923325	0.0558665	0.187004
1041	0.922893	0.0560273	0.188438
1042	0.924383	0.0550541	0.191637
1043	0.924363	0.0548065	0.189311
1044	0.922721	0.0561227	0.189641
1045	0.923751	0.0551637	0.182604
1046	0.924973	0.0543533	0.184923
1047	0.924887	0.0544033	0.181321
1048	0.92305	0.0556812	0.183775
1049	0.924205	0.0548932	0.181018
1050	0.923846	0.0546765	0.176967
1051	0.9244	0.0543929	0.175431
1052	0.923097	0.0553545	0.179221
1053	0.922137	0.0560347	0.182309
1054	0.922637	0.0553844	0.179749
1055	0.921319	0.0567959	0.186879
1056	0.922793	0.0555586	0.17953
1057	0.920514	0.0573881	0.18516
1058	0.920386	0.0569114	0.186361
1059	0.92041	0.0571264	0.183426
1060	0.920927	0.0570814	0.184057
1061	0.921323	0.0564767	0.181866
1062	0.920673	0.0567807	0.18447
1063	0.921453	0.0563003	0.179968
1064	0.919535	0.0576429	0.191799
1065	0.920132	0.0571335	0.18661
1066	0.919944	0.0570962	0.184451
1067	0.918541	0.0586927	0.187011
1068	0.91764	0.0590033	0.18756
1069	0.918551	0.0581032	0.186162
1070	0.9183	0.0581701	0.183841
1071	0.917875	0.0587156	0.182958
1072	0.917672	0.0589821	0.182168
1073	0.917302	0.0586243	0.188139
1074	0.915979	0.0599541	0.19282
1075	0.916832	0.0592514	0.189994
1076	0.917866	0.0585282	0.186963
1077	0.915147	0.0603732	0.188079
1078	0.914966	0.0606886	0.189817
1079	0.916024	0.0599836	0.183397
1080	0.915283	0.0601894	0.183107
1081	0.915116	0.0600682	0.18612
1082	0.913567	0.0615586	0.188296
1083	0.912612	0.0620942	0.192657
1084	0.913462	0.0614344	0.189284
1085	0.913973	0.0608324	0.186951
1086	0.91345	0.0612232	0.183928
1087	0.91232	0.0619967	0.190295
1088	0.911771	0.0628412	0.189292
1089	0.911432	0.0628692	0.198523
1090	0.912009	0.0624378	0.190323
1091	0.910675	0.0631366	0.196182
1092	0.910926	0.0626908	0.193525
1093	0.910919	0.0629954	0.191834
1094	0.909785	0.0641064	0.193333
1095	0.911977	0.0621513	0.193588
1096	0.909332	0.0636905	0.194368
1097	0.91028	0.0630613	0.194143
1098	0.90988	0.0634578	0.191833
1099	0.906162	0.0661295	0.197403
1100	0.907175	0.0653936	0.195607
1101	0.90815	0.0646537	0.196916
1102	0.909491	0.0638084	0.188306
1103	0.907951	0.0651747	0.189769
1104	0.907649	0.0645925	0.196189
1105	0.907314	0.0648904	0.195289
1106	0.90567	0.0659872	0.198006
1107	0.908062	0.0642101	0.190921
1108	0.906912	0.0649881	0.191247
1109	0.904971	0.0663119	0.195859
1110	0.905082	0.0669459	0.196385
1111	0.904357	0.0670979	0.193404
1112	0.906693	0.0653214	0.193447
1113	0.906624	0.0650371	0.193377
1114	0.905984	0.0650003	0.186865
1115	0.905749	0.06555	0.196924
1116	0.904977	0.0667054	0.198762
1117	0.905774	0.0653551	0.189451
1118	0.904237	0.0668791	0.196086
1119	0.902476	0.0676927	0.202501
1120	0.903035	0.068114	0.199325
1121	0.902738	0.068273	0.196693
1122	0.903401	0.067276	0.193637
1123	0.902175	0.0681888	0.198949
1124	0.902101	0.0682495	0.192777
1125	0.901315	0.0681485	0.197326
1126	0.902446	0.0678483	0.199527
1127	0.901415	0.0679867	0.198623
1128	0.901122	0.0680738	0.199827
1129	0.901812	0.0679852	0.2009
1130	0.902763	0.067187	0.196984
1131	0.90032	0.0689259	0.201889
1132	0.90079	0.0684955	0.195395
1133	0.897474	0.0709399	0.206044
1134	0.897066	0.0709878	0.206795
1135	0.899058	0.0697796	0.203197
1136	0.899207	0.0693168	0.203311
1137	0.896646	0.0714101	0.21055
1138	0.897994	0.0698802	0.203718
1139	0.896859	0.0713175	0.20474
1140	0.898134	0.0699779	0.193686
1141	0.898803	0.0694503	0.198384
1142	0.897887	0.0697147	0.196912
1143	0.898931	0.0692209	0.188616
1144	0.897275	0.0705985	0.194124
1145	0.896465	0.0710741	0.195387
1146	0.899155	0.0685545	0.190625
1147	0.896491	0.0711227	0.196726
1148	0.897791	0.0696445	0.189243
1149	0.894208	0.0721293	0.192351
1150	0.894937	0.0714752	0.196576
1151	0.894682	0.0717579	0.200146
1152	0.89409	0.072537	0.201251
1153	0.895232	0.0716979	0.198257
1154	0.895417	0.0712917	0.197333
1155	0.891193	0.074168	0.207034
1156	0.891724	0.0737881	0.204358
1157	0.889214	0.0755898	0.206222
1158	0.891922	0.0734359	0.203508
1159	0.89277	0.0731822	0.204625
1160	0.891284	0.0739757	0.206333
1161	0.889788	0.0747668	0.20983
1162	0.890645	0.0741285	0.20629
1163	0.890496	0.0744961	0.209124
1164	0.88871	0.0761985	0.206083
1165	0.889864	0.0744493	0.207127
1166	0.88853	0.0761062	0.203582
1167	0.887845	0.0760657	0.214202
1168	0.890134	0.0744017	0.205864
1169	0.890727	0.0745245	0.202325
1170	0.888878	0.0748801	0.201024
1171	0.887156	0.0763928	0.210477
1172	0.886703	0.0765724	0.212366
1173	0.884884	0.0775551	0.209865
1174	0.885562	0.0772685	0.206092
1175	0.885267	0.0775813	0.21031
1176	0.884621	0.0783318	0.210139
1177	0.884772	0.0780133	0.209368
1178	0.885588	0.0774378	0.207045
1179	0.887514	0.0755055	0.203324
1180	0.88463	0.0784523	0.207193
1181	0.883294	0.078577	0.21248
1182	0.884607	0.0776189	0.20938
1183	0.885646	0.0773441	0.206831
1184	0.885557	0.0771817	0.208067
1185	0.884722	0.0768092	0.209481
1186	0.882913	0.0785289	0.208663
1187	0.882699	0.0785493	0.209955
1188	0.88223	0.0794881	0.214037
1189	0.882699	0.0785334	0.209426
1190	0.882014	0.0789349	0.204908
1191	0.884477	0.0767712	0.203376
1192	0.882351	0.0783476	0.203315
1193	0.882476	0.0786746	0.207557
1194	0.880978	0.0791939	0.207052
1195	0.880309	0.0798632	0.206839
1196	0.880802	0.0795482	0.203766
1197	0.880811	0.079604	0.200304
1198	0.88009	0.0803379	0.200953
1199	0.878737	0.0804568	0.207473
1200	0.878602	0.081393	0.206103
1201	0.880766	0.0791955	0.205383
1202	0.880303	0.0791503	0.204727
1203	0.879424	0.0801144	0.21066
1204	0.879188	0.0802294	0.20574
1205	0.87929	0.0800486	0.205043
1206	0.874843	0.082925	0.213164
1207	0.875569	0.0824212	0.208049
1208	0.879045	0.0798469	0.206654
1209	0.877516	0.0810898	0.204965
1210	0.87567	0.082038	0.210377
1211	0.877187	0.081649	0.205984
1212	0.875628	0.0819889	0.205409
1213	0.875033	0.081981	0.214029
1214	0.876537	0.0814112	0.204595
1215	0.877521	0.0808936	0.203752
1216	0.971195	0.0241206	0.143789
1217	0.997061	0.00285458	0.167267
1218	0.997667	0.00226214	0.136353
1219	0.998071	0.00186612	0.113491
1220	0.99837	0.00157399	0.0941203
1221	0.9986	0.00134928	0.0784976
1222	0.99878	0.00117328	0.0656036
1223	0.998925	0.00103247	0.0556373
1224	0.999042	0.000918992	0.0471434
1225	0.999138	0.000825416	0.0405602
1226	0.999218	0.000747726	0.0350489
1227	0.999286	0.000682123	0.0306189
1228	0.999344	0.000626212	0.0269624
1229	0.999394	0.000578111	0.023901
1230	0.999437	0.000536508	0.0212456
1231	0.999475	0.000499885	0.0190956
1232	0.999509	0.000467453	0.0173177
1233	0.999538	0.000438839	0.0157068
1234	0.999565	0.000413282	0.0143079
1235	0.999589	0.000390379	0.013078
1236	0.999611	0.000369652	0.01202
1237	0.99963	0.000350773	0.0111175
1238	0.999648	0.000333789	0.0102492
1239	0.999664	0.000318029	0.00955259
1240	0.999679	0.00030362	0.0089115
1241	0.999693	0.000290385	0.0083293
1242	0.999706	0.000278167	0.00780308
1243	0.999718	0.000266785	0.0073457
1244	0.999729	0.000256293	0.00691023
1245	0.999739	0.000246476	0.0065267
1246	0.999749	0.000237385	0.00615903
1247	0.999758	0.000228842	0.00583399
1248	0.999766	0.000220772	0.00554606
1249	0.999774	0.000213278	0.00526643
1250	0.999781	0.000206267	0.00500031
1251	0.999788	0.000199624	0.00476119
1252	0.999795	0.000193342	0.00454363
1253	0.999801	0.000187504	0.00432207
1254	0.999807	0.000181887	0.0041341
1255	0.999813	0.000176557	0.00396039
1256	0.999818	0.000171511	0.00379595
1257	0.999823	0.000166708	0.00364355
1258	0.999828	0.00016213	0.00350207
1259	0.999832	0.000157817	0.00336113
1260	0.999837	0.000153706	0.00322864
1261	0.999841	0.000149759	0.00310816
1262	0.999845	0.00014599	0.00299444
1263	0.999849	0.000142378	0.0028883
1264	0.999852	0.000138932	0.00278663
1265	0.999856	0.000135581	0.00269751
1266	0.999859	0.000132405	0.00260824
1267	0.999862	0.00012935	0.00252457
1268	0.999865	0.000126394	0.00244827
1269	0.999869	0.000123298	0.00237222
1270	0.999872	0.000120603	0.00229896
1271	0.999874	0.000118009	0.00222915
1272	0.999877	0.000115501	0.0021644
1273	0.999879	0.000113123	0.00209715
1274	0.999882	0.000110794	0.00203821
1275	0.999884	0.000108566	0.00197838
1276	0.999887	0.000106383	0.00192612
1277	0.999889	0.000104288	0.00187444
1278	0.999891	0.000102254	0.00182643
1279	0.999893	0.000100322	0.00177582
1280	0.999895	9.84561e-05	0.0017266
1281	0.999897	9.66225e-05	0.00168361
1282	0.999899	9.48743e-05	0.00163816
1283	0.999901	9.31418e-05	0.00159979
1284	0.999902	9.14769e-05	0.00156156
1285	0.999904	8.9896e-05	0.00152038
1286	0.999906	8.83107e-05	0.00148683
1287	0.999907	8.68484e-05	0.00144565
1288	0.999909	8.53608e-05	0.00141402
1289	0.99991	8.39466e-05	0.00138016
1290	0.999912	8.25368e-05	0.00135128
1291	0.999913	8.12238e-05	0.00131758
1292	0.999915	7.98932e-05	0.00129017
1293	0.999916	7.86436e-05	0.0012597
1294	0.999917	7.73939e-05	0.00123366
1295	0.999919	7.6172e-05	0.00120892
1296	0.99992	7.49807e-05	0.00118544
1297	0.999921	7.38601e-05	0.00115815
1298	0.999922	7.27271e-05	0.00113662
1299	0.999923	7.162e-05	0.00111444
1300	0.999925	7.05366e-05	0.00109334
