600	0.350326	0.406454	0.330434
601	0.35093	0.405074	0.331145
602	0.351716	0.405335	0.331701
603	0.351612	0.404683	0.331595
604	0.352237	0.404765	0.332373
605	0.352261	0.403619	0.332515
606	0.353474	0.404662	0.333275
607	0.352882	0.403264	0.333082
608	0.353122	0.402979	0.333098
609	0.3539	0.403121	0.333643
610	0.354594	0.403045	0.333856
611	0.354985	0.402875	0.333999
612	0.355762	0.40301	0.334928
613	0.355418	0.401647	0.334761
614	0.356412	0.402503	0.335249
615	0.356315	0.400799	0.335432
616	0.357717	0.400787	0.336871
617	0.357707	0.39949	0.336705
618	0.357503	0.399147	0.336465
619	0.358616	0.400288	0.33684
620	0.358586	0.399629	0.33696
621	0.359179	0.398873	0.337802
622	0.359499	0.39782	0.337946
623	0.359798	0.396604	0.338288
624	0.360546	0.396561	0.339111
625	0.361955	0.396968	0.340245
626	0.361859	0.395916	0.339885
627	0.362042	0.395914	0.339692
628	0.363131	0.395806	0.340486
629	0.36365	0.394614	0.341158
630	0.364343	0.393448	0.342147
631	0.365111	0.393703	0.342376
632	0.366278	0.393445	0.343604
633	0.366111	0.392949	0.343278
634	0.366486	0.391979	0.343625
635	0.367166	0.391885	0.343813
636	0.368476	0.392113	0.34494
637	0.368876	0.391163	0.345185
638	0.369276	0.389541	0.345484
639	0.369815	0.389628	0.345474
640	0.370715	0.388486	0.346898
641	0.37119	0.388017	0.346989
642	0.371562	0.388778	0.346824
643	0.373107	0.388983	0.348611
644	0.372983	0.387855	0.348456
645	0.373791	0.387527	0.349069
646	0.373962	0.386502	0.349124
647	0.374583	0.386313	0.349297
648	0.37536	0.385906	0.350251
649	0.376555	0.386505	0.350821
650	0.376893	0.385255	0.35113
651	0.377644	0.383641	0.351932
652	0.378582	0.38367	0.352276
653	0.379291	0.383023	0.353074
654	0.379481	0.382208	0.353325
655	0.379364	0.382336	0.352794
656	0.379652	0.381182	0.353474
657	0.381511	0.381552	0.355694
658	0.381996	0.380958	0.355501
659	0.382187	0.380568	0.355268
660	0.383268	0.379841	0.356207
661	0.383461	0.379042	0.356441
662	0.384757	0.379696	0.357277
663	0.384418	0.378459	0.3571
664	0.385911	0.378107	0.358679
665	0.386169	0.377346	0.358512
666	0.38761	0.377839	0.359853
667	0.387866	0.377177	0.359906
668	0.388144	0.376408	0.359696
669	0.388993	0.376053	0.360389
670	0.390606	0.376791	0.361434
671	0.390584	0.374984	0.362045
672	0.390989	0.374518	0.36176
673	0.391982	0.372692	0.362858
674	0.392443	0.372907	0.362519
675	0.393346	0.371354	0.363529
676	0.394269	0.371239	0.36384
677	0.39477	0.370057	0.364445
678	0.396544	0.370605	0.366178
679	0.396654	0.369444	0.36612
680	0.397869	0.369496	0.366917
681	0.398634	0.369354	0.367638
682	0.399263	0.369522	0.367962
683	0.399919	0.368099	0.368759
684	0.39964	0.367878	0.368066
685	0.401322	0.367491	0.368951
686	0.402466	0.367196	0.369584
687	0.403568	0.366258	0.370629
688	0.404553	0.364213	0.372135
689	0.40515	0.363022	0.372928
690	0.405677	0.364356	0.372495
691	0.406343	0.363032	0.3728
692	0.407428	0.361692	0.374324
693	0.408216	0.361859	0.374595
694	0.408674	0.360349	0.37541
695	0.409279	0.360118	0.375481
696	0.410709	0.360009	0.376637
697	0.411122	0.358713	0.377159
698	0.41138	0.358497	0.376824
699	0.411791	0.358426	0.377072
700	0.412917	0.358179	0.37815
701	0.413815	0.358386	0.378565
702	0.4144	0.356503	0.378891
703	0.415579	0.35647	0.379607
704	0.416263	0.355131	0.380473
705	0.417217	0.354155	0.381367
706	0.41851	0.353955	0.38259
707	0.420063	0.353686	0.383954
708	0.420802	0.35281	0.383801
709	0.422031	0.350919	0.385101
710	0.422992	0.350085	0.385327
711	0.423893	0.349963	0.386343
712	0.424423	0.348931	0.387217
713	0.424768	0.349258	0.386984
714	0.426622	0.348257	0.389042
715	0.426528	0.349743	0.387383
716	0.427624	0.348651	0.388375
717	0.429038	0.346944	0.389626
718	0.430801	0.345932	0.391643
719	0.431765	0.345594	0.39203
720	0.432389	0.344685	0.392322
721	0.433172	0.344392	0.392853
722	0.434233	0.34354	0.393972
723	0.435426	0.343137	0.394443
724	0.436305	0.34283	0.39507
725	0.437608	0.342646	0.3954
726	0.438943	0.340785	0.396831
727	0.439197	0.340181	0.396777
728	0.439873	0.33902	0.3977
729	0.441951	0.338671	0.399612
730	0.443066	0.338129	0.400059
731	0.443789	0.337531	0.400252
732	0.443831	0.336363	0.400181
733	0.445524	0.33676	0.40131
734	0.447196	0.335234	0.403316
735	0.447318	0.334182	0.402119
736	0.449129	0.333495	0.403681
737	0.449503	0.332068	0.403713
738	0.451731	0.332317	0.405414
739	0.452029	0.330265	0.405808
740	0.453628	0.33043	0.407065
741	0.45543	0.32982	0.408753
742	0.456454	0.329659	0.409149
743	0.457109	0.328927	0.409046
744	0.457498	0.327425	0.409678
745	0.459221	0.327489	0.410126
746	0.460204	0.326707	0.411456
747	0.462806	0.325686	0.413862
748	0.462993	0.325025	0.413431
749	0.464223	0.324352	0.413652
750	0.464241	0.323267	0.414001
751	0.465516	0.322318	0.414601
752	0.467058	0.321989	0.415761
753	0.468561	0.32042	0.417122
754	0.469711	0.320622	0.417269
755	0.470682	0.318382	0.418257
756	0.472853	0.318087	0.419622
757	0.475073	0.316239	0.423197
758	0.475261	0.316452	0.421408
759	0.476524	0.315823	0.422609
760	0.477652	0.315463	0.422459
761	0.478711	0.314504	0.422802
762	0.481796	0.311997	0.426685
763	0.482371	0.312043	0.425584
764	0.483491	0.311014	0.426466
765	0.485004	0.310147	0.427478
766	0.485541	0.309448	0.428319
767	0.486229	0.309162	0.428375
768	0.486463	0.308282	0.428439
769	0.489703	0.308322	0.431216
770	0.489536	0.307071	0.431283
771	0.491172	0.307655	0.431266
772	0.492479	0.306488	0.432483
773	0.493443	0.305922	0.432086
774	0.495722	0.3042	0.434939
775	0.496651	0.305236	0.433707
776	0.49758	0.303691	0.434253
777	0.499784	0.302611	0.435927
778	0.499685	0.302142	0.434808
779	0.502747	0.301063	0.436326
780	0.502879	0.298618	0.438275
781	0.503528	0.298742	0.436515
782	0.50688	0.298345	0.438301
783	0.508114	0.296465	0.440036
784	0.509411	0.296626	0.44104
785	0.5117	0.295006	0.442896
786	0.511984	0.294315	0.441622
787	0.513686	0.291664	0.445134
788	0.51454	0.292371	0.444061
789	0.516969	0.291007	0.444972
790	0.519023	0.290281	0.446373
791	0.520785	0.288869	0.446646
792	0.52206	0.288528	0.446428
793	0.523006	0.287391	0.448616
794	0.524736	0.286539	0.449048
795	0.526705	0.2865	0.448552
796	0.52902	0.284252	0.450133
797	0.530074	0.283783	0.449819
798	0.532391	0.281052	0.452052
799	0.533974	0.280226	0.452485
800	0.536849	0.279009	0.45496
801	0.53793	0.279125	0.452945
802	0.538036	0.277229	0.45362
803	0.541004	0.275938	0.455672
804	0.543887	0.274978	0.457018
805	0.545751	0.275079	0.457051
806	0.54729	0.272896	0.458081
807	0.549298	0.271655	0.459351
808	0.550422	0.270609	0.460165
809	0.55276	0.268579	0.460031
810	0.556848	0.267776	0.46375
811	0.558469	0.266152	0.464396
812	0.560453	0.264534	0.46599
813	0.561282	0.263522	0.465602
814	0.56347	0.26276	0.468104
815	0.564511	0.261348	0.467102
816	0.566591	0.260025	0.468779
817	0.570352	0.259767	0.469154
818	0.569081	0.25983	0.465737
819	0.571411	0.257434	0.467328
820	0.574999	0.255933	0.47114
821	0.578966	0.254018	0.473545
822	0.579696	0.25259	0.474622
823	0.579883	0.253475	0.470185
824	0.580917	0.251316	0.472945
825	0.584332	0.24975	0.474167
826	0.586649	0.248572	0.473157
827	0.589401	0.248191	0.473537
828	0.591055	0.245791	0.473926
829	0.592732	0.244978	0.47298
830	0.595778	0.243046	0.475279
831	0.598011	0.240856	0.477759
832	0.599429	0.239458	0.477479
833	0.603694	0.238982	0.479919
834	0.603976	0.237825	0.476998
835	0.606272	0.236933	0.47815
836	0.607982	0.235348	0.478592
837	0.611986	0.23389	0.481315
838	0.613148	0.232648	0.479594
839	0.615442	0.231263	0.479825
840	0.617188	0.230233	0.482352
841	0.620417	0.229062	0.481961
842	0.622665	0.227469	0.48143
843	0.62413	0.226496	0.480489
844	0.626795	0.223563	0.482689
845	0.629045	0.223382	0.481397
846	0.631492	0.220702	0.482578
847	0.635155	0.218287	0.484694
848	0.637399	0.218503	0.479764
849	0.638831	0.216255	0.481155
850	0.642591	0.213445	0.482205
851	0.644684	0.213842	0.478023
852	0.646095	0.211778	0.47665
853	0.650937	0.209284	0.479647
854	0.653191	0.208028	0.482689
855	0.655539	0.206527	0.481698
856	0.659483	0.203821	0.480379
857	0.66109	0.202988	0.478507
858	0.664766	0.201164	0.479649
859	0.666245	0.199942	0.477261
860	0.668902	0.198958	0.477406
861	0.67277	0.196051	0.47666
862	0.674432	0.194204	0.474392
863	0.678257	0.192889	0.472468
864	0.680677	0.190482	0.473617
865	0.684415	0.189145	0.471881
866	0.685569	0.187416	0.469797
867	0.688958	0.185724	0.471431
868	0.692173	0.184483	0.46839
869	0.694762	0.182765	0.46665
870	0.697268	0.182652	0.461366
871	0.698712	0.179668	0.464008
872	0.702019	0.177361	0.464477
873	0.705471	0.176011	0.460529
874	0.70656	0.175234	0.457721
875	0.710147	0.172893	0.457026
876	0.712095	0.171386	0.455514
877	0.715495	0.16954	0.457325
878	0.718057	0.167546	0.452704
879	0.721981	0.165399	0.450171
880	0.72375	0.164937	0.445786
881	0.728626	0.162804	0.44354
882	0.729491	0.16122	0.440658
883	0.734466	0.15873	0.437154
884	0.737391	0.15637	0.43508
885	0.741218	0.153629	0.434296
886	0.743385	0.152492	0.427878
887	0.745605	0.150998	0.421421
888	0.749803	0.148139	0.419811
889	0.752101	0.146592	0.416843
890	0.756454	0.144386	0.408963
891	0.759554	0.142375	0.403331
892	0.762474	0.140811	0.401841
893	0.767717	0.137305	0.39884
894	0.769315	0.137007	0.390362
895	0.772241	0.134129	0.38694
896	0.77611	0.132284	0.381363
897	0.77893	0.129885	0.3765
898	0.782312	0.128331	0.372072
899	0.786277	0.126236	0.362401
900	0.790067	0.123968	0.360215
901	0.791271	0.122788	0.355935
902	0.799117	0.117937	0.345814
903	0.799943	0.117368	0.33462
904	0.805063	0.113805	0.331994
905	0.810058	0.111444	0.319779
906	0.811871	0.110041	0.313318
907	0.813322	0.108603	0.304412
908	0.820389	0.104442	0.290839
909	0.822894	0.103357	0.284021
910	0.825612	0.1014	0.271864
911	0.829593	0.0997166	0.262913
912	0.834537	0.0958922	0.248196
913	0.839469	0.0930815	0.239226
914	0.841611	0.0913833	0.227796
915	0.845761	0.0889006	0.214865
916	0.850177	0.0861611	0.202334
917	0.852972	0.0840646	0.197822
918	0.853891	0.0835291	0.196816
919	0.857435	0.0823978	0.195735
920	0.858597	0.0821429	0.190288
921	0.859293	0.0815012	0.190622
922	0.86055	0.0814878	0.197505
923	0.862548	0.0799642	0.191775
924	0.864102	0.0794814	0.193983
925	0.860644	0.0819003	0.189951
926	0.862578	0.0808302	0.193463
927	0.867531	0.0776842	0.191031
928	0.866935	0.0785126	0.192117
929	0.866015	0.0790733	0.195132
930	0.867179	0.0779548	0.192296
931	0.870942	0.0763953	0.192165
932	0.872223	0.076301	0.191885
933	0.872805	0.0760558	0.186799
934	0.871	0.0762142	0.18718
935	0.870554	0.0770738	0.185644
936	0.872077	0.0764595	0.185332
937	0.870267	0.0772703	0.188505
938	0.874999	0.0749691	0.187147
939	0.875601	0.0753604	0.195981
940	0.875521	0.0753683	0.196921
941	0.873955	0.0767916	0.196438
942	0.876836	0.0749138	0.188097
943	0.876646	0.0745829	0.190546
944	0.873816	0.0767904	0.190551
945	0.875071	0.0755239	0.185635
946	0.875986	0.0752972	0.184119
947	0.875172	0.0750868	0.183924
948	0.874379	0.0757787	0.186521
949	0.873006	0.0764867	0.191173
950	0.882849	0.0728216	0.185112
951	0.885307	0.071619	0.182969
952	0.882626	0.0732103	0.190824
953	0.883037	0.0729574	0.193078
954	0.885867	0.0707996	0.185967
955	0.885419	0.0710862	0.190767
956	0.882294	0.0731388	0.189683
957	0.883114	0.0725136	0.186604
958	0.880769	0.0744828	0.190537
959	0.881753	0.0733064	0.186466
960	0.881444	0.073255	0.186554
960	0.881444	0.073255	0.186554
961	0.881926	0.0731553	0.191941
962	0.88214	0.0728775	0.187044
963	0.883383	0.072068	0.181339
964	0.878507	0.0751858	0.190799
965	0.880411	0.0736195	0.183825
966	0.879157	0.0740843	0.186035
967	0.879391	0.0742812	0.186153
968	0.879605	0.0739812	0.190576
969	0.876764	0.0756886	0.192913
970	0.876546	0.0763261	0.196921
971	0.876123	0.0759628	0.191171
972	0.878612	0.0745014	0.190089
973	0.896187	0.0671355	0.185248
974	0.897496	0.0665381	0.188685
975	0.894843	0.0684033	0.19481
976	0.894898	0.0688674	0.194768
977	0.894632	0.0689739	0.196288
978	0.894907	0.0679198	0.190413
979	0.89293	0.0694213	0.191514
980	0.894044	0.0686113	0.18691
981	0.894386	0.0680238	0.182745
982	0.893815	0.0686083	0.189276
983	0.89354	0.0687796	0.187489
984	0.894114	0.0682714	0.182869
985	0.891947	0.0696316	0.18396
986	0.893918	0.0682287	0.179345
987	0.894308	0.068101	0.184582
988	0.89157	0.0697006	0.185119
989	0.892744	0.0688309	0.184709
990	0.891205	0.0698422	0.182341
991	0.891414	0.0699709	0.188175
992	0.891175	0.0696359	0.191582
993	0.888907	0.071213	0.192786
994	0.890241	0.0702238	0.192301
995	0.887663	0.0723527	0.191108
996	0.886485	0.0729546	0.196883
997	0.888638	0.0716698	0.191763
998	0.88757	0.0722912	0.199242
999	0.885669	0.0732964	0.199077
1000	0.887444	0.0723684	0.191263
1001	0.885558	0.0729645	0.197624
1002	0.88572	0.072897	0.194909
1003	0.884793	0.0732351	0.194928
1004	0.885524	0.0726753	0.191925
1005	0.885421	0.0728179	0.192094
1006	0.886181	0.0723874	0.18814
1007	0.883646	0.0741401	0.195708
1008	0.884741	0.0733174	0.193403
1009	0.885553	0.072845	0.194983
1010	0.88366	0.0740984	0.194684
1011	0.883198	0.073908	0.192333
1012	0.883991	0.0736256	0.196916
1013	0.884728	0.0728348	0.186409
1014	0.882748	0.0750137	0.190998
1015	0.882683	0.0741852	0.188075
1016	0.883393	0.0733846	0.187088
1017	0.883814	0.0730038	0.188473
1018	0.881938	0.0742435	0.187251
1019	0.880392	0.0753151	0.191029
1020	0.881052	0.0744382	0.188369
1021	0.881062	0.0748064	0.190618
1022	0.880608	0.0751182	0.187639
1023	0.879316	0.0757699	0.189641
1024	0.878372	0.0758583	0.194583
1025	0.878978	0.0762027	0.191489
1026	0.910677	0.0617328	0.183823
1027	0.92072	0.0568182	0.179681
1028	0.9215	0.0555812	0.178442
1029	0.920992	0.0562236	0.181515
1030	0.918983	0.0577071	0.1891
1031	0.920582	0.0563315	0.183299
1032	0.918611	0.0578493	0.184513
1033	0.917828	0.0586771	0.184762
1034	0.918179	0.0583475	0.185593
1035	0.920174	0.0567919	0.177419
1036	0.916714	0.0592933	0.181954
1037	0.917878	0.0583181	0.180287
1038	0.917782	0.0581936	0.182454
1039	0.916274	0.0592139	0.18915
1040	0.916005	0.0597827	0.188143
1041	0.917521	0.058382	0.184103
1042	0.916248	0.059246	0.185033
1043	0.914695	0.0604063	0.186684
1044	0.915553	0.0601153	0.18316
1045	0.915511	0.0599157	0.179356
1046	0.915385	0.0596325	0.182902
1047	0.913875	0.0607353	0.186306
1048	0.912768	0.0617253	0.189573
1049	0.913475	0.0610938	0.187158
1050	0.913914	0.0604992	0.184232
1051	0.913299	0.0608745	0.182114
1052	0.912421	0.061527	0.18782
1053	0.911623	0.0624583	0.187258
1054	0.911098	0.0627444	0.196038
1055	0.911927	0.0618865	0.1906
1056	0.910371	0.0628082	0.192577
1057	0.910815	0.0625571	0.190171
1058	0.910462	0.0627148	0.192579
1059	0.911057	0.0627915	0.19112
1060	0.910828	0.0622598	0.192774
1061	0.909768	0.0630124	0.195408
1062	0.910418	0.0626214	0.191757
1063	0.907285	0.0652137	0.192188
1064	0.906554	0.0651038	0.19132
1065	0.907466	0.065171	0.195307
1066	0.909447	0.0633387	0.185594
1067	0.908998	0.0636699	0.188305
1068	0.906856	0.0652727	0.190901
1069	0.908178	0.0638208	0.19304
1070	0.905868	0.0653927	0.196495
1071	0.907512	0.0643656	0.188811
1072	0.907261	0.0640883	0.192104
1073	0.905099	0.0656961	0.191964
1074	0.905188	0.0664624	0.191677
1075	0.904367	0.0667853	0.192055
1076	0.906498	0.0649015	0.191641
1077	0.906542	0.0647078	0.189955
1078	0.905875	0.0646199	0.184592
1079	0.90576	0.0650725	0.194203
1080	0.904932	0.0663077	0.196393
1081	0.905646	0.0650649	0.186798
1082	0.904029	0.0665908	0.193053
1083	0.902245	0.067608	0.19988
1084	0.903146	0.0676889	0.195729
1085	0.902608	0.0678498	0.195453
1086	0.903395	0.0666212	0.187504
1087	0.901297	0.0684842	0.194694
1088	0.901756	0.0680155	0.191865
1089	0.901572	0.0676341	0.197376
1090	0.902417	0.0673267	0.198356
1091	0.90117	0.0676774	0.193649
1092	0.900469	0.0686152	0.196781
1093	0.902959	0.066973	0.194064
1094	0.901577	0.0674681	0.1966
1095	0.90012	0.0688998	0.196642
1096	0.899647	0.068651	0.199516
1097	0.897531	0.0703264	0.200632
1098	0.898148	0.0701424	0.204168
1099	0.900033	0.0683941	0.198926
1100	0.896997	0.0709216	0.205383
1101	0.897572	0.0699839	0.204919
1102	0.897763	0.070202	0.201877
1103	0.896761	0.0708288	0.192559
1104	0.899051	0.0690816	0.193136
1105	0.897922	0.0696088	0.194834
1106	0.898934	0.0685257	0.187371
1107	0.897468	0.0699553	0.189378
1108	0.896586	0.0705603	0.192845
1109	0.898924	0.0681984	0.187903
1110	0.896477	0.0707202	0.193765
1111	0.89781	0.069112	0.186226
1112	0.894222	0.0718284	0.188873
1113	0.894487	0.0715148	0.194552
1114	0.895144	0.0708628	0.19664
1115	0.893561	0.0724424	0.197321
1116	0.895101	0.0712254	0.196061
1117	0.89484	0.0709825	0.195648
1118	0.891232	0.0734597	0.203036
1119	0.890967	0.0737065	0.202409
1120	0.889627	0.0745735	0.202133
1121	0.892538	0.0726157	0.202034
1122	0.891152	0.0734588	0.20536
1123	0.891281	0.0736945	0.201156
1124	0.889253	0.0745163	0.205901
1125	0.8913	0.0735306	0.204867
1126	0.889329	0.0752182	0.204983
1127	0.889973	0.0743689	0.200512
1128	0.888611	0.0753909	0.200601
1129	0.887857	0.0758653	0.209235
1130	0.889307	0.0746116	0.202875
1131	0.89063	0.0738235	0.203293
1132	0.889552	0.0742015	0.198493
1133	0.887278	0.0758939	0.204342
1134	0.886523	0.0763377	0.208364
1135	0.885051	0.0770707	0.20594
1136	0.885496	0.0766458	0.203713
1137	0.884967	0.0772525	0.207846
1138	0.884545	0.0778236	0.20763
1139	0.884641	0.0773611	0.206924
1140	0.88551	0.0768642	0.204186
1141	0.887199	0.0751449	0.201029
1142	0.884214	0.078149	0.204098
1143	0.883286	0.077996	0.209443
1144	0.884624	0.0767719	0.20862
1145	0.885444	0.0768788	0.203242
1146	0.884964	0.0769359	0.203569
1147	0.884444	0.0766581	0.206519
1148	0.882006	0.0786638	0.206768
1149	0.88292	0.077988	0.206543
1150	0.881374	0.0791033	0.21427
1151	0.883204	0.077505	0.204729
1152	0.8827	0.0781693	0.200635
1153	0.88342	0.0771193	0.20111
1154	0.883029	0.0775373	0.201266
1155	0.88065	0.0796286	0.20072
1156	0.880612	0.0789657	0.206699
1157	0.880534	0.0790439	0.203483
1158	0.881398	0.079134	0.200483
1159	0.879327	0.0797841	0.199066
1160	0.879037	0.0797067	0.201744
1161	0.877711	0.081145	0.202408
1162	0.879583	0.0796295	0.200199
1163	0.879655	0.0792706	0.200807
1164	0.879288	0.0792286	0.205023
1165	0.878205	0.080378	0.203849
1166	0.879165	0.0795607	0.20163
1167	0.874241	0.0826127	0.208998
1168	0.874767	0.0821084	0.204812
1169	0.878099	0.0797012	0.20412
1170	0.876537	0.0811657	0.201937
1171	0.874661	0.0821476	0.206963
1172	0.875852	0.0817762	0.205451
1173	0.874229	0.08231	0.204364
1174	0.872862	0.08286	0.213246
1175	0.873906	0.0827591	0.208974
1176	0.873509	0.0825457	0.207395
1177	0.87242	0.0832651	0.210731
1178	0.872025	0.0840642	0.206007
1179	0.872256	0.0832184	0.212276
1180	0.871563	0.0835534	0.209434
1181	0.870169	0.0848613	0.213229
1182	0.870344	0.0843789	0.21198
1183	0.872113	0.0833366	0.206889
1184	0.868671	0.0857699	0.21214
1185	0.871697	0.0837732	0.205854
1186	0.868619	0.0853676	0.21426
1187	0.870477	0.0842428	0.204479
1188	0.871127	0.0833169	0.204667
1189	0.868987	0.0845448	0.204342
1190	0.86695	0.0867799	0.203209
1191	0.868482	0.0858351	0.205411
1192	0.869591	0.0843063	0.20596
1193	0.868454	0.0853716	0.203833
1194	0.869542	0.0840909	0.204618
1195	0.868104	0.0854742	0.207613
1196	0.867707	0.0859842	0.206867
1197	0.868034	0.0856573	0.212052
1198	0.865759	0.0866816	0.212735
1199	0.864079	0.0881995	0.214496
1200	0.864302	0.088353	0.213093
1201	0.865321	0.0874711	0.212871
1202	0.864847	0.0881772	0.212481
1203	0.864069	0.0877702	0.211905
1204	0.866197	0.0860978	0.209826
1205	0.863638	0.0880917	0.211567
1206	0.864058	0.087254	0.207975
1207	0.862365	0.0881782	0.207305
1208	0.86175	0.0889014	0.210534
1209	0.862806	0.0883332	0.210436
1210	0.863976	0.0867525	0.204858
1211	0.860358	0.090348	0.211964
1212	0.862316	0.0888739	0.211204
1213	0.86193	0.0881618	0.20983
1214	0.85974	0.0906589	0.213645
1215	0.863262	0.0880028	0.206603
1216	0.968828	0.0257619	0.149263
1217	0.996605	0.00329119	0.191327
1218	0.997393	0.00252155	0.14306
1219	0.997919	0.0020097	0.10772
1220	0.998291	0.00164832	0.0821197
1221	0.998562	0.0013838	0.0650155
1222	0.998765	0.00118591	0.0524622
1223	0.998922	0.00103367	0.0432102
1224	0.999045	0.000913858	0.036146
1225	0.999145	0.000816997	0.0309222
1226	0.999227	0.000737747	0.0267197
1227	0.999295	0.000671688	0.0233694
1228	0.999353	0.000616137	0.0204368
1229	0.999402	0.000568593	0.0181341
1230	0.999445	0.000527296	0.0162917
1231	0.999482	0.000491533	0.0146465
1232	0.999515	0.000459841	0.0133247
1233	0.999544	0.000431797	0.0121754
1234	0.99957	0.000406701	0.0112014
1235	0.999594	0.000384498	0.0102628
1236	0.999615	0.000364217	0.00950906
1237	0.999634	0.000345937	0.00881494
1238	0.999651	0.000329158	0.00823286
1239	0.999667	0.000313965	0.0076765
1240	0.999682	0.000299947	0.00719563
1241	0.999695	0.000287049	0.0067606
1242	0.999708	0.000275095	0.00637564
1243	0.999719	0.000264218	0.005984
1244	0.99973	0.000253978	0.00565638
1245	0.99974	0.000244625	0.00532132
1246	0.99975	0.000235713	0.0050498
1247	0.999758	0.000227379	0.00479938
1248	0.999767	0.000219525	0.00457671
1249	0.999774	0.00021216	0.00436797
1250	0.999782	0.000205223	0.0041759
1251	0.999788	0.000198776	0.00398183
1252	0.999795	0.000192583	0.00381905
1253	0.999801	0.000186825	0.00365134
1254	0.999807	0.000181363	0.00349627
1255	0.999812	0.000176116	0.00336179
1256	0.999817	0.000171131	0.00323682
1257	0.999822	0.000166401	0.0031163
1258	0.999827	0.000161904	0.0030027
1259	0.999832	0.000157635	0.0028942
1260	0.999836	0.000153574	0.00279044
1261	0.99984	0.000149696	0.00269233
1262	0.999844	0.000145996	0.00259834
1263	0.999848	0.000142408	0.00251695
1264	0.999851	0.000139021	0.0024322
1265	0.999855	0.000135744	0.00235681
1266	0.999858	0.000132621	0.00228212
1267	0.999861	0.000129618	0.00221198
1268	0.999864	0.00012675	0.00214332
1269	0.999867	0.000123999	0.00207699
1270	0.99987	0.000121308	0.00201714
1271	0.999873	0.000118731	0.00195338
1272	0.999876	0.000116248	0.00189967
1273	0.999878	0.000113903	0.00184213
1274	0.999881	0.00011157	0.00179596
1275	0.999883	0.000109362	0.00174667
1276	0.999885	0.000107236	0.0016974
1277	0.999887	0.000105147	0.00165548
1278	0.99989	0.000103151	0.00161258
1279	0.999892	0.0001012	0.00157391
1280	0.999894	9.93509e-05	0.00153241
1281	0.999896	9.75389e-05	0.0014949
1282	0.999897	9.57779e-05	0.00145936
1283	0.999899	9.40626e-05	0.00142626
1284	0.999901	9.23829e-05	0.001396
1285	0.999903	9.07817e-05	0.00136409
1286	0.999904	8.92267e-05	0.00133327
1287	0.999906	8.76958e-05	0.0013056
1288	0.999907	8.62574e-05	0.00127286
1289	0.999909	8.48497e-05	0.00124372
1290	0.99991	8.34397e-05	0.00121792
1291	0.999912	8.20794e-05	0.00119343
1292	0.999913	8.07937e-05	0.00116658
1293	0.999915	7.95039e-05	0.0011441
1294	0.999916	7.82597e-05	0.00112148
1295	0.999917	7.70941e-05	0.00109539
1296	0.999919	7.59147e-05	0.00107334
1297	0.99992	7.47739e-05	0.00105244
1298	0.999921	7.36527e-05	0.00103256
1299	0.999922	7.26174e-05	0.00100832
1300	0.999923	7.15622e-05	0.000988947
