600	0.316926	0.414424	0.300613
601	0.317245	0.413656	0.301176
602	0.317867	0.413529	0.301627
603	0.317881	0.41171	0.301699
604	0.318256	0.411547	0.3019
605	0.318997	0.411929	0.302417
606	0.320025	0.412409	0.303207
607	0.31925	0.410663	0.302279
608	0.320417	0.41053	0.303639
609	0.321585	0.41093	0.304306
610	0.32175	0.40923	0.304758
611	0.322392	0.409438	0.305287
612	0.32346	0.409027	0.306439
613	0.323506	0.409148	0.306186
614	0.323711	0.40847	0.306119
615	0.324307	0.40802	0.306323
616	0.325209	0.407876	0.307333
617	0.325651	0.40735	0.307567
618	0.325861	0.405457	0.307952
619	0.326452	0.405315	0.308284
620	0.327249	0.404829	0.309416
621	0.327517	0.405113	0.309117
622	0.327763	0.405428	0.309317
623	0.328903	0.405207	0.310767
624	0.328909	0.404239	0.310709
625	0.329545	0.403755	0.311412
626	0.329848	0.403704	0.310969
627	0.33009	0.40279	0.311405
628	0.330869	0.402918	0.311969
629	0.331991	0.402342	0.313301
630	0.3318	0.400978	0.312712
631	0.333127	0.401041	0.313622
632	0.333858	0.400635	0.314256
633	0.334587	0.399879	0.315094
634	0.333798	0.399887	0.313646
635	0.334026	0.398513	0.314456
636	0.335365	0.399098	0.316065
637	0.336208	0.399161	0.316774
638	0.336142	0.397634	0.316619
639	0.336755	0.3982	0.316517
640	0.336982	0.396792	0.317011
641	0.338023	0.396658	0.317924
642	0.338374	0.396723	0.318124
643	0.339106	0.3958	0.318696
644	0.339675	0.395488	0.319136
645	0.340855	0.395104	0.320292
646	0.341654	0.395385	0.320889
647	0.341413	0.39484	0.320127
648	0.342176	0.394429	0.320967
649	0.343569	0.395502	0.321776
650	0.343483	0.393756	0.321931
651	0.34363	0.392615	0.322037
652	0.344763	0.391671	0.323056
653	0.345007	0.391266	0.3231
654	0.345904	0.390482	0.323614
655	0.346878	0.390132	0.324426
656	0.346934	0.389301	0.324283
657	0.348376	0.389556	0.325615
658	0.348743	0.388718	0.32588
659	0.349627	0.38777	0.326663
660	0.35065	0.389282	0.327201
661	0.3504	0.387882	0.327021
662	0.351358	0.387618	0.327813
663	0.351285	0.38673	0.327924
664	0.352928	0.386643	0.329035
665	0.353482	0.386428	0.329309
666	0.354421	0.386049	0.330109
667	0.355283	0.384352	0.331118
668	0.354979	0.384153	0.330554
669	0.355561	0.385083	0.330643
670	0.357225	0.382988	0.332587
671	0.357689	0.382774	0.33293
672	0.357628	0.381755	0.332852
673	0.358366	0.380833	0.333506
674	0.359404	0.382158	0.3337
675	0.35964	0.380346	0.334431
676	0.359935	0.379105	0.334926
677	0.360342	0.380071	0.334504
678	0.360814	0.37978	0.334814
679	0.361514	0.379695	0.335644
680	0.362277	0.37862	0.335978
681	0.363081	0.378189	0.336759
682	0.36375	0.377564	0.337269
683	0.364466	0.376121	0.338333
684	0.365901	0.376823	0.339095
685	0.366692	0.37645	0.339692
686	0.367301	0.374543	0.340239
687	0.368184	0.373525	0.340985
688	0.369339	0.373503	0.341496
689	0.370468	0.373668	0.342371
690	0.370537	0.371592	0.343221
691	0.371179	0.372812	0.342721
692	0.371592	0.372031	0.343106
693	0.372905	0.37231	0.344515
694	0.3736	0.37022	0.345056
695	0.375266	0.370581	0.345837
696	0.376407	0.370068	0.346769
697	0.377309	0.369172	0.34742
698	0.377143	0.367233	0.34786
699	0.378069	0.367154	0.348677
700	0.379229	0.367457	0.349051
701	0.379961	0.367013	0.349739
702	0.381454	0.36755	0.3503
703	0.382025	0.36564	0.351285
704	0.382737	0.365122	0.351557
705	0.382858	0.363768	0.352563
706	0.384477	0.364506	0.353699
707	0.385192	0.363442	0.353899
708	0.385257	0.362618	0.353525
709	0.385768	0.362002	0.353681
710	0.387226	0.362671	0.354656
711	0.388648	0.36064	0.356733
712	0.388758	0.36009	0.355942
713	0.390125	0.358812	0.357323
714	0.390439	0.357696	0.357261
715	0.39264	0.358135	0.359286
716	0.392269	0.355658	0.359164
717	0.393829	0.356213	0.360477
718	0.395712	0.356953	0.361504
719	0.396265	0.355881	0.362022
720	0.396725	0.354311	0.362771
721	0.39715	0.3537	0.362799
722	0.398501	0.353836	0.363724
723	0.399662	0.353948	0.364491
724	0.401931	0.352328	0.367409
725	0.402159	0.352621	0.365825
726	0.40271	0.350944	0.366979
727	0.403314	0.350895	0.367368
728	0.40457	0.348996	0.368949
729	0.405421	0.348787	0.369122
730	0.406502	0.348604	0.369576
731	0.40718	0.347738	0.369878
732	0.408671	0.346172	0.371423
733	0.409938	0.344776	0.373321
734	0.410886	0.344749	0.373472
735	0.412271	0.344692	0.37429
736	0.412863	0.343452	0.37524
737	0.413918	0.343325	0.375103
738	0.41616	0.341672	0.377719
739	0.417283	0.341133	0.378028
740	0.418025	0.340276	0.378903
741	0.418523	0.338805	0.378901
742	0.419267	0.338954	0.379742
743	0.420082	0.338723	0.380305
744	0.420252	0.337892	0.380356
745	0.423177	0.338757	0.382365
746	0.422886	0.337049	0.38285
747	0.424263	0.337734	0.383291
748	0.425509	0.337674	0.384134
749	0.425939	0.336092	0.384058
750	0.428379	0.33557	0.38656
751	0.429073	0.334809	0.387182
752	0.429112	0.333745	0.386213
753	0.431288	0.33336	0.388254
754	0.432135	0.332679	0.388546
755	0.434912	0.331848	0.391466
756	0.433487	0.330147	0.389448
757	0.435104	0.330114	0.389794
758	0.437668	0.330039	0.392026
759	0.438662	0.328075	0.393489
760	0.440326	0.329092	0.394026
761	0.440745	0.326534	0.394396
762	0.441923	0.325866	0.394948
763	0.44327	0.325206	0.396058
764	0.444653	0.324767	0.396322
765	0.446169	0.323847	0.397115
766	0.448385	0.322185	0.400076
767	0.449501	0.322734	0.398607
768	0.449966	0.322463	0.399511
769	0.451547	0.320194	0.402158
770	0.452919	0.319701	0.402425
771	0.454891	0.318368	0.404036
772	0.456271	0.318337	0.403917
773	0.458552	0.316957	0.405516
774	0.458865	0.315215	0.405996
775	0.461723	0.314953	0.40774
776	0.462729	0.314121	0.408163
777	0.462345	0.313158	0.406688
778	0.465405	0.311401	0.410427
779	0.467072	0.310347	0.41138
780	0.468681	0.310896	0.41187
781	0.470887	0.309151	0.412906
782	0.472523	0.309601	0.413306
783	0.47351	0.307939	0.414731
784	0.475178	0.305772	0.415807
785	0.479183	0.305189	0.41958
786	0.480391	0.304284	0.419687
787	0.481588	0.302425	0.421226
788	0.482987	0.302672	0.421262
789	0.483936	0.301246	0.422657
790	0.484853	0.299663	0.422911
791	0.487824	0.300361	0.423584
792	0.489161	0.298772	0.425495
793	0.48949	0.297005	0.425394
794	0.492296	0.295847	0.427843
795	0.495149	0.295893	0.428668
796	0.496678	0.293345	0.431166
797	0.497051	0.29351	0.429781
798	0.497379	0.292397	0.429695
799	0.50056	0.29268	0.431093
800	0.502243	0.290729	0.432489
801	0.504634	0.290821	0.432636
802	0.50607	0.287926	0.434239
803	0.507536	0.2869	0.435052
804	0.509972	0.28547	0.436872
805	0.512529	0.283626	0.43905
806	0.51332	0.283067	0.437917
807	0.517084	0.28252	0.441841
808	0.517402	0.280195	0.442259
809	0.519391	0.281131	0.440998
810	0.5209	0.278783	0.443653
811	0.524661	0.278312	0.446101
812	0.524257	0.276995	0.444567
813	0.527652	0.276797	0.445906
814	0.528447	0.276012	0.446604
815	0.531434	0.275215	0.44785
816	0.532867	0.273408	0.448345
817	0.534432	0.27109	0.450164
818	0.537054	0.270564	0.450019
819	0.538939	0.268576	0.451224
820	0.540329	0.268048	0.451109
821	0.544941	0.265984	0.455315
822	0.545519	0.265786	0.452922
823	0.548085	0.263181	0.455152
824	0.549671	0.261518	0.456676
825	0.551875	0.261866	0.455068
826	0.554886	0.259605	0.456517
827	0.557093	0.258612	0.458386
828	0.559039	0.258418	0.458604
829	0.562054	0.255375	0.461213
830	0.564568	0.25421	0.46148
831	0.566678	0.253488	0.461672
832	0.568459	0.252232	0.46161
833	0.570146	0.251261	0.46201
834	0.574443	0.24885	0.464134
835	0.575195	0.246101	0.46504
836	0.578295	0.245868	0.464129
837	0.580524	0.244216	0.465166
838	0.583911	0.24274	0.467625
839	0.584238	0.240774	0.467721
840	0.58711	0.24053	0.468513
841	0.591013	0.238687	0.469324
842	0.592701	0.237695	0.468636
843	0.595419	0.237037	0.466944
844	0.595589	0.234757	0.468228
845	0.599687	0.233645	0.471091
846	0.601576	0.232238	0.469444
847	0.602829	0.230384	0.470282
848	0.605675	0.229127	0.471397
849	0.607475	0.227927	0.471985
850	0.611693	0.227252	0.471253
851	0.613062	0.224943	0.471316
852	0.614957	0.22327	0.471234
853	0.619197	0.221817	0.474914
854	0.61993	0.220518	0.472106
855	0.623469	0.219812	0.471191
856	0.627076	0.217094	0.473088
857	0.628933	0.21566	0.472508
858	0.63183	0.214261	0.471793
859	0.634412	0.21196	0.469909
860	0.637025	0.211354	0.470854
861	0.640262	0.207314	0.4754
862	0.642923	0.206481	0.471138
863	0.645852	0.206047	0.468881
864	0.648017	0.204499	0.465799
865	0.652349	0.20153	0.468831
866	0.653693	0.201486	0.46502
867	0.656049	0.199561	0.464126
868	0.65863	0.197751	0.464581
869	0.661342	0.196478	0.462863
870	0.664706	0.194997	0.463934
871	0.66811	0.192219	0.463676
872	0.670757	0.191321	0.46208
873	0.672452	0.189553	0.462328
874	0.678026	0.186556	0.462809
875	0.679483	0.184812	0.460899
876	0.68403	0.183249	0.459224
877	0.687355	0.181645	0.456436
878	0.687249	0.181114	0.449648
879	0.692066	0.176733	0.453617
880	0.695797	0.176282	0.44724
881	0.697844	0.174228	0.447162
882	0.700328	0.173241	0.442958
883	0.705439	0.170296	0.438997
884	0.708749	0.167712	0.437838
885	0.711642	0.165869	0.436769
886	0.714408	0.164624	0.43403
887	0.718267	0.163088	0.426383
888	0.721996	0.159255	0.425722
889	0.725797	0.157707	0.422231
890	0.729588	0.155715	0.419419
891	0.734296	0.152265	0.420317
892	0.736098	0.150846	0.408022
893	0.74019	0.150113	0.403755
894	0.74419	0.146764	0.39843
895	0.748215	0.144315	0.394339
896	0.748918	0.144402	0.382615
897	0.753971	0.14066	0.379489
898	0.759846	0.135995	0.377119
899	0.762538	0.13603	0.370531
900	0.766698	0.133768	0.361009
901	0.772162	0.129381	0.357796
902	0.773429	0.129019	0.352907
903	0.77902	0.126285	0.340783
904	0.784252	0.122266	0.332136
905	0.787339	0.119555	0.326053
906	0.791579	0.11807	0.313659
907	0.795086	0.116053	0.306041
908	0.799029	0.114302	0.296028
909	0.802605	0.110847	0.2895
910	0.806182	0.109807	0.282932
911	0.809081	0.107871	0.271569
912	0.813659	0.104882	0.261346
913	0.820218	0.100434	0.244629
914	0.824155	0.0984186	0.227674
915	0.82653	0.0966721	0.217152
916	0.834552	0.092108	0.204661
917	0.837451	0.0905602	0.196967
918	0.837621	0.0905539	0.198998
919	0.839148	0.090024	0.198708
920	0.842336	0.0894834	0.195781
921	0.845468	0.086661	0.191376
922	0.842976	0.0889628	0.200351
923	0.84398	0.0887811	0.200245
924	0.850219	0.0848609	0.192745
925	0.848777	0.0860648	0.199957
926	0.847769	0.0860228	0.195159
927	0.852524	0.084138	0.193442
928	0.851439	0.085352	0.192139
929	0.851929	0.0846371	0.193206
930	0.851234	0.0847851	0.191595
931	0.856602	0.0827168	0.195864
932	0.859417	0.0810046	0.190237
933	0.859739	0.0807095	0.184721
934	0.85514	0.0840377	0.194224
935	0.856586	0.08263	0.187204
936	0.855378	0.0828998	0.187015
937	0.855094	0.0839791	0.190119
938	0.861861	0.0808026	0.189948
939	0.864064	0.0799353	0.19574
940	0.862638	0.0810869	0.194383
941	0.862444	0.0807768	0.190511
942	0.863721	0.079881	0.191092
943	0.862088	0.0812842	0.190615
944	0.862204	0.0806319	0.195451
945	0.858658	0.0831162	0.194833
946	0.859563	0.0825553	0.199206
947	0.858381	0.0825154	0.19614
948	0.858757	0.081902	0.193738
949	0.856819	0.0831498	0.193221
950	0.869048	0.0780187	0.188436
951	0.873825	0.076336	0.185895
952	0.871283	0.0781074	0.187056
953	0.871963	0.0768671	0.188688
954	0.870157	0.0782386	0.187532
955	0.871754	0.0769511	0.181452
956	0.872673	0.0761424	0.188284
957	0.869469	0.0789532	0.186525
958	0.869968	0.0781437	0.184642
959	0.868242	0.079203	0.185835
960	0.868571	0.0792065	0.19047
960	0.868571	0.0792065	0.19047
961	0.869115	0.0781108	0.192034
962	0.867497	0.07907	0.194107
963	0.867994	0.0784361	0.192517
964	0.864763	0.0813633	0.192177
965	0.864689	0.0807758	0.197079
966	0.865393	0.080314	0.192985
967	0.864727	0.0815665	0.198655
968	0.862818	0.0822373	0.198044
969	0.863869	0.0809046	0.197203
970	0.863657	0.0813081	0.199049
971	0.8629	0.0818133	0.193501
972	0.862283	0.0826112	0.196322
973	0.883486	0.0731938	0.186311
974	0.885932	0.0720219	0.188141
975	0.884713	0.0729028	0.186933
976	0.884804	0.0724198	0.189316
977	0.884843	0.072949	0.193362
978	0.884284	0.073028	0.188106
979	0.882464	0.0745526	0.192631
980	0.883726	0.0734934	0.190069
981	0.884499	0.072371	0.186386
982	0.884145	0.0732117	0.188801
983	0.881976	0.0743411	0.186912
984	0.883586	0.0730357	0.185194
985	0.883416	0.072719	0.188749
986	0.882941	0.0730886	0.183198
987	0.880415	0.0748309	0.188628
988	0.880662	0.0741581	0.184232
989	0.880958	0.0742851	0.188893
990	0.880456	0.0746402	0.185218
991	0.879166	0.0753503	0.186801
992	0.878172	0.0755226	0.191693
993	0.878505	0.075918	0.189719
994	0.878016	0.0762583	0.193619
995	0.878158	0.0762141	0.191887
996	0.879555	0.0745572	0.186969
997	0.877039	0.0767777	0.187543
998	0.877178	0.0760363	0.193505
999	0.875522	0.0775528	0.192649
1000	0.875439	0.0767048	0.190753
1001	0.874015	0.0777113	0.194924
1002	0.875472	0.0771132	0.19198
1003	0.876541	0.0762737	0.188635
1004	0.873996	0.0777205	0.190926
1005	0.873065	0.0791173	0.191322
1006	0.873368	0.078169	0.192048
1007	0.872721	0.0782747	0.190627
1008	0.87252	0.0783113	0.193968
1009	0.872661	0.0787504	0.190384
1010	0.868794	0.081093	0.195719
1011	0.871331	0.0793849	0.191293
1012	0.869484	0.080334	0.189533
1013	0.870108	0.0799362	0.190886
1014	0.869972	0.0798077	0.195478
1015	0.869129	0.080304	0.193748
1016	0.868705	0.0806135	0.197709
1017	0.867946	0.0808129	0.192812
1018	0.868703	0.0800516	0.189119
1019	0.866314	0.0814432	0.19348
1020	0.86656	0.081838	0.193513
1021	0.864885	0.083191	0.198184
1022	0.865408	0.0816541	0.196845
1023	0.865448	0.0816711	0.198742
1024	0.864303	0.0824265	0.198731
1025	0.864331	0.0829441	0.199138
1026	0.899339	0.0676713	0.189677
1027	0.910774	0.061704	0.189104
1028	0.909394	0.0629533	0.193397
1029	0.910523	0.0620044	0.187888
1030	0.906221	0.0654744	0.192669
1031	0.907387	0.0643758	0.188143
1032	0.908118	0.0639944	0.192393
1033	0.909342	0.0631926	0.182275
1034	0.907881	0.0643981	0.184926
1035	0.90752	0.0638766	0.1911
1036	0.907072	0.0643507	0.191063
1037	0.906115	0.065014	0.19036
1038	0.908289	0.0630227	0.187214
1039	0.906216	0.0643064	0.188292
1040	0.905064	0.0657578	0.189109
1041	0.904463	0.0663858	0.191205
1042	0.905978	0.0650471	0.186304
1043	0.907278	0.0638678	0.186858
1044	0.906064	0.0644223	0.183801
1045	0.905871	0.064818	0.186745
1046	0.904651	0.0659707	0.194228
1047	0.906247	0.064135	0.187199
1048	0.904429	0.0659092	0.190813
1049	0.902672	0.066892	0.195847
1050	0.903001	0.0673859	0.193766
1051	0.902671	0.0674277	0.191583
1052	0.903423	0.066416	0.185089
1053	0.901357	0.0680229	0.192663
1054	0.9017	0.0676815	0.188868
1055	0.901594	0.0673243	0.194663
1056	0.902346	0.0670454	0.194638
1057	0.900968	0.0673196	0.190534
1058	0.900389	0.068183	0.196689
1059	0.903275	0.0662981	0.190393
1060	0.901203	0.0674425	0.194675
1061	0.900911	0.0680153	0.190282
1062	0.89802	0.0697093	0.199265
1063	0.897334	0.0700577	0.200178
1064	0.898625	0.0693828	0.198691
1065	0.89898	0.0686348	0.198631
1066	0.896465	0.0705464	0.205419
1067	0.898363	0.0690044	0.196549
1068	0.896441	0.0709725	0.1969
1069	0.898511	0.0686823	0.189116
1070	0.898362	0.0690721	0.190622
1071	0.89802	0.0690494	0.186899
1072	0.898165	0.0688804	0.187003
1073	0.897133	0.0697328	0.191482
1074	0.897795	0.0689173	0.188648
1075	0.897563	0.0690963	0.188643
1076	0.896797	0.0697937	0.186664
1077	0.894807	0.0707558	0.186003
1078	0.89485	0.0706671	0.188482
1079	0.894422	0.071254	0.193914
1080	0.894069	0.071699	0.194684
1081	0.895046	0.0709907	0.192398
1082	0.89491	0.0708685	0.191749
1083	0.891285	0.072997	0.199672
1084	0.89103	0.073267	0.199463
1085	0.889638	0.0739901	0.199902
1086	0.892461	0.0723087	0.198815
1087	0.890958	0.0731126	0.202968
1088	0.89139	0.0730838	0.19991
1089	0.889616	0.0741358	0.20129
1090	0.890896	0.0734971	0.202266
1091	0.888977	0.0747533	0.203472
1092	0.889902	0.0737071	0.199218
1093	0.888325	0.0753261	0.19682
1094	0.887868	0.0752182	0.208476
1095	0.889859	0.07369	0.200278
1096	0.890636	0.0736748	0.196104
1097	0.888744	0.0740218	0.197046
1098	0.887102	0.075154	0.206671
1099	0.885666	0.0764279	0.205666
1100	0.88515	0.0764702	0.203026
1101	0.885629	0.0758104	0.205043
1102	0.884684	0.0769887	0.204374
1103	0.884366	0.076923	0.206795
1104	0.884646	0.0765869	0.203981
1105	0.886538	0.0752221	0.198642
1106	0.885645	0.0762417	0.200551
1107	0.883176	0.0779139	0.205853
1108	0.884376	0.0767229	0.202607
1109	0.885335	0.0763201	0.202452
1110	0.885391	0.0763149	0.201392
1111	0.884481	0.0763255	0.203123
1112	0.88231	0.0780763	0.203264
1113	0.882783	0.0777048	0.203677
1114	0.881422	0.0786136	0.211243
1115	0.883096	0.0771816	0.20113
1116	0.882639	0.0776964	0.197915
1117	0.883269	0.0767428	0.197886
1118	0.882654	0.07749	0.199319
1119	0.880878	0.0785262	0.199162
1120	0.880528	0.0785801	0.203122
1121	0.880273	0.0786903	0.200452
1122	0.880587	0.078683	0.196966
1123	0.879589	0.0793342	0.195329
1124	0.878559	0.0794031	0.201507
1125	0.878388	0.080205	0.199899
1126	0.880207	0.078413	0.198848
1127	0.879969	0.0780133	0.198166
1128	0.878042	0.0803964	0.204924
1129	0.88002	0.0782165	0.201298
1130	0.876151	0.0810786	0.202175
1131	0.874431	0.081999	0.202823
1132	0.876338	0.0805715	0.198603
1133	0.877364	0.0794744	0.201167
1134	0.875047	0.0812631	0.204269
1135	0.876205	0.0806507	0.200378
1136	0.874352	0.0818418	0.203084
1137	0.87281	0.0824018	0.207152
1138	0.87398	0.0820672	0.201411
1139	0.873477	0.0822877	0.206315
1140	0.87204	0.0828424	0.207174
1141	0.872023	0.0838121	0.202564
1142	0.872081	0.0826031	0.209284
1143	0.872032	0.083025	0.206944
1144	0.870186	0.0842034	0.20998
1145	0.870235	0.0837203	0.209385
1146	0.871878	0.0829359	0.203948
1147	0.868641	0.0852015	0.208716
1148	0.871337	0.0835338	0.202239
1149	0.868632	0.0847427	0.210353
1150	0.870691	0.0834291	0.199719
1151	0.870703	0.0830172	0.2012
1152	0.868036	0.0849063	0.203073
1153	0.867323	0.0855241	0.202287
1154	0.868462	0.085008	0.203065
1155	0.869225	0.0835556	0.201702
1156	0.868037	0.084817	0.204103
1157	0.86905	0.084555	0.202773
1158	0.866564	0.0858041	0.206101
1159	0.8686	0.0846132	0.203213
1160	0.865517	0.0866535	0.211716
1161	0.86518	0.0865698	0.20713
1162	0.863859	0.087812	0.213389
1163	0.864391	0.0877398	0.209317
1164	0.86503	0.0877147	0.210644
1165	0.863707	0.0873479	0.20959
1166	0.864988	0.0864252	0.205922
1167	0.863695	0.087485	0.206035
1168	0.863907	0.0873577	0.20514
1169	0.86162	0.0874508	0.20608
1170	0.861367	0.0885814	0.203378
1171	0.860897	0.0886752	0.206449
1172	0.863125	0.0869415	0.202863
1173	0.859153	0.0901449	0.208297
1174	0.860252	0.0896438	0.209074
1175	0.85974	0.0891846	0.210691
1176	0.856897	0.0917649	0.215519
1177	0.858177	0.0904812	0.213172
1178	0.857717	0.0902041	0.217047
1179	0.85791	0.090278	0.212768
1180	0.85836	0.0899512	0.208767
1181	0.856895	0.0910987	0.213152
1182	0.856348	0.0918412	0.210778
1183	0.856557	0.0911191	0.216354
1184	0.852985	0.0931629	0.21734
1185	0.855165	0.0915795	0.212529
1186	0.854461	0.0919589	0.213781
1187	0.853415	0.093397	0.215837
1188	0.856174	0.0908219	0.214668
1189	0.85684	0.0898316	0.209384
1190	0.85452	0.092081	0.214265
1191	0.851039	0.0942843	0.219936
1192	0.853426	0.092616	0.212827
1193	0.852843	0.0926212	0.211175
1194	0.850302	0.0937616	0.208534
1195	0.850806	0.0939458	0.207377
1196	0.85019	0.0945569	0.214509
1197	0.848111	0.0963223	0.218995
1198	0.849848	0.0946791	0.211313
1199	0.848818	0.0948861	0.218586
1200	0.849119	0.094545	0.217738
1201	0.848672	0.0952695	0.213896
1202	0.850563	0.0932711	0.211341
1203	0.84945	0.0943911	0.214121
1204	0.849394	0.0941508	0.215146
1205	0.84742	0.0954796	0.216715
1206	0.849698	0.0942403	0.212996
1207	0.845921	0.0960586	0.218836
1208	0.847334	0.0956925	0.209528
1209	0.847054	0.0948034	0.211481
1210	0.844134	0.0968143	0.216154
1211	0.842225	0.0987601	0.216553
1212	0.846416	0.0956308	0.21513
1213	0.845944	0.0955168	0.214889
1214	0.845277	0.0963583	0.219074
1215	0.84696	0.0953393	0.216948
1216	0.963495	0.0296607	0.162704
1217	0.995665	0.00420485	0.210177
1218	0.996745	0.00315104	0.153006
1219	0.997418	0.00249353	0.116271
1220	0.997887	0.00203545	0.0908157
1221	0.998227	0.00170455	0.0720738
1222	0.998482	0.00145694	0.0586525
1223	0.998678	0.00126705	0.0484196
1224	0.998832	0.00111684	0.0409607
1225	0.998957	0.000996005	0.0351246
1226	0.999059	0.000897617	0.0302064
1227	0.999145	0.000815349	0.026396
1228	0.999217	0.000744982	0.023617
1229	0.999279	0.000685418	0.021096
1230	0.999332	0.000634012	0.0189693
1231	0.999379	0.000589006	0.0172191
1232	0.99942	0.000549682	0.0156634
1233	0.999456	0.000514849	0.014331
1234	0.999489	0.000483766	0.0131886
1235	0.999518	0.000456011	0.0121617
1236	0.999544	0.000431029	0.0112528
1237	0.999567	0.000408211	0.0105007
1238	0.999589	0.000387703	0.00977286
1239	0.999609	0.000368853	0.00915293
1240	0.999627	0.000351738	0.00856097
1241	0.999643	0.000336015	0.00802521
1242	0.999658	0.000321384	0.00756909
1243	0.999673	0.000307896	0.00714485
1244	0.999686	0.000295512	0.00673287
1245	0.999698	0.000283821	0.00639266
1246	0.999709	0.00027304	0.00605813
1247	0.99972	0.000262899	0.00576316
1248	0.99973	0.000253459	0.00547813
1249	0.999739	0.000244588	0.00522243
1250	0.999748	0.000236213	0.00498923
1251	0.999756	0.00022848	0.00474985
1252	0.999764	0.000221071	0.00454771
1253	0.999771	0.000214109	0.00435462
1254	0.999778	0.000207614	0.00415879
1255	0.999785	0.000201342	0.00399685
1256	0.999791	0.000195543	0.00382103
1257	0.999797	0.000189963	0.00366896
1258	0.999803	0.000184605	0.00353336
1259	0.999808	0.000179583	0.0033952
1260	0.999813	0.000174755	0.00327181
1261	0.999818	0.000170183	0.00315116
1262	0.999823	0.000165753	0.00304588
1263	0.999827	0.000161596	0.00293626
1264	0.999831	0.000157508	0.00284637
1265	0.999835	0.00015364	0.00275628
1266	0.999839	0.00014996	0.00266725
1267	0.999843	0.000146418	0.00258463
1268	0.999847	0.000142996	0.00250792
1269	0.99985	0.000139733	0.00242975
1270	0.999854	0.000136575	0.00235998
1271	0.999857	0.000133531	0.00229324
1272	0.99986	0.000130649	0.00222584
1273	0.999863	0.000127848	0.0021648
1274	0.999866	0.000124837	0.00209466
1275	0.999869	0.000122251	0.00203809
1276	0.999871	0.000119812	0.00197766
1277	0.999874	0.000117389	0.00192729
1278	0.999876	0.000115107	0.00187307
1279	0.999879	0.000112875	0.0018239
1280	0.999881	0.000110743	0.00177393
1281	0.999883	0.000108639	0.00173056
1282	0.999885	0.000106602	0.00168881
1283	0.999888	0.000104623	0.00164675
1284	0.99989	0.00010272	0.00160684
1285	0.999892	0.000100852	0.00157131
1286	0.999893	9.90867e-05	0.00153186
1287	0.999895	9.72631e-05	0.00149766
1288	0.999897	9.55785e-05	0.00146418
1289	0.999899	9.39019e-05	0.001428
1290	0.999901	9.23056e-05	0.00139786
1291	0.999902	9.081e-05	0.0013632
1292	0.999904	8.9306e-05	0.00133513
1293	0.999905	8.78548e-05	0.00130701
1294	0.999907	8.64261e-05	0.00128118
1295	0.999908	8.50742e-05	0.00125249
1296	0.99991	8.37254e-05	0.00122786
1297	0.999911	8.2422e-05	0.00120226
1298	0.999913	8.11588e-05	0.00117785
1299	0.999914	7.99064e-05	0.00115546
1300	0.999915	7.871e-05	0.00113249
