600	0.28841	0.415188	0.273987
601	0.288895	0.414446	0.274667
602	0.28911	0.414714	0.274759
603	0.289532	0.415353	0.275055
604	0.28998	0.414771	0.275613
605	0.290332	0.414586	0.275775
606	0.290953	0.413701	0.276591
607	0.290866	0.413503	0.275934
608	0.291188	0.412681	0.276506
609	0.29185	0.413606	0.276784
610	0.292679	0.41279	0.277772
611	0.29248	0.411273	0.277442
612	0.293633	0.411022	0.278545
613	0.294071	0.410418	0.278913
614	0.29482	0.409868	0.279455
615	0.294063	0.409233	0.278536
616	0.294325	0.408229	0.279129
617	0.295978	0.410104	0.280844
618	0.296123	0.410484	0.280238
619	0.296029	0.409122	0.28017
620	0.296756	0.408119	0.280936
621	0.297157	0.407469	0.281538
622	0.297854	0.408126	0.281917
623	0.297772	0.407976	0.281578
624	0.298828	0.407297	0.282968
625	0.298821	0.406524	0.282678
626	0.299761	0.40704	0.283344
627	0.299753	0.406637	0.283064
628	0.3	0.406065	0.283266
629	0.300916	0.40596	0.28412
630	0.301312	0.406133	0.284342
631	0.301442	0.404048	0.28484
632	0.302226	0.403495	0.285457
633	0.302602	0.402883	0.28591
634	0.303217	0.401787	0.286342
635	0.303825	0.402239	0.286415
636	0.303926	0.40102	0.286623
637	0.305343	0.401678	0.287946
638	0.305412	0.399765	0.288236
639	0.30615	0.400483	0.288324
640	0.306822	0.400844	0.289102
641	0.30682	0.399689	0.289255
642	0.307256	0.400502	0.289115
643	0.307274	0.399514	0.289124
644	0.308718	0.399694	0.290383
645	0.309572	0.400739	0.29081
646	0.309921	0.39957	0.291096
647	0.310342	0.397929	0.291604
648	0.310713	0.39805	0.291734
649	0.311061	0.397936	0.291945
650	0.311719	0.395813	0.292958
651	0.31213	0.396055	0.293229
652	0.312549	0.395109	0.293485
653	0.313084	0.39563	0.293783
654	0.313987	0.395818	0.294463
655	0.314013	0.393735	0.294728
656	0.314168	0.394313	0.294735
657	0.314244	0.39471	0.294295
658	0.314974	0.395565	0.294852
659	0.315156	0.394539	0.294889
660	0.31611	0.393431	0.295903
661	0.316898	0.393007	0.296806
662	0.316969	0.39158	0.296863
663	0.31821	0.391726	0.297785
664	0.319432	0.392059	0.299013
665	0.319476	0.390433	0.298911
666	0.320675	0.389935	0.29996
667	0.321156	0.389348	0.300171
668	0.322004	0.389116	0.301056
669	0.322154	0.388399	0.301242
670	0.322625	0.388123	0.301457
671	0.322822	0.387302	0.301524
672	0.323898	0.388306	0.302389
673	0.324499	0.386954	0.302741
674	0.325708	0.386849	0.303814
675	0.326555	0.386222	0.304451
676	0.327217	0.384684	0.305421
677	0.326646	0.383623	0.304621
678	0.327493	0.384368	0.305136
679	0.32899	0.384277	0.30667
680	0.329755	0.385017	0.307048
681	0.330513	0.38445	0.307591
682	0.331025	0.382762	0.308295
683	0.331159	0.382808	0.308133
684	0.331541	0.380852	0.309347
685	0.33309	0.382283	0.309963
686	0.33314	0.380169	0.310205
687	0.333285	0.379396	0.309952
688	0.333372	0.379156	0.30946
689	0.335662	0.379863	0.311926
690	0.335647	0.37889	0.312004
691	0.336602	0.378352	0.312564
692	0.337145	0.376945	0.313155
693	0.337706	0.376345	0.313431
694	0.338607	0.37629	0.314163
695	0.338853	0.37576	0.314056
696	0.340479	0.375322	0.315749
697	0.341745	0.376106	0.31656
698	0.341544	0.374187	0.316374
699	0.342408	0.373601	0.317293
700	0.343049	0.373795	0.317479
701	0.344031	0.373735	0.31846
702	0.346004	0.372795	0.320535
703	0.345985	0.3724	0.31988
704	0.346436	0.370846	0.320419
705	0.347058	0.371035	0.320622
706	0.348031	0.370494	0.321432
707	0.348735	0.36983	0.321811
708	0.349652	0.368918	0.322969
709	0.35008	0.367982	0.323199
710	0.351071	0.367926	0.323524
711	0.352395	0.367009	0.325136
712	0.353211	0.367026	0.325365
713	0.35383	0.36684	0.325691
714	0.35481	0.366946	0.326024
715	0.355436	0.365394	0.326785
716	0.35783	0.363508	0.329809
717	0.357658	0.363063	0.329168
718	0.358536	0.362523	0.330149
719	0.358811	0.362391	0.329695
720	0.359314	0.361018	0.330986
721	0.36004	0.361486	0.330946
722	0.361078	0.361197	0.332061
723	0.362217	0.360746	0.333069
724	0.36304	0.36193	0.333122
725	0.363278	0.36129	0.333339
726	0.364316	0.359852	0.334346
727	0.365909	0.36016	0.334949
728	0.366718	0.359334	0.335886
729	0.367171	0.35813	0.336114
730	0.368692	0.357632	0.337122
731	0.369094	0.356824	0.337195
732	0.371824	0.356551	0.339969
733	0.37104	0.354923	0.339131
734	0.371958	0.354508	0.339571
735	0.374	0.354244	0.341651
736	0.374801	0.353382	0.342475
737	0.376124	0.353925	0.343142
738	0.376223	0.3515	0.343306
739	0.377442	0.350501	0.344523
740	0.378722	0.350843	0.344891
741	0.379758	0.350523	0.345298
742	0.381213	0.350643	0.345855
743	0.382663	0.349435	0.347472
744	0.383319	0.349113	0.347707
745	0.38388	0.348217	0.348735
746	0.384624	0.347129	0.349289
747	0.386777	0.347475	0.350336
748	0.388463	0.346019	0.352203
749	0.389385	0.345568	0.352464
750	0.390238	0.34357	0.352964
751	0.392034	0.343397	0.354523
752	0.39358	0.342199	0.356077
753	0.39355	0.341722	0.355414
754	0.394134	0.341028	0.355478
755	0.397107	0.340097	0.358322
756	0.398533	0.33999	0.359416
757	0.399559	0.3386	0.360294
758	0.40131	0.338355	0.361391
759	0.401988	0.337538	0.361803
760	0.403302	0.335642	0.362828
761	0.406785	0.336446	0.365822
762	0.408279	0.335458	0.366428
763	0.408976	0.333605	0.367528
764	0.409798	0.333867	0.367176
765	0.411041	0.332865	0.368964
766	0.411445	0.331355	0.368323
767	0.413966	0.331889	0.370153
768	0.415537	0.330036	0.37277
769	0.415771	0.329023	0.372036
770	0.418003	0.328621	0.373405
771	0.420633	0.327907	0.375809
772	0.422269	0.326999	0.376643
773	0.422067	0.327103	0.37547
774	0.422555	0.324908	0.376748
775	0.424629	0.324595	0.378106
776	0.426523	0.323646	0.378804
777	0.428658	0.324128	0.38008
778	0.429674	0.321276	0.381205
779	0.430988	0.320222	0.381981
780	0.434401	0.319006	0.38578
781	0.435256	0.317187	0.386712
782	0.437077	0.318071	0.386885
783	0.439831	0.317733	0.388935
784	0.438932	0.315915	0.388214
785	0.441525	0.314995	0.390975
786	0.443447	0.314392	0.392126
787	0.445322	0.31339	0.393955
788	0.445696	0.312834	0.393536
789	0.447616	0.313441	0.394193
790	0.449297	0.311914	0.396052
791	0.451561	0.310902	0.397349
792	0.451954	0.309387	0.396931
793	0.454192	0.308104	0.398595
794	0.455565	0.307242	0.398575
795	0.456904	0.306258	0.399876
796	0.460578	0.304053	0.403645
797	0.461364	0.303542	0.403107
798	0.463403	0.303011	0.403699
799	0.465155	0.301533	0.405672
800	0.466623	0.301052	0.406326
801	0.469273	0.299175	0.408649
802	0.470998	0.298341	0.409176
803	0.472109	0.298204	0.409736
804	0.475389	0.296456	0.412472
805	0.476723	0.296218	0.412649
806	0.479336	0.293252	0.415824
807	0.479852	0.29297	0.413555
808	0.483164	0.293348	0.415774
809	0.484648	0.290689	0.4167
810	0.486492	0.289547	0.417631
811	0.489242	0.288718	0.419432
812	0.491665	0.287409	0.420378
813	0.492403	0.285641	0.421115
814	0.493961	0.284452	0.422122
815	0.496657	0.285311	0.422991
816	0.499604	0.283784	0.424937
817	0.501191	0.28275	0.425741
818	0.50227	0.280167	0.42635
819	0.504312	0.278428	0.4292
820	0.506976	0.278282	0.430242
821	0.507374	0.27769	0.428967
822	0.510392	0.275571	0.432774
823	0.511578	0.273934	0.433688
824	0.514263	0.275113	0.432822
825	0.515639	0.273183	0.433028
826	0.517818	0.272445	0.433433
827	0.520368	0.271556	0.434887
828	0.522124	0.269065	0.437035
829	0.523923	0.268712	0.437441
830	0.527602	0.266414	0.440963
831	0.528822	0.265271	0.440765
832	0.530836	0.264136	0.440256
833	0.533524	0.262594	0.441511
834	0.53564	0.262609	0.440201
835	0.537684	0.259965	0.442718
836	0.540345	0.258511	0.443838
837	0.542499	0.257915	0.443844
838	0.544488	0.257293	0.441561
839	0.548055	0.252952	0.448979
840	0.54941	0.254026	0.44481
841	0.551404	0.253122	0.445479
842	0.554344	0.250427	0.449228
843	0.556041	0.250027	0.447423
844	0.558228	0.249286	0.449062
845	0.561713	0.246776	0.452299
846	0.562868	0.245974	0.450762
847	0.566523	0.244334	0.452596
848	0.568268	0.242047	0.453527
849	0.571902	0.241277	0.454953
850	0.575546	0.239644	0.455092
851	0.576806	0.238468	0.453716
852	0.577633	0.23773	0.450396
853	0.582867	0.234801	0.455186
854	0.584712	0.234026	0.455757
855	0.586052	0.232535	0.452775
856	0.590038	0.230754	0.456296
857	0.593386	0.228241	0.458059
858	0.595858	0.227386	0.456159
859	0.597802	0.225885	0.455883
860	0.601189	0.224156	0.455188
861	0.604532	0.221745	0.455145
862	0.607392	0.220753	0.45538
863	0.610563	0.219392	0.453763
864	0.615211	0.216646	0.459869
865	0.616207	0.214262	0.455152
866	0.619558	0.214811	0.453862
867	0.623419	0.211827	0.452799
868	0.626176	0.209771	0.453416
869	0.626859	0.208897	0.447591
870	0.63133	0.205759	0.452696
871	0.637002	0.203444	0.453348
872	0.638841	0.202631	0.450979
873	0.641991	0.201001	0.450242
874	0.645803	0.198961	0.44839
875	0.647761	0.198359	0.447568
876	0.651917	0.195329	0.444449
877	0.655852	0.192422	0.443429
878	0.659077	0.190021	0.439798
879	0.662318	0.188432	0.439967
880	0.66493	0.186901	0.436354
881	0.668898	0.183501	0.438861
882	0.671179	0.183656	0.435651
883	0.675239	0.180642	0.436351
884	0.677175	0.180261	0.428901
885	0.683016	0.17728	0.425643
886	0.687374	0.174789	0.425254
887	0.68875	0.172692	0.419446
888	0.696699	0.168498	0.419609
889	0.701369	0.165475	0.414794
890	0.702308	0.164986	0.410261
891	0.706198	0.163433	0.404534
892	0.710073	0.162299	0.400881
893	0.715153	0.157387	0.403054
894	0.717669	0.156142	0.396056
895	0.720992	0.154386	0.391363
896	0.727898	0.149849	0.388316
897	0.730514	0.14905	0.386728
898	0.732433	0.146826	0.376171
899	0.73878	0.14421	0.368246
900	0.742428	0.141896	0.360994
901	0.746292	0.138886	0.358735
902	0.752688	0.135718	0.350213
903	0.756117	0.134097	0.343313
904	0.763078	0.12943	0.332517
905	0.766674	0.127696	0.322265
906	0.768798	0.126836	0.316442
907	0.773842	0.122862	0.309181
908	0.77786	0.120071	0.299965
909	0.783711	0.117966	0.288892
910	0.786098	0.115975	0.277036
911	0.793239	0.111907	0.267237
912	0.795677	0.110534	0.254392
913	0.802553	0.105984	0.244956
914	0.806466	0.104755	0.227787
915	0.810606	0.102165	0.218022
916	0.813083	0.101192	0.211714
917	0.817906	0.0987394	0.206087
918	0.819215	0.0969501	0.205833
919	0.821801	0.0959326	0.206157
920	0.822958	0.0959826	0.199507
921	0.824869	0.0956102	0.198931
922	0.828978	0.0934268	0.191029
923	0.828607	0.0936588	0.195778
924	0.833117	0.0913766	0.195213
925	0.830847	0.0918135	0.19619
926	0.833791	0.0915297	0.189079
927	0.838811	0.0887415	0.194764
928	0.835759	0.0912026	0.193083
929	0.835712	0.090554	0.190282
930	0.834497	0.0910957	0.190037
931	0.841007	0.0888485	0.194526
932	0.842659	0.0881164	0.193247
933	0.840333	0.0896541	0.199127
934	0.841035	0.088791	0.194345
935	0.83908	0.0900111	0.198111
936	0.838893	0.0892139	0.200968
937	0.839601	0.0891429	0.19676
938	0.845366	0.0885559	0.195816
939	0.84872	0.0868142	0.195577
940	0.847537	0.0862927	0.197695
941	0.847151	0.0871809	0.197586
942	0.846001	0.0875529	0.193761
943	0.846032	0.087606	0.191508
944	0.846098	0.0872954	0.193742
945	0.846089	0.0873009	0.189646
946	0.844026	0.089114	0.193326
947	0.845909	0.0869632	0.198204
948	0.846428	0.0872315	0.19534
949	0.842496	0.0895442	0.197869
950	0.855839	0.0837298	0.188028
951	0.859725	0.082465	0.190477
952	0.859974	0.0819425	0.188571
953	0.857784	0.0835367	0.192302
954	0.859069	0.0824301	0.187604
955	0.85757	0.0827076	0.19297
956	0.858082	0.0826181	0.184367
957	0.85599	0.0842797	0.188822
958	0.855694	0.0837221	0.186879
959	0.855864	0.0837798	0.192516
960	0.855919	0.0835629	0.185601
960	0.855919	0.0835629	0.185601
961	0.854537	0.0846518	0.190595
962	0.852386	0.085619	0.194309
963	0.852653	0.0858555	0.190373
964	0.852397	0.0851165	0.195595
965	0.852938	0.0854472	0.194956
966	0.853652	0.0845928	0.188474
967	0.851497	0.0858232	0.193471
968	0.851528	0.0859113	0.19383
969	0.848982	0.0872378	0.195481
970	0.850481	0.0863058	0.195111
971	0.848712	0.0868905	0.192788
972	0.852711	0.0844084	0.190108
973	0.873054	0.0768933	0.188476
974	0.873711	0.0777746	0.188776
975	0.873491	0.0783237	0.189598
976	0.872251	0.0779651	0.191809
977	0.871886	0.0786033	0.188512
978	0.873741	0.0774172	0.18727
979	0.870341	0.0801212	0.189121
980	0.869689	0.0801308	0.190481
981	0.870325	0.0794731	0.18789
982	0.869546	0.0797217	0.187043
983	0.870541	0.0794725	0.190078
984	0.869065	0.0800686	0.190191
985	0.869056	0.0802267	0.193021
986	0.86747	0.0807715	0.192754
987	0.869264	0.0794443	0.186159
988	0.866022	0.0809092	0.189832
989	0.866246	0.081095	0.192293
990	0.864947	0.0825697	0.195642
991	0.865375	0.0811457	0.193943
992	0.86538	0.081169	0.195499
993	0.864111	0.0818713	0.196466
994	0.863737	0.0826185	0.196868
995	0.864575	0.0822816	0.198403
996	0.862913	0.0826136	0.195063
997	0.86052	0.0841429	0.19765
998	0.863497	0.0828229	0.194501
999	0.859422	0.0852133	0.197767
1000	0.859471	0.0847994	0.196714
1001	0.85958	0.08481	0.198469
1002	0.862195	0.0834231	0.193602
1003	0.859228	0.0848816	0.194735
1004	0.859626	0.0841185	0.194908
1005	0.857486	0.0855622	0.200306
1006	0.857984	0.0846329	0.194683
1007	0.857501	0.0852301	0.197844
1008	0.855415	0.0860515	0.198838
1009	0.856235	0.0868292	0.196406
1010	0.855339	0.0867942	0.195916
1011	0.856984	0.0853236	0.197539
1012	0.856684	0.0852414	0.192506
1013	0.856746	0.0849536	0.193563
1014	0.854898	0.0866087	0.199221
1015	0.855482	0.0861874	0.199005
1016	0.853591	0.0869224	0.195801
1017	0.852049	0.0874591	0.198057
1018	0.851293	0.0892004	0.199209
1019	0.852259	0.0883047	0.19962
1020	0.851019	0.0886331	0.198286
1021	0.850254	0.0891693	0.198729
1022	0.849801	0.0890182	0.195767
1023	0.851158	0.0877913	0.201895
1024	0.851929	0.0879185	0.198855
1025	0.850001	0.0875554	0.196578
1026	0.887464	0.0733059	0.19458
1027	0.903056	0.0660786	0.187517
1028	0.900683	0.067464	0.192666
1029	0.900438	0.067626	0.188208
1030	0.897482	0.0697447	0.196396
1031	0.896827	0.0701297	0.198675
1032	0.900028	0.0680109	0.194916
1033	0.89837	0.06886	0.195038
1034	0.896232	0.0704716	0.2013
1035	0.89895	0.0681625	0.196928
1036	0.896581	0.0703878	0.19044
1037	0.898785	0.0682233	0.188369
1038	0.898096	0.0685543	0.189564
1039	0.898925	0.0678311	0.180978
1040	0.897211	0.0695433	0.184435
1041	0.896596	0.0696895	0.187008
1042	0.898413	0.0681405	0.183889
1043	0.896849	0.0689631	0.189187
1044	0.896267	0.0691599	0.182702
1045	0.894649	0.0708349	0.181836
1046	0.89394	0.0713965	0.191204
1047	0.894014	0.0712271	0.191265
1048	0.894861	0.0708805	0.18808
1049	0.895461	0.0701054	0.189378
1050	0.891469	0.0726066	0.198087
1051	0.891588	0.072243	0.197203
1052	0.889417	0.0742054	0.19583
1053	0.892596	0.0718915	0.194968
1054	0.891173	0.0727503	0.198972
1055	0.891308	0.07285	0.196225
1056	0.889658	0.0737433	0.198328
1057	0.890857	0.0730032	0.200096
1058	0.888863	0.0744542	0.199723
1059	0.889698	0.0733659	0.19746
1060	0.888328	0.0747464	0.196027
1061	0.888044	0.0745165	0.204368
1062	0.890221	0.0731714	0.197134
1063	0.89135	0.0720363	0.193265
1064	0.887576	0.0745995	0.196434
1065	0.886758	0.0752356	0.201772
1066	0.884816	0.0760895	0.201973
1067	0.885753	0.0755239	0.198496
1068	0.884769	0.0765871	0.201954
1069	0.88458	0.0767243	0.201876
1070	0.884729	0.0762672	0.201218
1071	0.88532	0.0760749	0.197161
1072	0.886721	0.0742407	0.197252
1073	0.883495	0.0773271	0.200111
1074	0.884152	0.0765576	0.201496
1075	0.884509	0.0761639	0.203154
1076	0.884802	0.0761605	0.197924
1077	0.884836	0.0756115	0.198382
1078	0.883821	0.0764561	0.197772
1079	0.882192	0.0773216	0.201266
1080	0.881883	0.0779442	0.206817
1081	0.882552	0.0771805	0.19939
1082	0.882329	0.0773146	0.194531
1083	0.883667	0.0760412	0.195843
1084	0.883101	0.0765514	0.194219
1085	0.880657	0.0787292	0.195272
1086	0.880555	0.078205	0.200211
1087	0.880368	0.078172	0.197364
1088	0.880525	0.0782737	0.19424
1089	0.879573	0.0787696	0.193303
1090	0.878438	0.0789705	0.199005
1091	0.87865	0.0797705	0.196977
1092	0.879722	0.0781666	0.195266
1093	0.879708	0.0773728	0.196787
1094	0.878108	0.0797674	0.200905
1095	0.879797	0.0784228	0.196941
1096	0.874931	0.0813661	0.201241
1097	0.874254	0.0813321	0.197964
1098	0.877322	0.079164	0.197958
1099	0.876589	0.0796069	0.196947
1100	0.874648	0.0810615	0.201682
1101	0.875556	0.0806668	0.200508
1102	0.873869	0.0814278	0.198428
1103	0.872688	0.082265	0.204087
1104	0.874275	0.081614	0.204431
1105	0.872139	0.0821276	0.205064
1106	0.872411	0.0817661	0.203577
1107	0.871288	0.0830031	0.202126
1108	0.871426	0.082952	0.204512
1109	0.870795	0.083142	0.204446
1110	0.870733	0.0830116	0.207861
1111	0.870937	0.0826266	0.203655
1112	0.869363	0.0840058	0.206009
1113	0.870801	0.0831342	0.20207
1114	0.868787	0.0840966	0.206754
1115	0.8701	0.0832108	0.1996
1116	0.870936	0.0823906	0.197972
1117	0.868269	0.083981	0.199288
1118	0.866954	0.0854302	0.198051
1119	0.868338	0.0844645	0.200333
1120	0.869108	0.0830638	0.198825
1121	0.867986	0.0841671	0.201466
1122	0.869037	0.0840945	0.200754
1123	0.866584	0.0851709	0.202537
1124	0.868505	0.0843035	0.200321
1125	0.865485	0.0861581	0.207628
1126	0.86478	0.0862088	0.20548
1127	0.863979	0.0873082	0.210968
1128	0.864435	0.0869366	0.206033
1129	0.86453	0.0874761	0.206735
1130	0.863336	0.0872865	0.205658
1131	0.865452	0.085219	0.203645
1132	0.862778	0.0874527	0.205265
1133	0.863161	0.0866201	0.201818
1134	0.861843	0.0870751	0.201519
1135	0.860147	0.0887113	0.205134
1136	0.862395	0.0870849	0.20228
1137	0.861259	0.0866556	0.200329
1138	0.859209	0.0895405	0.207778
1139	0.860661	0.0882839	0.208155
1140	0.859148	0.0890255	0.21107
1141	0.856348	0.0911574	0.214339
1142	0.857872	0.0894702	0.213014
1143	0.858048	0.0895062	0.208627
1144	0.858038	0.0896953	0.208532
1145	0.857942	0.0891121	0.210327
1146	0.855658	0.0915487	0.209894
1147	0.857208	0.0898157	0.209464
1148	0.853155	0.0925519	0.213679
1149	0.854597	0.091377	0.210556
1150	0.854349	0.0912205	0.21141
1151	0.853193	0.0928178	0.212735
1152	0.855937	0.0902932	0.211349
1153	0.856617	0.0892215	0.206328
1154	0.853993	0.0915127	0.211441
1155	0.850601	0.0935806	0.218728
1156	0.853778	0.0916033	0.209883
1157	0.852275	0.0921131	0.208815
1158	0.849302	0.0940303	0.205901
1159	0.851792	0.0923751	0.202544
1160	0.849073	0.0951643	0.212839
1161	0.847956	0.0952276	0.215539
1162	0.848532	0.0950381	0.210116
1163	0.848922	0.0937735	0.213795
1164	0.848354	0.0948	0.215277
1165	0.848482	0.0941961	0.212192
1166	0.849847	0.0928701	0.207662
1167	0.849105	0.0936216	0.209452
1168	0.847268	0.094834	0.214227
1169	0.847196	0.0953928	0.214606
1170	0.846794	0.0954305	0.211754
1171	0.845352	0.0952837	0.209486
1172	0.846404	0.0944156	0.213394
1173	0.842925	0.0972987	0.21163
1174	0.840885	0.0983578	0.214901
1175	0.84371	0.0966221	0.216091
1176	0.843371	0.0959482	0.215536
1177	0.841049	0.0983721	0.219637
1178	0.841273	0.0979113	0.227009
1179	0.842398	0.0972748	0.223003
1180	0.841332	0.0985922	0.221593
1181	0.838868	0.0995886	0.219243
1182	0.837977	0.100048	0.220132
1183	0.842214	0.0968287	0.22247
1184	0.840226	0.0982458	0.219544
1185	0.839738	0.0980192	0.219908
1186	0.837772	0.0996972	0.223997
1187	0.839345	0.0988191	0.216299
1188	0.83859	0.0985776	0.217324
1189	0.836129	0.0999596	0.221437
1190	0.835684	0.0995662	0.214112
1191	0.837785	0.0989831	0.218659
1192	0.834654	0.100482	0.216208
1193	0.833366	0.102634	0.215559
1194	0.83455	0.100765	0.217467
1195	0.834221	0.101307	0.221529
1196	0.833716	0.1007	0.219992
1197	0.833424	0.101879	0.220445
1198	0.833233	0.10123	0.21974
1199	0.831265	0.102421	0.218315
1200	0.831617	0.10207	0.218786
1201	0.832781	0.101593	0.218573
1202	0.830924	0.102972	0.221482
1203	0.829839	0.103774	0.22261
1204	0.829176	0.104038	0.224046
1205	0.828085	0.104943	0.219672
1206	0.829021	0.10364	0.226103
1207	0.8288	0.103658	0.222048
1208	0.829704	0.102843	0.226544
1209	0.826437	0.105441	0.224074
1210	0.827202	0.10528	0.220534
1211	0.82798	0.104185	0.218113
1212	0.829166	0.103396	0.217712
1213	0.831393	0.102006	0.214682
1214	0.830411	0.101457	0.209901
1215	0.830242	0.101794	0.210191
1216	0.960119	0.0318077	0.146084
1217	0.996141	0.00372599	0.180397
1218	0.996851	0.00303555	0.149091
1219	0.997367	0.00253308	0.123077
1220	0.997766	0.00214708	0.099096
1221	0.998078	0.00184285	0.0812824
1222	0.998326	0.00160302	0.0670318
1223	0.998524	0.00141117	0.056064
1224	0.998684	0.00125578	0.0474346
1225	0.998816	0.00112817	0.0405539
1226	0.998927	0.00102153	0.0351757
1227	0.99902	0.000931961	0.0306465
1228	0.999099	0.000855475	0.0269619
1229	0.999168	0.00078945	0.0239441
1230	0.999228	0.000731856	0.0214713
1231	0.99928	0.000681451	0.0193426
1232	0.999327	0.000636833	0.0175595
1233	0.999368	0.000597387	0.0159604
1234	0.999405	0.0005622	0.0145547
1235	0.999439	0.000530123	0.0133481
1236	0.999469	0.000501342	0.0123272
1237	0.999496	0.000475397	0.0113847
1238	0.999521	0.000451595	0.0105857
1239	0.999544	0.000429841	0.00986982
1240	0.999564	0.000409864	0.00923046
1241	0.999584	0.000391506	0.00864837
1242	0.999601	0.000374496	0.00813298
1243	0.999618	0.000358637	0.00768674
1244	0.999633	0.000344095	0.00724591
1245	0.999648	0.000330495	0.00685598
1246	0.999661	0.000317821	0.00649776
1247	0.999673	0.000306063	0.00615287
1248	0.999685	0.000294912	0.0058454
1249	0.999696	0.000284469	0.00557224
1250	0.999706	0.000274714	0.00529865
1251	0.999716	0.000265495	0.00506134
1252	0.999725	0.000256905	0.00482461
1253	0.999734	0.000248649	0.00462747
1254	0.999742	0.000240949	0.00442669
1255	0.99975	0.000233699	0.00423316
1256	0.999757	0.000226791	0.00405756
1257	0.999764	0.000220206	0.00389626
1258	0.999771	0.000214032	0.00373312
1259	0.999777	0.000208074	0.00359084
1260	0.999783	0.000202399	0.00345826
1261	0.999789	0.000197007	0.0033302
1262	0.999794	0.000191849	0.00321059
1263	0.999799	0.000186895	0.00310138
1264	0.999804	0.00018217	0.00299658
1265	0.999809	0.000177648	0.00289715
1266	0.999814	0.000173299	0.00280507
1267	0.999818	0.00016918	0.00271186
1268	0.999822	0.000165162	0.00263085
1269	0.999826	0.000161327	0.00255151
1270	0.99983	0.000157633	0.00247484
1271	0.999834	0.000154124	0.00239482
1272	0.999838	0.000150709	0.00232707
1273	0.999841	0.000147455	0.00225864
1274	0.999844	0.000144315	0.00219407
1275	0.999848	0.00014131	0.00212977
1276	0.999851	0.000138368	0.0020732
1277	0.999854	0.000135536	0.00201813
1278	0.999857	0.000132809	0.00196453
1279	0.99986	0.000130177	0.00191309
1280	0.999862	0.000127673	0.00185934
1281	0.999865	0.000125191	0.00181412
1282	0.999867	0.000122884	0.00176174
1283	0.99987	0.000120572	0.00171875
1284	0.999872	0.000118363	0.00167482
1285	0.999875	0.000116189	0.00163443
1286	0.999877	0.000114121	0.00159307
1287	0.999879	0.000112135	0.00155153
1288	0.999881	0.000110154	0.00151666
1289	0.999883	0.000108233	0.00148298
1290	0.999885	0.000106386	0.00144881
1291	0.999887	0.000104564	0.00141849
1292	0.999889	0.000102787	0.00138966
1293	0.999891	0.000101082	0.00135975
1294	0.999893	9.93967e-05	0.00133279
1295	0.999894	9.77809e-05	0.00130571
1296	0.999896	9.618e-05	0.00128137
1297	0.999898	9.46822e-05	0.00125315
1298	0.999899	9.32028e-05	0.00122718
1299	0.999901	9.17399e-05	0.00120424
1300	0.999902	9.03554e-05	0.00117852
