600	0.257262	0.417997	0.245727
601	0.257085	0.417411	0.245313
602	0.25789	0.41671	0.246245
603	0.257867	0.416536	0.246004
604	0.258471	0.417263	0.2465
605	0.258211	0.41555	0.246296
606	0.259219	0.416136	0.247322
607	0.259417	0.413938	0.247744
608	0.260208	0.415909	0.247919
609	0.259906	0.414149	0.247569
610	0.260265	0.414413	0.247942
611	0.261252	0.415668	0.248704
612	0.260743	0.413564	0.248188
613	0.26154	0.412816	0.249103
614	0.261874	0.412201	0.249225
615	0.262301	0.410721	0.249794
616	0.263273	0.411308	0.250645
617	0.262999	0.40936	0.25035
618	0.26413	0.411017	0.25122
619	0.264134	0.409707	0.25118
620	0.264951	0.409138	0.252091
621	0.265232	0.409064	0.252361
622	0.265509	0.408862	0.252627
623	0.265767	0.409685	0.25239
624	0.265549	0.40823	0.252266
625	0.266803	0.409055	0.253291
626	0.267463	0.409746	0.253686
627	0.267996	0.408131	0.2545
628	0.268135	0.406723	0.25456
629	0.268264	0.406097	0.254829
630	0.268645	0.405741	0.255161
631	0.26945	0.406	0.255576
632	0.269643	0.4052	0.255893
633	0.270259	0.40479	0.256304
634	0.270332	0.404782	0.256347
635	0.271043	0.404168	0.257195
636	0.27087	0.403584	0.25671
637	0.270968	0.403244	0.256816
638	0.271205	0.403285	0.256911
639	0.271821	0.404908	0.257214
640	0.27188	0.402181	0.257561
641	0.27279	0.403833	0.257912
642	0.272943	0.401683	0.258506
643	0.273732	0.401784	0.259234
644	0.274606	0.400631	0.260189
645	0.274885	0.400953	0.259987
646	0.275857	0.399913	0.261205
647	0.27641	0.399629	0.261667
648	0.276774	0.398745	0.262037
649	0.277087	0.399612	0.262013
650	0.277208	0.399148	0.262018
651	0.277927	0.398058	0.262736
652	0.277633	0.39868	0.262352
653	0.278574	0.398332	0.263158
654	0.279519	0.398105	0.263834
655	0.280072	0.398034	0.264215
656	0.281045	0.397173	0.265246
657	0.28056	0.395721	0.264761
658	0.281269	0.395985	0.265321
659	0.281984	0.396507	0.265749
660	0.282251	0.396259	0.266012
661	0.283141	0.396169	0.266777
662	0.283582	0.395143	0.267128
663	0.283366	0.394847	0.266774
664	0.283913	0.393757	0.267558
665	0.285082	0.394263	0.268597
666	0.285141	0.392227	0.268743
667	0.285097	0.391865	0.26829
668	0.285514	0.391694	0.268512
669	0.286978	0.392147	0.269955
670	0.287019	0.391613	0.26971
671	0.287848	0.39025	0.270583
672	0.287827	0.388272	0.270646
673	0.290179	0.39083	0.272438
674	0.289502	0.38746	0.272211
675	0.290653	0.388627	0.273008
676	0.291609	0.388166	0.273859
677	0.292027	0.388215	0.274158
678	0.292306	0.387029	0.274487
679	0.292584	0.386312	0.274722
680	0.293285	0.387075	0.275071
681	0.295118	0.386897	0.277034
682	0.295274	0.385899	0.277127
683	0.295467	0.384622	0.277075
684	0.295879	0.38479	0.277387
685	0.296659	0.384025	0.278161
686	0.29717	0.383119	0.27872
687	0.297973	0.382667	0.279495
688	0.297907	0.382042	0.279145
689	0.298984	0.381666	0.279873
690	0.299911	0.381002	0.281044
691	0.300929	0.380736	0.281898
692	0.301525	0.381808	0.281595
693	0.302395	0.38046	0.282617
694	0.302915	0.379186	0.283175
695	0.304788	0.37838	0.285109
696	0.304485	0.377578	0.284574
697	0.305359	0.377492	0.285408
698	0.305331	0.376914	0.28506
699	0.305976	0.376887	0.285859
700	0.306135	0.376676	0.285713
701	0.307688	0.37728	0.287159
702	0.3079	0.376074	0.287775
703	0.308782	0.377862	0.287801
704	0.309292	0.376854	0.287937
705	0.309958	0.375843	0.288504
706	0.311559	0.375408	0.290067
707	0.311841	0.374325	0.290299
708	0.312329	0.372015	0.291068
709	0.313765	0.373696	0.291981
710	0.31524	0.372749	0.293383
711	0.315792	0.371717	0.294036
712	0.315643	0.370182	0.293913
713	0.317476	0.370812	0.294747
714	0.317824	0.369908	0.295616
715	0.319166	0.371312	0.296366
716	0.319366	0.369037	0.296416
717	0.320218	0.368561	0.297174
718	0.321089	0.367902	0.297659
719	0.32212	0.367764	0.298624
720	0.322832	0.367874	0.29863
721	0.324677	0.367098	0.300527
722	0.325145	0.366745	0.300581
723	0.325528	0.365832	0.301483
724	0.326465	0.365452	0.301987
725	0.327908	0.365403	0.30353
726	0.329099	0.364631	0.30443
727	0.3297	0.364026	0.3047
728	0.330262	0.36178	0.305229
729	0.332437	0.362811	0.307028
730	0.333132	0.362195	0.307265
731	0.333081	0.360748	0.307317
732	0.333965	0.359906	0.308036
733	0.336105	0.359873	0.309801
734	0.336815	0.359087	0.310776
735	0.337798	0.357722	0.31164
736	0.33907	0.359281	0.312014
737	0.339875	0.357098	0.312844
738	0.341204	0.356896	0.313899
739	0.34427	0.357495	0.316272
740	0.345351	0.357065	0.317159
741	0.345463	0.355275	0.317281
742	0.346037	0.355168	0.317964
743	0.347177	0.353229	0.318961
744	0.347832	0.352992	0.319104
745	0.350212	0.352684	0.321139
746	0.34947	0.351633	0.320156
747	0.351413	0.350774	0.32204
748	0.35391	0.352279	0.323598
749	0.355512	0.349706	0.325614
750	0.355638	0.34938	0.325239
751	0.355222	0.348144	0.324808
752	0.357474	0.348397	0.326508
753	0.358788	0.347224	0.328327
754	0.360033	0.347965	0.328464
755	0.361441	0.346037	0.329987
756	0.362442	0.345555	0.330101
757	0.364604	0.345065	0.332184
758	0.365269	0.343788	0.332547
759	0.367231	0.344049	0.334024
760	0.369064	0.343441	0.335501
761	0.368239	0.341614	0.335043
762	0.370921	0.341835	0.337737
763	0.372226	0.341892	0.338091
764	0.372772	0.340288	0.3385
765	0.374441	0.339563	0.33993
766	0.375562	0.340843	0.340487
767	0.377133	0.338997	0.342199
768	0.378564	0.338149	0.34309
769	0.379567	0.337079	0.343173
770	0.381294	0.336793	0.343784
771	0.382398	0.335128	0.345457
772	0.383906	0.334845	0.346054
773	0.386557	0.333433	0.348723
774	0.387227	0.332501	0.349473
775	0.389063	0.332198	0.350166
776	0.390232	0.331787	0.350901
777	0.39187	0.33005	0.352784
778	0.394003	0.329268	0.35404
779	0.39489	0.330053	0.353824
780	0.396903	0.329673	0.355555
781	0.398916	0.327399	0.357621
782	0.40045	0.326874	0.358436
783	0.401731	0.324694	0.3601
784	0.402899	0.326336	0.358941
785	0.405592	0.323926	0.361885
786	0.40584	0.322064	0.362259
787	0.40819	0.321746	0.363395
788	0.410428	0.321448	0.364908
789	0.411285	0.320291	0.36584
790	0.412522	0.319718	0.36586
791	0.414574	0.320096	0.367396
792	0.41684	0.318149	0.369697
793	0.418561	0.318578	0.37008
794	0.419356	0.314974	0.371719
795	0.42091	0.315079	0.372364
796	0.423097	0.3137	0.375078
797	0.423395	0.313411	0.374152
798	0.42629	0.31219	0.377316
799	0.426932	0.310775	0.377943
800	0.42911	0.311874	0.378327
801	0.429244	0.309414	0.378052
802	0.430645	0.308265	0.378852
803	0.434908	0.309204	0.383143
804	0.434654	0.30694	0.38255
805	0.437949	0.306595	0.385174
806	0.439246	0.305483	0.38496
807	0.44107	0.30414	0.386745
808	0.44315	0.303677	0.38722
809	0.44431	0.302437	0.38714
810	0.447666	0.300286	0.391011
811	0.44803	0.299545	0.390265
812	0.450571	0.299865	0.390971
813	0.452266	0.299438	0.390776
814	0.455108	0.296313	0.395358
815	0.457065	0.295874	0.39503
816	0.457715	0.29411	0.395803
817	0.460057	0.293657	0.396671
818	0.461074	0.292668	0.397062
819	0.465003	0.292451	0.401307
820	0.466714	0.290439	0.402634
821	0.46782	0.291245	0.400196
822	0.470158	0.290008	0.402425
823	0.472162	0.286425	0.405403
824	0.474633	0.286909	0.406124
825	0.477877	0.286529	0.407211
826	0.479219	0.284345	0.408159
827	0.479905	0.283432	0.406928
828	0.484041	0.281625	0.410532
829	0.485191	0.282315	0.40925
830	0.487254	0.279354	0.412649
831	0.490569	0.27728	0.415142
832	0.493164	0.27631	0.416371
833	0.494932	0.275974	0.415515
834	0.496928	0.275287	0.415158
835	0.499371	0.273354	0.416212
836	0.502555	0.271945	0.418716
837	0.504385	0.270204	0.420656
838	0.508564	0.268834	0.423341
839	0.509473	0.267316	0.423746
840	0.511566	0.266835	0.421875
841	0.514672	0.266222	0.423664
842	0.518645	0.263427	0.426289
843	0.519123	0.263158	0.422921
844	0.522282	0.260719	0.426215
845	0.524881	0.257943	0.429695
846	0.52756	0.258132	0.428739
847	0.530375	0.256756	0.429165
848	0.533209	0.25519	0.429147
849	0.53455	0.254784	0.430305
850	0.538089	0.252725	0.430424
851	0.541462	0.249198	0.433052
852	0.544411	0.247512	0.434977
853	0.547347	0.247186	0.435823
854	0.548554	0.245835	0.43329
855	0.550566	0.243924	0.432797
856	0.553775	0.243532	0.435268
857	0.557198	0.241103	0.438518
858	0.559241	0.239544	0.43793
859	0.564307	0.238204	0.437399
860	0.567068	0.236288	0.437562
861	0.568461	0.234265	0.436017
862	0.575101	0.230994	0.440846
863	0.578677	0.22874	0.441456
864	0.579118	0.228618	0.438613
865	0.582757	0.226746	0.441216
866	0.586106	0.22536	0.441024
867	0.589531	0.221926	0.4425
868	0.590534	0.22241	0.438721
869	0.595441	0.219295	0.442658
870	0.600477	0.218525	0.443596
871	0.601451	0.217085	0.441182
872	0.603479	0.215108	0.439693
873	0.60807	0.213393	0.437129
874	0.612064	0.211002	0.43776
875	0.615151	0.209186	0.438037
876	0.618298	0.20743	0.43902
877	0.62366	0.203998	0.437576
878	0.627858	0.201139	0.437223
879	0.629405	0.201454	0.433022
880	0.633461	0.198113	0.434839
881	0.636298	0.196547	0.432166
882	0.640777	0.19634	0.429344
883	0.642604	0.193959	0.427262
884	0.647421	0.190667	0.427903
885	0.649954	0.188673	0.42474
886	0.655747	0.187079	0.423397
887	0.658984	0.185077	0.41994
888	0.662981	0.182217	0.418428
889	0.66489	0.18032	0.418259
890	0.669942	0.17842	0.413329
891	0.673548	0.175559	0.414561
892	0.677557	0.173847	0.408032
893	0.680589	0.171133	0.402569
894	0.685211	0.169812	0.394839
895	0.693148	0.163971	0.396255
896	0.695794	0.16346	0.386747
897	0.701158	0.160009	0.383391
898	0.704448	0.158353	0.378403
899	0.710351	0.154239	0.372347
900	0.715139	0.1524	0.368978
901	0.71772	0.149042	0.364207
902	0.724087	0.147221	0.352432
903	0.727777	0.145286	0.343798
904	0.734389	0.14233	0.338155
905	0.737812	0.139085	0.330881
906	0.74361	0.136613	0.328244
907	0.746921	0.134026	0.315454
908	0.750613	0.131975	0.311843
909	0.759121	0.126705	0.298982
910	0.763612	0.125776	0.291077
911	0.765726	0.124011	0.280353
912	0.77217	0.119534	0.268856
913	0.778104	0.116899	0.256218
914	0.783409	0.113618	0.237053
915	0.785935	0.112747	0.225552
916	0.792801	0.107943	0.211732
917	0.797907	0.105796	0.205184
918	0.799	0.105725	0.207987
919	0.803707	0.103155	0.20662
920	0.808778	0.100769	0.204508
921	0.807148	0.102665	0.202894
922	0.810987	0.0993831	0.199722
923	0.811078	0.10032	0.198946
924	0.816737	0.0975629	0.196642
925	0.812551	0.0999639	0.198488
926	0.815663	0.0982638	0.197137
927	0.820673	0.0960028	0.201595
928	0.820445	0.0957897	0.192765
929	0.818074	0.0971715	0.195133
930	0.818408	0.0963034	0.193433
931	0.825737	0.0936327	0.193568
932	0.827621	0.0935584	0.187132
933	0.82654	0.0948009	0.19537
934	0.823106	0.0958484	0.198837
935	0.82361	0.096078	0.194781
936	0.823756	0.0955766	0.192566
937	0.822884	0.0968711	0.196515
938	0.831156	0.0925276	0.193801
939	0.83395	0.0914758	0.195406
940	0.833806	0.0916092	0.197102
941	0.832837	0.09201	0.197579
942	0.83247	0.0925823	0.196091
943	0.833828	0.0908316	0.193042
944	0.833012	0.0913825	0.190982
945	0.830831	0.0929566	0.194164
946	0.830956	0.093665	0.193093
947	0.82928	0.0933857	0.194194
948	0.82782	0.0941324	0.192623
949	0.828479	0.0942844	0.196744
950	0.84049	0.0906023	0.190981
951	0.842628	0.0896083	0.19107
952	0.843597	0.0888575	0.190228
953	0.84297	0.0890238	0.18786
954	0.843761	0.0887335	0.191084
955	0.84343	0.0887003	0.190604
956	0.84206	0.0898024	0.194705
957	0.839258	0.0913231	0.195067
958	0.842004	0.0892083	0.188715
959	0.838379	0.0912638	0.192294
960	0.837772	0.0923608	0.192276
960	0.837772	0.0923608	0.192276
961	0.836097	0.0930469	0.200887
962	0.837955	0.0905492	0.196788
963	0.837651	0.0907981	0.194688
964	0.837243	0.0919056	0.200015
965	0.835663	0.0922878	0.197241
966	0.836966	0.0923	0.195128
967	0.832615	0.0939486	0.197462
968	0.83442	0.0934143	0.195932
969	0.834688	0.0932116	0.196233
970	0.83048	0.0948144	0.198477
971	0.829752	0.0961034	0.202077
972	0.833915	0.0927897	0.195426
973	0.858048	0.0844562	0.190676
974	0.85848	0.0849276	0.193355
975	0.858848	0.0841163	0.193617
976	0.857435	0.084658	0.195272
977	0.858328	0.0841058	0.19167
978	0.855906	0.0856567	0.196632
979	0.855294	0.0864068	0.191231
980	0.855802	0.0859605	0.194918
981	0.85691	0.0845894	0.195279
982	0.855771	0.0853008	0.190648
983	0.856655	0.0843363	0.188686
984	0.855512	0.0852451	0.196346
985	0.854758	0.0862024	0.198131
986	0.853894	0.085947	0.192742
987	0.852001	0.0871626	0.195105
988	0.851195	0.088452	0.197513
989	0.852233	0.0879484	0.196581
990	0.851036	0.0882495	0.195148
991	0.850238	0.0886292	0.195412
992	0.849641	0.0885338	0.192946
993	0.8515	0.0872999	0.200139
994	0.851662	0.0873118	0.195035
995	0.849447	0.0874833	0.195934
996	0.849562	0.0883281	0.198829
997	0.850121	0.0876762	0.200393
998	0.848868	0.0888033	0.200018
999	0.847616	0.0887747	0.196446
1000	0.844865	0.0904882	0.203078
1001	0.844509	0.0908555	0.2081
1002	0.846903	0.0888612	0.199128
1003	0.843614	0.0910735	0.20491
1004	0.844307	0.090436	0.202216
1005	0.842507	0.0922867	0.202058
1006	0.845465	0.0895911	0.194797
1007	0.845373	0.0904051	0.194918
1008	0.844846	0.0892978	0.193018
1009	0.841852	0.0918136	0.19468
1010	0.842664	0.0906884	0.193724
1011	0.843012	0.0905758	0.193825
1012	0.839615	0.0930679	0.19946
1013	0.840948	0.0915831	0.198007
1014	0.838655	0.0926759	0.195187
1015	0.838723	0.0935104	0.197957
1016	0.83967	0.092392	0.196505
1017	0.838738	0.0935213	0.197119
1018	0.841668	0.0907275	0.19834
1019	0.835679	0.0941151	0.201181
1020	0.83455	0.0949416	0.204388
1021	0.834754	0.0946502	0.200811
1022	0.837257	0.093451	0.202756
1023	0.834745	0.0944015	0.205645
1024	0.833457	0.0948742	0.204738
1025	0.833349	0.0947137	0.208438
1026	0.876478	0.0782662	0.200715
1027	0.888526	0.0744575	0.195413
1028	0.889758	0.0730321	0.194313
1029	0.887975	0.0745265	0.195283
1030	0.888576	0.0735722	0.199097
1031	0.890089	0.0726918	0.196683
1032	0.889936	0.0728013	0.189183
1033	0.886915	0.0748771	0.195426
1034	0.886363	0.0752283	0.200091
1035	0.884686	0.0758604	0.197694
1036	0.885468	0.0752438	0.196109
1037	0.884681	0.0759416	0.199014
1038	0.884268	0.075982	0.20307
1039	0.884635	0.0756348	0.199482
1040	0.886557	0.0743657	0.192884
1041	0.885351	0.0756722	0.196045
1042	0.883202	0.0769025	0.200969
1043	0.884525	0.075617	0.199678
1044	0.885154	0.0757252	0.19479
1045	0.88474	0.0757759	0.192867
1046	0.883886	0.0760614	0.195858
1047	0.88234	0.0768115	0.197309
1048	0.882172	0.0767467	0.201722
1049	0.882123	0.0771629	0.200113
1050	0.881881	0.0770532	0.193012
1051	0.883728	0.0750713	0.194033
1052	0.883275	0.075959	0.191443
1053	0.88093	0.0780139	0.19385
1054	0.880718	0.077384	0.197571
1055	0.880475	0.0775968	0.194811
1056	0.880508	0.0778349	0.191686
1057	0.87954	0.0784339	0.190313
1058	0.878304	0.0786845	0.195423
1059	0.878728	0.0794449	0.192873
1060	0.879675	0.0773325	0.193236
1061	0.879526	0.0773947	0.195963
1062	0.877939	0.0790349	0.196742
1063	0.878986	0.0781718	0.194046
1064	0.874104	0.0811066	0.199654
1065	0.874913	0.0804016	0.195675
1066	0.877901	0.0783902	0.196569
1067	0.875776	0.0801638	0.195006
1068	0.875065	0.0800686	0.195631
1069	0.874588	0.0807031	0.196119
1070	0.87298	0.0811895	0.200419
1071	0.873862	0.0812088	0.195581
1072	0.873401	0.0813043	0.200968
1073	0.872022	0.0815398	0.202978
1074	0.871839	0.0825807	0.197039
1075	0.871779	0.0819339	0.202973
1076	0.870559	0.0826648	0.199624
1077	0.870771	0.0831456	0.203278
1078	0.870124	0.0824552	0.202118
1079	0.870615	0.0823976	0.201421
1080	0.869243	0.083432	0.2017
1081	0.869364	0.0834981	0.202987
1082	0.869642	0.082354	0.19702
1083	0.870854	0.081908	0.194541
1084	0.868949	0.0828426	0.194676
1085	0.866543	0.0852003	0.195199
1086	0.868203	0.0841143	0.197513
1087	0.869035	0.0824971	0.19671
1088	0.86796	0.0838487	0.198049
1089	0.868926	0.0836394	0.198095
1090	0.866636	0.0846662	0.199482
1091	0.868387	0.0836978	0.199459
1092	0.865466	0.0856168	0.203184
1093	0.864257	0.0863268	0.203036
1094	0.86387	0.0867115	0.2069
1095	0.864535	0.08633	0.203296
1096	0.863947	0.0866754	0.204078
1097	0.864032	0.0858482	0.202243
1098	0.864524	0.0853761	0.202566
1099	0.863173	0.086771	0.200416
1100	0.862174	0.085995	0.199415
1101	0.861098	0.0871321	0.198347
1102	0.860377	0.0877299	0.202514
1103	0.862989	0.085808	0.197186
1104	0.858896	0.0889604	0.202789
1105	0.859885	0.0884135	0.204197
1106	0.859406	0.0878697	0.205077
1107	0.856612	0.0910011	0.211571
1108	0.857916	0.0891063	0.207604
1109	0.857503	0.0887745	0.208771
1110	0.857277	0.0897142	0.209326
1111	0.858523	0.0880688	0.204863
1112	0.855254	0.0910031	0.207281
1113	0.857151	0.0893775	0.201143
1114	0.854549	0.0912175	0.210737
1115	0.853388	0.0919992	0.210211
1116	0.854863	0.090284	0.208159
1117	0.85274	0.0922312	0.209756
1118	0.856069	0.0898096	0.207135
1119	0.856431	0.0889285	0.202581
1120	0.854099	0.0908224	0.208277
1121	0.850506	0.0930369	0.215744
1122	0.853619	0.0910295	0.207195
1123	0.852087	0.0915304	0.205588
1124	0.849191	0.0935493	0.202925
1125	0.851608	0.0917326	0.200312
1126	0.848798	0.0943004	0.211192
1127	0.848129	0.09443	0.210976
1128	0.848023	0.0943446	0.210186
1129	0.849266	0.0926718	0.210913
1130	0.848226	0.094674	0.212428
1131	0.848479	0.092836	0.208381
1132	0.848833	0.093338	0.205164
1133	0.848881	0.0930408	0.206993
1134	0.846663	0.0946703	0.210687
1135	0.848305	0.0938449	0.207453
1136	0.844796	0.095231	0.212017
1137	0.84631	0.0947158	0.204996
1138	0.844441	0.0952009	0.205386
1139	0.841555	0.0970923	0.208875
1140	0.841157	0.0976661	0.214053
1141	0.84455	0.0947243	0.21288
1142	0.842361	0.0966171	0.217185
1143	0.841118	0.0975656	0.223404
1144	0.840441	0.0977451	0.222156
1145	0.842317	0.0971848	0.218832
1146	0.83916	0.0985886	0.217783
1147	0.837857	0.0992094	0.214708
1148	0.841339	0.0971242	0.216509
1149	0.840279	0.0975206	0.217308
1150	0.839925	0.0973129	0.217114
1151	0.837922	0.0988413	0.220211
1152	0.838855	0.098359	0.214425
1153	0.83866	0.0975507	0.215125
1154	0.835851	0.0993346	0.218495
1155	0.83544	0.0988672	0.211282
1156	0.837489	0.0983543	0.216071
1157	0.834097	0.1002	0.213378
1158	0.833301	0.101746	0.211596
1159	0.834261	0.100203	0.215025
1160	0.833254	0.100902	0.217614
1161	0.833371	0.0998228	0.215747
1162	0.832581	0.101491	0.219462
1163	0.832279	0.1009	0.217468
1164	0.830596	0.10229	0.214634
1165	0.831498	0.100738	0.215144
1166	0.831574	0.102205	0.216128
1167	0.830696	0.102324	0.219992
1168	0.828805	0.103422	0.223282
1169	0.827998	0.103665	0.218285
1170	0.827787	0.104123	0.217981
1171	0.827717	0.104167	0.221934
1172	0.828887	0.102088	0.221348
1173	0.82672	0.104393	0.222982
1174	0.826076	0.104416	0.220581
1175	0.82568	0.104679	0.217831
1176	0.826163	0.104176	0.215596
1177	0.828997	0.102706	0.215368
1178	0.828236	0.102175	0.212519
1179	0.826072	0.103632	0.211454
1180	0.824205	0.105231	0.214703
1181	0.823941	0.105593	0.21722
1182	0.823804	0.105005	0.224121
1183	0.82565	0.104023	0.220166
1184	0.822245	0.106037	0.22219
1185	0.822548	0.106038	0.219745
1186	0.821362	0.106494	0.220868
1187	0.821065	0.105931	0.218785
1188	0.819358	0.107358	0.219999
1189	0.818942	0.10701	0.215703
1190	0.819307	0.107337	0.217258
1191	0.817701	0.108511	0.223971
1192	0.820805	0.106194	0.219235
1193	0.819125	0.105441	0.218762
1194	0.820779	0.105438	0.219744
1195	0.816723	0.108419	0.22053
1196	0.812884	0.110293	0.224166
1197	0.81513	0.110066	0.221566
1198	0.813865	0.110705	0.225501
1199	0.812688	0.110236	0.227785
1200	0.812132	0.111397	0.228096
1201	0.812426	0.110539	0.227763
1202	0.81434	0.108927	0.224
1203	0.815216	0.108325	0.2238
1204	0.813374	0.109021	0.221955
1205	0.814966	0.108312	0.221999
1206	0.81095	0.111353	0.218965
1207	0.814797	0.108143	0.220485
1208	0.807708	0.112582	0.224072
1209	0.808628	0.111829	0.22974
1210	0.811801	0.109812	0.220814
1211	0.811483	0.110065	0.221376
1212	0.811029	0.109463	0.223613
1213	0.808043	0.112377	0.223832
1214	0.809186	0.111281	0.221528
1215	0.811714	0.110051	0.21733
1216	0.955718	0.03465	0.160039
1217	0.994912	0.00491472	0.210142
1218	0.99599	0.00386681	0.167046
1219	0.996721	0.00315801	0.135152
1220	0.997256	0.00263731	0.110715
1221	0.997665	0.00223995	0.0917858
1222	0.997982	0.0019325	0.0760582
1223	0.998233	0.00168828	0.0643146
1224	0.998435	0.00149237	0.0547986
1225	0.998601	0.00133292	0.0469798
1226	0.998737	0.00120071	0.0407586
1227	0.998852	0.00108965	0.035754
1228	0.99895	0.000995477	0.0316069
1229	0.999033	0.000915772	0.027796
1230	0.999106	0.000846353	0.0247673
1231	0.999169	0.000785396	0.0223232
1232	0.999225	0.000732175	0.0201285
1233	0.999274	0.000684907	0.0182869
1234	0.999318	0.000642866	0.0166756
1235	0.999357	0.000605212	0.0152745
1236	0.999393	0.000571214	0.0140717
1237	0.999425	0.000540483	0.0130065
1238	0.999454	0.000512472	0.0120836
1239	0.999481	0.000487056	0.0112343
1240	0.999505	0.000463933	0.0104458
1241	0.999528	0.00044266	0.00974682
1242	0.999548	0.000423002	0.00912928
1243	0.999568	0.000404908	0.00855667
1244	0.999585	0.000388071	0.00805182
1245	0.999602	0.000372486	0.00758374
1246	0.999617	0.00035794	0.00716228
1247	0.999631	0.000344349	0.00677865
1248	0.999645	0.00033173	0.0064137
1249	0.999657	0.000319781	0.00609696
1250	0.999669	0.000308644	0.00579325
1251	0.99968	0.00029814	0.00551689
1252	0.999691	0.000288191	0.00526959
1253	0.999701	0.000278933	0.0050214
1254	0.99971	0.000270177	0.00479249
1255	0.999719	0.000261907	0.00457705
1256	0.999727	0.000254019	0.00438331
1257	0.999735	0.000246555	0.00420005
1258	0.999743	0.000239429	0.00403329
1259	0.99975	0.000232667	0.00387489
1260	0.999757	0.000226208	0.00372895
1261	0.999763	0.000220082	0.00358838
1262	0.999769	0.000214191	0.00346144
1263	0.999775	0.000208605	0.00333729
1264	0.999781	0.00020321	0.00322645
1265	0.999786	0.000198032	0.00312136
1266	0.999792	0.000193122	0.00301914
1267	0.999797	0.000188424	0.00292086
1268	0.999801	0.000183979	0.00282177
1269	0.999806	0.00017967	0.00273204
1270	0.99981	0.000175584	0.00264135
1271	0.999815	0.000171581	0.00256321
1272	0.999819	0.000167742	0.00248765
1273	0.999823	0.000164104	0.00240984
1274	0.999826	0.000160573	0.00233832
1275	0.99983	0.000157129	0.00227444
1276	0.999833	0.000153858	0.002209
1277	0.999837	0.000150637	0.00215217
1278	0.99984	0.000147603	0.00209041
1279	0.999843	0.000144672	0.00203206
1280	0.999846	0.000141844	0.00197539
1281	0.999849	0.000139072	0.00192466
1282	0.999852	0.000136349	0.00187809
1283	0.999855	0.000133751	0.00183189
1284	0.999858	0.000131101	0.00178599
1285	0.99986	0.000128736	0.00173675
1286	0.999863	0.000126373	0.00169637
1287	0.999865	0.000124073	0.00165314
1288	0.999868	0.00012185	0.00161571
1289	0.99987	0.00011975	0.00157497
1290	0.999872	0.000117665	0.00153856
1291	0.999875	0.000115642	0.00150451
1292	0.999877	0.000113681	0.00147056
1293	0.999879	0.000111782	0.00143774
1294	0.999881	0.000109947	0.00140556
1295	0.999883	0.000108141	0.00137592
1296	0.999884	0.000106388	0.00134725
1297	0.999886	0.000104595	0.00131891
1298	0.999888	0.000102931	0.00129204
1299	0.99989	0.00010128	0.00126871
1300	0.999892	9.97361e-05	0.00124123
