600	0.228614	0.415705	0.219068
601	0.229319	0.415021	0.219724
602	0.229193	0.413029	0.219823
603	0.229846	0.414669	0.220104
604	0.230249	0.415454	0.220397
605	0.23053	0.414264	0.220861
606	0.229909	0.41421	0.219985
607	0.231135	0.415019	0.221002
608	0.231603	0.414692	0.221542
609	0.232209	0.414203	0.222047
610	0.232097	0.412025	0.222042
611	0.23222	0.411793	0.222143
612	0.232572	0.412008	0.222437
613	0.233111	0.412029	0.222818
614	0.233068	0.410842	0.222837
615	0.233565	0.410733	0.223153
616	0.233864	0.410761	0.223528
617	0.234273	0.409993	0.224055
618	0.234082	0.409436	0.223696
619	0.233971	0.408468	0.223528
620	0.23468	0.410335	0.224045
621	0.234228	0.409252	0.223644
622	0.234823	0.408737	0.223991
623	0.235437	0.409325	0.2244
624	0.235874	0.408351	0.225035
625	0.236686	0.407924	0.22584
626	0.237121	0.407717	0.226293
627	0.237312	0.407262	0.22617
628	0.237884	0.40683	0.226722
629	0.238072	0.406435	0.226776
630	0.238756	0.406408	0.227552
631	0.238467	0.405018	0.22727
632	0.239335	0.405242	0.228035
633	0.23936	0.404964	0.228062
634	0.239665	0.405553	0.228097
635	0.240234	0.403912	0.22862
636	0.241179	0.404533	0.229423
637	0.241511	0.403972	0.229677
638	0.241813	0.403501	0.229891
639	0.24196	0.402697	0.230061
640	0.242478	0.402928	0.230759
641	0.242795	0.403133	0.230859
642	0.243293	0.403809	0.231099
643	0.243528	0.402085	0.231457
644	0.243418	0.401675	0.231353
645	0.243754	0.40104	0.231748
646	0.244755	0.401105	0.232687
647	0.244617	0.399299	0.232423
648	0.245057	0.398991	0.23263
649	0.245494	0.398757	0.232979
650	0.246501	0.399394	0.233884
651	0.246743	0.398454	0.234062
652	0.247376	0.3972	0.234784
653	0.247442	0.396407	0.234487
654	0.249203	0.397799	0.236354
655	0.248405	0.394598	0.235737
656	0.249387	0.396211	0.23623
657	0.250143	0.3957	0.237174
658	0.250191	0.395367	0.237016
659	0.250197	0.39345	0.237361
660	0.250615	0.393563	0.237661
661	0.251887	0.396425	0.238245
662	0.252768	0.39562	0.239238
663	0.252801	0.393805	0.239269
664	0.252654	0.392419	0.239264
665	0.253569	0.393403	0.239886
666	0.253619	0.392109	0.240172
667	0.254343	0.392341	0.24053
668	0.254559	0.392022	0.240545
669	0.254917	0.391481	0.240676
670	0.256041	0.391247	0.241861
671	0.25633	0.390472	0.24209
672	0.2573	0.391418	0.242969
673	0.257779	0.389948	0.24344
674	0.258274	0.388879	0.243899
675	0.259536	0.388321	0.245023
676	0.259586	0.387284	0.245199
677	0.260366	0.387679	0.245785
678	0.259935	0.386395	0.245194
679	0.260754	0.386658	0.246318
680	0.260648	0.386547	0.24597
681	0.26212	0.387122	0.247478
682	0.262131	0.386372	0.24756
683	0.262998	0.38888	0.247673
684	0.263363	0.386541	0.248304
685	0.26372	0.385601	0.248411
686	0.26524	0.384657	0.250244
687	0.265088	0.383769	0.249665
688	0.266046	0.383026	0.250777
689	0.266383	0.382529	0.251065
690	0.268554	0.383276	0.253014
691	0.268367	0.382424	0.252744
692	0.268402	0.380823	0.2526
693	0.270083	0.380939	0.254369
694	0.270503	0.38137	0.254537
695	0.271716	0.382151	0.255298
696	0.271492	0.378963	0.255413
697	0.272348	0.378367	0.256191
698	0.272859	0.379123	0.256374
699	0.274102	0.378349	0.257636
700	0.275482	0.378853	0.258771
701	0.27519	0.376875	0.258169
702	0.275674	0.377352	0.258744
703	0.276476	0.377404	0.259319
704	0.277509	0.376927	0.260303
705	0.278399	0.376661	0.261086
706	0.279147	0.376195	0.261702
707	0.279758	0.374875	0.261974
708	0.281017	0.374196	0.263569
709	0.282261	0.374503	0.264274
710	0.281787	0.372844	0.263824
711	0.282404	0.371985	0.264431
712	0.284176	0.372112	0.265785
713	0.284969	0.372631	0.266301
714	0.285941	0.370924	0.267522
715	0.286611	0.37161	0.267718
716	0.287635	0.369576	0.268945
717	0.28908	0.369439	0.270431
718	0.29106	0.370041	0.271745
719	0.291799	0.370446	0.271988
720	0.292277	0.368539	0.27292
721	0.292987	0.368766	0.273419
722	0.293394	0.365935	0.273977
723	0.294548	0.367276	0.27428
724	0.296366	0.367113	0.276142
725	0.295983	0.365107	0.275706
726	0.297466	0.365133	0.276917
727	0.299511	0.36505	0.278797
728	0.300979	0.364858	0.280091
729	0.299984	0.363888	0.278702
730	0.300351	0.362259	0.279208
731	0.302667	0.361962	0.281682
732	0.303013	0.362848	0.281381
733	0.30504	0.362492	0.283417
734	0.305792	0.361518	0.283586
735	0.307153	0.360585	0.285101
736	0.308151	0.359328	0.286142
737	0.30897	0.35925	0.286584
738	0.311132	0.359832	0.288429
739	0.31047	0.357353	0.28794
740	0.312317	0.358377	0.289497
741	0.313614	0.358383	0.290371
742	0.31465	0.356999	0.291798
743	0.315135	0.355675	0.291988
744	0.316751	0.358056	0.292732
745	0.318199	0.355484	0.294975
746	0.319068	0.355948	0.29474
747	0.319675	0.353558	0.29541
748	0.321138	0.35349	0.296265
749	0.322398	0.352539	0.29756
750	0.32387	0.351661	0.299153
751	0.325391	0.351546	0.299728
752	0.325702	0.35121	0.299759
753	0.327112	0.350416	0.301135
754	0.328379	0.35022	0.302095
755	0.33018	0.349385	0.303423
756	0.331969	0.348228	0.305394
757	0.332565	0.3485	0.305659
758	0.334584	0.349107	0.306586
759	0.335189	0.348285	0.307068
760	0.336673	0.346593	0.308591
761	0.337259	0.345717	0.308933
762	0.339657	0.347317	0.310362
763	0.33982	0.343873	0.310895
764	0.341745	0.343004	0.312667
765	0.343136	0.343113	0.31366
766	0.34451	0.342287	0.314508
767	0.344462	0.341313	0.314227
768	0.346591	0.34095	0.31644
769	0.348162	0.341045	0.316768
770	0.349592	0.340754	0.318298
771	0.351072	0.339398	0.319816
772	0.351855	0.337245	0.320774
773	0.35365	0.337155	0.322427
774	0.354581	0.336563	0.322871
775	0.356594	0.337104	0.324255
776	0.35714	0.335039	0.324799
777	0.358621	0.335873	0.325549
778	0.359105	0.333067	0.326457
779	0.359949	0.331953	0.326977
780	0.36318	0.333597	0.329398
781	0.363176	0.331461	0.329409
782	0.365793	0.331108	0.331739
783	0.36709	0.330091	0.332266
784	0.368295	0.329819	0.333004
785	0.370204	0.328172	0.334839
786	0.371119	0.327962	0.334715
787	0.373778	0.326511	0.337574
788	0.37417	0.325047	0.337547
789	0.376323	0.325807	0.338683
790	0.377532	0.32592	0.338442
791	0.379762	0.323073	0.34157
792	0.380751	0.322592	0.342221
793	0.382056	0.322839	0.342464
794	0.38334	0.322046	0.343505
795	0.38527	0.320413	0.345838
796	0.386743	0.320873	0.346693
797	0.388369	0.319972	0.347598
798	0.389642	0.319851	0.348233
799	0.392523	0.317299	0.351736
800	0.39297	0.316571	0.351056
801	0.395601	0.317572	0.352485
802	0.39838	0.316688	0.354808
803	0.397817	0.313932	0.354099
804	0.400244	0.313113	0.355816
805	0.402097	0.313206	0.357219
806	0.403058	0.312543	0.357567
807	0.40513	0.310934	0.359379
808	0.408071	0.310666	0.360919
809	0.410128	0.309718	0.363466
810	0.411094	0.308581	0.362767
811	0.412933	0.306092	0.364546
812	0.415714	0.305985	0.367288
813	0.41749	0.305274	0.368594
814	0.420008	0.303399	0.37075
815	0.421618	0.30277	0.371618
816	0.422463	0.301519	0.371215
817	0.425074	0.302074	0.371841
818	0.428659	0.30028	0.374772
819	0.428813	0.298736	0.373944
820	0.431188	0.297604	0.376057
821	0.433912	0.295274	0.378952
822	0.436225	0.297124	0.378934
823	0.438185	0.294438	0.380273
824	0.440344	0.293512	0.381959
825	0.441899	0.292598	0.384158
826	0.444522	0.290629	0.384234
827	0.446462	0.288711	0.385274
828	0.449247	0.288802	0.386504
829	0.451708	0.288181	0.387458
830	0.452945	0.286826	0.387464
831	0.455467	0.284788	0.390307
832	0.457327	0.28533	0.389988
833	0.459459	0.283778	0.391646
834	0.462131	0.281742	0.393122
835	0.466052	0.282648	0.393141
836	0.467177	0.278095	0.395494
837	0.470737	0.276533	0.3988
838	0.475262	0.275713	0.400451
839	0.475885	0.274232	0.400417
840	0.478039	0.271679	0.401951
841	0.481175	0.27217	0.404133
842	0.484264	0.269559	0.406152
843	0.485362	0.269013	0.406623
844	0.4875	0.268984	0.405134
845	0.492642	0.267343	0.409349
846	0.493845	0.267573	0.408254
847	0.495493	0.264176	0.41071
848	0.498909	0.261199	0.41218
849	0.50239	0.260075	0.414001
850	0.504892	0.26012	0.412999
851	0.507472	0.258024	0.41668
852	0.51165	0.255743	0.418671
853	0.515119	0.25403	0.418683
854	0.516968	0.253608	0.417807
855	0.519502	0.252672	0.417828
856	0.521416	0.250968	0.417653
857	0.525496	0.249768	0.421315
858	0.527029	0.247034	0.421357
859	0.530619	0.245298	0.423411
860	0.532552	0.244279	0.422568
861	0.537895	0.243304	0.423239
862	0.540041	0.241775	0.422757
863	0.544439	0.23905	0.426371
864	0.544615	0.237711	0.424897
865	0.54884	0.236434	0.427881
866	0.551673	0.234768	0.426579
867	0.555026	0.233073	0.424552
868	0.557073	0.230804	0.422532
869	0.563812	0.228827	0.425275
870	0.566811	0.226686	0.424925
871	0.571314	0.224018	0.424832
872	0.573449	0.222869	0.423678
873	0.578445	0.219508	0.42729
874	0.582762	0.218556	0.425323
875	0.584175	0.216332	0.423822
876	0.589267	0.213555	0.424271
877	0.592058	0.211906	0.421252
878	0.597547	0.209724	0.421979
879	0.601169	0.206452	0.420913
880	0.605226	0.206127	0.420424
881	0.608963	0.203933	0.415544
882	0.611279	0.202852	0.416146
883	0.618434	0.198556	0.418126
884	0.622822	0.197874	0.415731
885	0.624484	0.196217	0.412251
886	0.629467	0.193997	0.409275
887	0.633843	0.190077	0.411551
888	0.637784	0.187269	0.404588
889	0.641335	0.185001	0.401279
890	0.647154	0.181512	0.400272
891	0.652153	0.179125	0.396629
892	0.654341	0.179389	0.392539
893	0.661985	0.175964	0.395789
894	0.666105	0.17296	0.388101
895	0.669135	0.170933	0.387053
896	0.675088	0.167378	0.382954
897	0.679688	0.165051	0.375175
898	0.683779	0.16304	0.371244
899	0.684971	0.161374	0.364734
900	0.69305	0.157573	0.366493
901	0.699146	0.154324	0.357342
902	0.702809	0.153038	0.348199
903	0.707257	0.15007	0.340857
904	0.713649	0.14629	0.335946
905	0.720043	0.141473	0.325457
906	0.7246	0.140284	0.319159
907	0.726614	0.13914	0.311421
908	0.733735	0.135587	0.300291
909	0.739766	0.131143	0.289368
910	0.743985	0.12948	0.279264
911	0.751807	0.124722	0.267846
912	0.75745	0.121602	0.252193
913	0.762264	0.119929	0.239715
914	0.765885	0.11824	0.229432
915	0.773924	0.114041	0.218719
916	0.779371	0.110402	0.208211
917	0.783153	0.107981	0.202741
918	0.783559	0.109221	0.201528
919	0.786932	0.108275	0.201624
920	0.789366	0.106322	0.198364
921	0.789396	0.106677	0.198834
922	0.794585	0.104791	0.19907
923	0.794912	0.104658	0.197584
924	0.795416	0.104489	0.19734
925	0.794925	0.105025	0.195923
926	0.798995	0.103206	0.193439
927	0.80396	0.100991	0.193354
928	0.803188	0.101509	0.197845
929	0.801116	0.102181	0.197387
930	0.800203	0.103069	0.197302
931	0.806649	0.100879	0.191496
932	0.807709	0.100701	0.195652
933	0.805651	0.102232	0.19738
934	0.806512	0.100504	0.196613
935	0.807926	0.0998964	0.198594
936	0.806427	0.100852	0.199305
937	0.804105	0.102221	0.199991
938	0.815069	0.098547	0.198564
939	0.815896	0.0975716	0.195335
940	0.813958	0.0998231	0.198574
941	0.817675	0.0973578	0.194625
942	0.813051	0.100009	0.200026
943	0.810962	0.101322	0.200503
944	0.813282	0.0991031	0.197114
945	0.816402	0.0978208	0.191937
946	0.811824	0.100303	0.195401
947	0.811337	0.100316	0.199569
948	0.809759	0.100312	0.200129
949	0.811726	0.0986285	0.19178
950	0.823393	0.0967585	0.195603
951	0.825994	0.0961978	0.191026
952	0.826561	0.0958982	0.19832
953	0.826943	0.0951241	0.195766
954	0.8268	0.0941444	0.190295
955	0.826747	0.0940723	0.191125
956	0.825615	0.0952994	0.198172
957	0.826659	0.0950928	0.195532
958	0.8244	0.0958737	0.192747
959	0.821519	0.0970449	0.198116
960	0.821144	0.0977427	0.198519
960	0.821144	0.0977427	0.198519
961	0.821773	0.0979346	0.202017
962	0.821228	0.0971512	0.195478
963	0.818694	0.0985803	0.197866
964	0.82037	0.0972731	0.194921
965	0.821224	0.0982549	0.198079
966	0.819773	0.0970686	0.196653
967	0.819377	0.0979773	0.196525
968	0.820114	0.0980506	0.198265
969	0.819508	0.0981489	0.198926
970	0.818083	0.0983014	0.198916
971	0.815125	0.100637	0.200309
972	0.814163	0.101045	0.202998
973	0.843774	0.0902195	0.196918
974	0.844766	0.0898614	0.198594
975	0.843844	0.0908201	0.203247
976	0.843678	0.0903903	0.200049
977	0.844376	0.09016	0.190763
978	0.845627	0.0891884	0.195535
979	0.844769	0.0889155	0.190555
980	0.842707	0.0910489	0.190668
981	0.842201	0.0903536	0.191694
982	0.843076	0.0902787	0.191121
983	0.839931	0.0919709	0.19765
984	0.841027	0.0912299	0.194417
985	0.838705	0.0920413	0.192431
986	0.838763	0.09287	0.195124
987	0.839705	0.0917127	0.194454
988	0.838842	0.0925011	0.19535
989	0.841811	0.0897456	0.196003
990	0.834854	0.0937627	0.199954
991	0.834604	0.0938549	0.203466
992	0.835133	0.0935284	0.198222
993	0.83673	0.0928669	0.203057
994	0.833899	0.0940657	0.202757
995	0.832677	0.0949015	0.203326
996	0.833825	0.0939251	0.205451
997	0.833676	0.0936229	0.200521
998	0.831765	0.0955859	0.199524
999	0.830549	0.0963869	0.200095
1000	0.830501	0.0958403	0.202885
1001	0.832908	0.09399	0.198851
1002	0.833608	0.0945402	0.198231
1003	0.829921	0.0958361	0.197498
1004	0.828539	0.0969338	0.20345
1005	0.825195	0.0993041	0.203609
1006	0.826312	0.0981322	0.198066
1007	0.826737	0.0978439	0.201443
1008	0.824381	0.0995813	0.204848
1009	0.826144	0.0982891	0.200836
1010	0.827491	0.0959099	0.199622
1011	0.82618	0.0970984	0.199573
1012	0.822057	0.100824	0.206925
1013	0.823586	0.0983641	0.204843
1014	0.824818	0.0983592	0.203921
1015	0.823903	0.0987549	0.201894
1016	0.822728	0.0985389	0.202367
1017	0.821338	0.0996139	0.202422
1018	0.82009	0.100152	0.203801
1019	0.820998	0.0992236	0.20696
1020	0.821482	0.0997048	0.19879
1021	0.822225	0.0975465	0.198258
1022	0.821921	0.0993532	0.19719
1023	0.820235	0.0999757	0.200085
1024	0.818806	0.100939	0.202011
1025	0.81856	0.099958	0.202222
1026	0.864818	0.0833253	0.187631
1027	0.878671	0.0785076	0.189106
1028	0.878193	0.0782509	0.192812
1029	0.878873	0.0782298	0.189144
1030	0.879458	0.0772498	0.190668
1031	0.879066	0.0775122	0.194723
1032	0.878807	0.0779019	0.192432
1033	0.877569	0.0786929	0.191239
1034	0.874188	0.0804064	0.19672
1035	0.876342	0.0791519	0.190389
1036	0.877086	0.0782278	0.192476
1037	0.874633	0.0798765	0.197967
1038	0.875555	0.0795627	0.194833
1039	0.873737	0.0804564	0.193616
1040	0.872698	0.0813339	0.198468
1041	0.874344	0.0803975	0.199687
1042	0.871942	0.081379	0.200462
1043	0.872233	0.0811809	0.197724
1044	0.87168	0.0812361	0.20055
1045	0.872045	0.0814013	0.198499
1046	0.870126	0.0828252	0.201473
1047	0.8701	0.0824236	0.200308
1048	0.871222	0.0815602	0.197521
1049	0.868636	0.0838736	0.198802
1050	0.869387	0.0830215	0.199182
1051	0.869489	0.081682	0.196387
1052	0.870676	0.0816292	0.192259
1053	0.868962	0.0823294	0.192079
1054	0.866471	0.0846259	0.193236
1055	0.868136	0.0836076	0.195376
1056	0.868991	0.0820493	0.193487
1057	0.868103	0.082988	0.196165
1058	0.868853	0.0835421	0.195373
1059	0.867063	0.0839056	0.196085
1060	0.867913	0.0836791	0.198798
1061	0.865448	0.0846622	0.200987
1062	0.863568	0.0862667	0.203768
1063	0.863732	0.0865382	0.200902
1064	0.865165	0.0851472	0.200157
1065	0.863691	0.086225	0.201713
1066	0.864912	0.0848401	0.197241
1067	0.863771	0.0856344	0.198699
1068	0.863554	0.0856633	0.197011
1069	0.861471	0.0859558	0.196923
1070	0.860683	0.0873739	0.197889
1071	0.862113	0.0861387	0.197815
1072	0.86136	0.0856164	0.194077
1073	0.859337	0.0885118	0.201264
1074	0.860477	0.0871903	0.202511
1075	0.857577	0.0894266	0.206518
1076	0.857114	0.0896189	0.207085
1077	0.857696	0.0882348	0.20781
1078	0.857472	0.088944	0.203591
1079	0.857874	0.087974	0.201838
1080	0.855803	0.0896552	0.204805
1081	0.856869	0.0893618	0.198198
1082	0.855018	0.0906863	0.206346
1083	0.852723	0.0921965	0.207885
1084	0.855339	0.0895715	0.204522
1085	0.852416	0.0914641	0.207239
1086	0.855873	0.0896029	0.203169
1087	0.856231	0.0882733	0.200838
1088	0.85402	0.0903312	0.20515
1089	0.85063	0.092448	0.212641
1090	0.853715	0.0904155	0.203394
1091	0.851727	0.0910003	0.202165
1092	0.849322	0.0927857	0.200581
1093	0.85078	0.0914171	0.198837
1094	0.848181	0.094133	0.207553
1095	0.848141	0.0936382	0.206563
1096	0.847469	0.0937705	0.209125
1097	0.848619	0.0926764	0.210115
1098	0.847845	0.0938787	0.204403
1099	0.849725	0.0917808	0.202794
1100	0.848763	0.0930807	0.205887
1101	0.847836	0.0929138	0.207309
1102	0.846106	0.0950135	0.206662
1103	0.847122	0.0937844	0.204434
1104	0.84508	0.0941349	0.203835
1105	0.846309	0.093175	0.207674
1106	0.842652	0.0959974	0.205779
1107	0.840744	0.0970952	0.209442
1108	0.843395	0.0958828	0.209748
1109	0.842702	0.0954187	0.21113
1110	0.841687	0.0966621	0.217799
1111	0.840339	0.0971401	0.220698
1112	0.842286	0.0961495	0.215773
1113	0.839807	0.0971707	0.216757
1114	0.837699	0.0987508	0.212903
1115	0.839524	0.0977693	0.211674
1116	0.840983	0.0961665	0.216538
1117	0.839696	0.0965075	0.212839
1118	0.838032	0.0977387	0.217971
1119	0.838555	0.0981261	0.212376
1120	0.838819	0.0967176	0.213113
1121	0.83574	0.098729	0.215743
1122	0.835384	0.098225	0.208474
1123	0.83739	0.0977853	0.213301
1124	0.833794	0.0996637	0.210644
1125	0.833587	0.100513	0.209051
1126	0.83405	0.0999765	0.211258
1127	0.832384	0.100479	0.21385
1128	0.833791	0.099078	0.210345
1129	0.832491	0.100937	0.216144
1130	0.831756	0.1005	0.214722
1131	0.8308	0.101799	0.214766
1132	0.832118	0.0999714	0.212262
1133	0.830984	0.101909	0.213201
1134	0.829846	0.102317	0.216567
1135	0.828577	0.103113	0.21817
1136	0.827419	0.103167	0.215146
1137	0.827788	0.102779	0.21984
1138	0.827748	0.102893	0.2154
1139	0.828267	0.102306	0.220321
1140	0.825466	0.104209	0.218151
1141	0.825415	0.104687	0.213904
1142	0.826181	0.102644	0.213559
1143	0.827176	0.102689	0.215393
1144	0.829208	0.101449	0.212379
1145	0.826191	0.102468	0.210169
1146	0.824532	0.103783	0.212457
1147	0.824155	0.104552	0.215258
1148	0.823122	0.105187	0.220412
1149	0.825227	0.102992	0.217359
1150	0.82261	0.105321	0.219659
1151	0.822503	0.105446	0.216356
1152	0.821358	0.105603	0.217253
1153	0.820983	0.105607	0.216175
1154	0.819405	0.106143	0.218115
1155	0.818755	0.106155	0.213172
1156	0.819093	0.106548	0.214515
1157	0.817509	0.107728	0.220742
1158	0.820418	0.10543	0.216513
1159	0.819321	0.104441	0.216192
1160	0.819915	0.104934	0.217366
1161	0.816148	0.107507	0.220005
1162	0.812771	0.109324	0.222229
1163	0.815084	0.109323	0.219303
1164	0.812877	0.109604	0.224126
1165	0.811233	0.110761	0.224625
1166	0.812531	0.110135	0.22592
1167	0.811898	0.109626	0.223742
1168	0.814913	0.108795	0.221789
1169	0.81425	0.107223	0.219684
1170	0.813651	0.107933	0.219401
1171	0.811585	0.10985	0.22063
1172	0.812713	0.108446	0.217083
1173	0.810042	0.110435	0.219251
1174	0.807153	0.112256	0.224526
1175	0.809789	0.110366	0.220254
1176	0.80984	0.109867	0.219183
1177	0.809699	0.109636	0.220808
1178	0.807348	0.112016	0.222173
1179	0.805179	0.113212	0.222928
1180	0.806714	0.111472	0.222587
1181	0.807209	0.111557	0.217628
1182	0.806374	0.111965	0.215456
1183	0.804079	0.112745	0.218077
1184	0.804209	0.113102	0.229121
1185	0.804077	0.112011	0.225675
1186	0.805531	0.110136	0.220813
1187	0.80666	0.111363	0.217851
1188	0.802833	0.112475	0.220655
1189	0.801126	0.113938	0.219517
1190	0.801465	0.114066	0.223091
1191	0.800374	0.115076	0.225921
1192	0.799253	0.115404	0.220168
1193	0.801176	0.11298	0.21376
1194	0.797302	0.11486	0.220524
1195	0.799755	0.113811	0.223137
1196	0.799964	0.11365	0.220336
1197	0.800059	0.11363	0.221387
1198	0.79634	0.115919	0.224765
1199	0.795651	0.117204	0.228193
1200	0.794118	0.117266	0.225622
1201	0.795245	0.117205	0.224728
1202	0.795645	0.116021	0.224288
1203	0.793826	0.116974	0.226576
1204	0.793167	0.118681	0.225648
1205	0.793605	0.117267	0.222817
1206	0.792457	0.118518	0.228533
1207	0.794128	0.116923	0.227506
1208	0.793211	0.117214	0.221656
1209	0.794637	0.116106	0.222154
1210	0.790589	0.119417	0.222198
1211	0.791621	0.117488	0.21865
1212	0.795493	0.114982	0.218652
1213	0.791553	0.117678	0.222717
1214	0.792295	0.117073	0.216953
1215	0.792493	0.116535	0.219648
1216	0.951882	0.0369675	0.153882
1217	0.99546	0.00436562	0.180529
1218	0.996438	0.00341923	0.141781
1219	0.99709	0.00278716	0.11191
1220	0.997567	0.00232548	0.0892181
1221	0.997926	0.00197808	0.0719347
1222	0.998203	0.00171112	0.0586577
1223	0.99842	0.00150092	0.048744
1224	0.998595	0.00133286	0.0409999
1225	0.998737	0.00119592	0.0349464
1226	0.998855	0.00108242	0.0301855
1227	0.998954	0.000987819	0.0261675
1228	0.999038	0.000906917	0.0230302
1229	0.999111	0.000837446	0.0204292
1230	0.999174	0.000777122	0.0182692
1231	0.999229	0.000724361	0.0164405
1232	0.999278	0.000677933	0.0148637
1233	0.999322	0.00063662	0.0135275
1234	0.99936	0.000599787	0.0123561
1235	0.999395	0.000566519	0.0113664
1236	0.999427	0.000536363	0.0105151
1237	0.999456	0.000509188	0.00973333
1238	0.999482	0.000484353	0.00905078
1239	0.999506	0.000461622	0.00844427
1240	0.999528	0.000440885	0.00788158
1241	0.999548	0.000421651	0.00739453
1242	0.999567	0.000403934	0.0069472
1243	0.999584	0.000387502	0.00654364
1244	0.9996	0.00037218	0.00618365
1245	0.999615	0.000358038	0.00583913
1246	0.999629	0.000344602	0.00555155
1247	0.999643	0.000332013	0.00527973
1248	0.999655	0.000320419	0.00501182
1249	0.999667	0.000309393	0.00478419
1250	0.999678	0.000299065	0.00456286
1251	0.999688	0.000289376	0.00435771
1252	0.999698	0.00028022	0.0041684
1253	0.999707	0.000271503	0.00399825
1254	0.999716	0.000263286	0.00383596
1255	0.999724	0.00025555	0.00367799
1256	0.999732	0.000248151	0.00353698
1257	0.999739	0.000241188	0.00339766
1258	0.999746	0.000234512	0.00327186
1259	0.999753	0.00022813	0.00315576
1260	0.99976	0.000221998	0.00304378
1261	0.999766	0.000216236	0.00293564
1262	0.999772	0.000210742	0.0028334
1263	0.999777	0.000205499	0.00273558
1264	0.999783	0.000200425	0.00264485
1265	0.999788	0.000195616	0.00255784
1266	0.999793	0.000190957	0.00247892
1267	0.999798	0.000186552	0.00239844
1268	0.999802	0.000182295	0.00232449
1269	0.999806	0.000178184	0.00225571
1270	0.999811	0.000174232	0.00219006
1271	0.999815	0.000170462	0.00212506
1272	0.999819	0.000166792	0.00206602
1273	0.999822	0.000163288	0.00200733
1274	0.999826	0.000159892	0.00195262
1275	0.99983	0.000156577	0.00190296
1276	0.999833	0.000153417	0.00185265
1277	0.999836	0.000150376	0.00180311
1278	0.999839	0.000147394	0.00175938
1279	0.999843	0.000144547	0.00171486
1280	0.999846	0.000141767	0.00167388
1281	0.999848	0.000139104	0.00163271
1282	0.999851	0.000136522	0.00159308
1283	0.999854	0.000133924	0.00155882
1284	0.999857	0.000131505	0.00152199
1285	0.999859	0.000129223	0.00148229
1286	0.999861	0.000126922	0.00145021
1287	0.999864	0.0001247	0.00141825
1288	0.999866	0.000122579	0.00138497
1289	0.999868	0.000120489	0.0013552
1290	0.999871	0.000118451	0.00132691
1291	0.999873	0.000116435	0.00129812
1292	0.999875	0.000114522	0.0012708
1293	0.999877	0.000112653	0.00124439
1294	0.999879	0.000110849	0.00121878
1295	0.999881	0.000109093	0.00119357
1296	0.999883	0.000107384	0.00116958
1297	0.999884	0.000105709	0.00114633
1298	0.999886	0.000104069	0.00112301
1299	0.999888	0.00010246	0.00110304
1300	0.99989	0.000100917	0.00108218
