600	0.198856	0.414506	0.19101
601	0.198627	0.412682	0.190944
602	0.198671	0.412672	0.190851
603	0.199112	0.415065	0.19109
604	0.198669	0.412653	0.1908
605	0.199279	0.412552	0.191281
606	0.199703	0.412683	0.191649
607	0.200162	0.412811	0.192087
608	0.200915	0.412358	0.192821
609	0.200664	0.411511	0.192505
610	0.20129	0.410619	0.193107
611	0.201647	0.410956	0.193373
612	0.201783	0.410149	0.193479
613	0.20213	0.410448	0.193943
614	0.201961	0.409625	0.193647
615	0.202063	0.40825	0.19383
616	0.202662	0.41024	0.194212
617	0.202802	0.408023	0.194546
618	0.203644	0.409007	0.195149
619	0.203563	0.407603	0.195002
620	0.203888	0.407594	0.195333
621	0.20421	0.407525	0.195644
622	0.204742	0.407593	0.196249
623	0.204581	0.407753	0.195896
624	0.205204	0.408331	0.196443
625	0.204928	0.405873	0.19621
626	0.205142	0.406525	0.196245
627	0.205157	0.405143	0.196506
628	0.206064	0.405699	0.197266
629	0.20622	0.404676	0.197268
630	0.206273	0.403102	0.197317
631	0.206842	0.403412	0.197895
632	0.207388	0.403311	0.19834
633	0.207908	0.403322	0.198709
634	0.208339	0.40277	0.199216
635	0.208262	0.401247	0.199026
636	0.209469	0.402216	0.200142
637	0.209265	0.400916	0.199831
638	0.210126	0.40085	0.200716
639	0.210704	0.40106	0.201278
640	0.210223	0.399195	0.200916
641	0.210305	0.398606	0.200928
642	0.211003	0.400193	0.201383
643	0.212071	0.400866	0.202422
644	0.21235	0.398952	0.202851
645	0.212465	0.397654	0.202965
646	0.212672	0.398448	0.202982
647	0.212963	0.397915	0.20325
648	0.21342	0.397714	0.203726
649	0.213729	0.397017	0.204077
650	0.213802	0.396366	0.203853
651	0.214271	0.396328	0.204206
652	0.214772	0.394683	0.204951
653	0.215209	0.395695	0.205179
654	0.215907	0.394987	0.205957
655	0.216531	0.395526	0.206276
656	0.217016	0.393637	0.206836
657	0.217689	0.393809	0.207363
658	0.218386	0.394337	0.208028
659	0.217931	0.392174	0.207754
660	0.218155	0.392438	0.207976
661	0.218427	0.393542	0.207913
662	0.219388	0.393492	0.208965
663	0.219392	0.393596	0.208787
664	0.219809	0.395118	0.208881
665	0.2204	0.392751	0.209788
666	0.220584	0.392424	0.209672
667	0.221929	0.392431	0.211061
668	0.221783	0.390567	0.210867
669	0.222648	0.389994	0.21185
670	0.222684	0.389349	0.21176
671	0.224509	0.391028	0.213359
672	0.224172	0.389633	0.213024
673	0.224375	0.388516	0.213023
674	0.225841	0.390014	0.214388
675	0.225951	0.388812	0.214732
676	0.226667	0.388586	0.215047
677	0.226797	0.387103	0.215311
678	0.227409	0.386973	0.215634
679	0.227919	0.386527	0.216185
680	0.228645	0.386299	0.216912
681	0.229826	0.386268	0.21793
682	0.229761	0.385323	0.217943
683	0.229856	0.385448	0.217907
684	0.230794	0.385061	0.218836
685	0.231649	0.3847	0.219682
686	0.231753	0.38415	0.219752
687	0.232749	0.384012	0.220426
688	0.232915	0.381864	0.220775
689	0.234926	0.383783	0.222471
690	0.234127	0.381946	0.221687
691	0.234418	0.380711	0.222117
692	0.236017	0.381219	0.223371
693	0.236795	0.381314	0.22408
694	0.237744	0.381186	0.224762
695	0.237895	0.380113	0.225094
696	0.238839	0.378705	0.226032
697	0.239897	0.379147	0.226934
698	0.241681	0.380327	0.228315
699	0.242393	0.37963	0.229014
700	0.242347	0.37808	0.228988
701	0.242957	0.379049	0.229262
702	0.243619	0.3766	0.230103
703	0.244508	0.377637	0.230564
704	0.245575	0.376882	0.231583
705	0.245581	0.375031	0.231691
706	0.246547	0.375662	0.232444
707	0.248459	0.375782	0.233935
708	0.249139	0.375591	0.234582
709	0.248207	0.373198	0.233945
710	0.249589	0.372236	0.23562
711	0.25128	0.374489	0.236666
712	0.251705	0.374328	0.236904
713	0.252682	0.372585	0.237921
714	0.252986	0.372142	0.23785
715	0.255073	0.372713	0.239955
716	0.255143	0.371606	0.239707
717	0.256372	0.372269	0.240652
718	0.256859	0.37058	0.241316
719	0.257713	0.370225	0.242201
720	0.258868	0.370889	0.243148
721	0.259712	0.370727	0.243764
722	0.259864	0.369287	0.243909
723	0.261527	0.370063	0.245424
724	0.26232	0.369331	0.24595
725	0.263721	0.368577	0.247503
726	0.26398	0.366074	0.24785
727	0.264869	0.366278	0.248197
728	0.265872	0.365459	0.249181
729	0.266912	0.365483	0.250052
730	0.268796	0.365169	0.251662
731	0.26871	0.364587	0.251163
732	0.270155	0.364502	0.252456
733	0.270848	0.363465	0.253145
734	0.271882	0.362952	0.253822
735	0.273837	0.362338	0.256003
736	0.274602	0.363796	0.25609
737	0.276241	0.363078	0.257732
738	0.276645	0.362036	0.257718
739	0.278175	0.361579	0.259334
740	0.278256	0.360805	0.258872
741	0.280672	0.361593	0.261293
742	0.2804	0.359142	0.260846
743	0.28194	0.358423	0.262398
744	0.283091	0.358457	0.263468
745	0.283751	0.357092	0.264206
746	0.284099	0.356357	0.26414
747	0.286176	0.356587	0.266184
748	0.287223	0.357152	0.266593
749	0.288463	0.357679	0.267409
750	0.288929	0.354174	0.268677
751	0.290135	0.354948	0.269374
752	0.29135	0.354919	0.270052
753	0.291777	0.354485	0.270271
754	0.293155	0.353754	0.271851
755	0.293646	0.352725	0.272117
756	0.294468	0.351566	0.272674
757	0.295711	0.351239	0.274
758	0.297109	0.351204	0.274821
759	0.298473	0.349247	0.276763
760	0.299437	0.349823	0.277026
761	0.300872	0.348558	0.278552
762	0.302197	0.349095	0.279036
763	0.30318	0.347739	0.280252
764	0.3045	0.347241	0.280933
765	0.306508	0.346953	0.282584
766	0.306692	0.344999	0.283071
767	0.308373	0.34629	0.284472
768	0.309442	0.346148	0.284722
769	0.310713	0.343957	0.286205
770	0.312144	0.343835	0.287304
771	0.312582	0.343251	0.287324
772	0.313802	0.343287	0.288484
773	0.315294	0.342852	0.289624
774	0.316039	0.342444	0.29025
775	0.317155	0.34192	0.29084
776	0.319182	0.342164	0.2928
777	0.320647	0.339875	0.294266
778	0.32149	0.339271	0.294909
779	0.323606	0.340489	0.29626
780	0.324731	0.339066	0.297225
781	0.324926	0.337197	0.296738
782	0.3271	0.337287	0.298666
783	0.328096	0.338072	0.299297
784	0.329466	0.336382	0.300508
785	0.331422	0.334363	0.302408
786	0.332974	0.335654	0.302876
787	0.334127	0.335185	0.303843
788	0.335824	0.333532	0.305314
789	0.337252	0.332407	0.306676
790	0.339322	0.332948	0.308163
791	0.340666	0.33143	0.309681
792	0.343522	0.330759	0.312345
793	0.342903	0.32864	0.31139
794	0.345395	0.330575	0.312399
795	0.348171	0.328751	0.314644
796	0.348917	0.327415	0.315399
797	0.350755	0.325227	0.317336
798	0.352367	0.325083	0.318185
799	0.354463	0.325098	0.320079
800	0.356161	0.324104	0.320499
801	0.357631	0.322459	0.322397
802	0.358598	0.322303	0.323056
803	0.3611	0.320743	0.324747
804	0.362879	0.31936	0.326213
805	0.364528	0.319664	0.327318
806	0.366731	0.319871	0.328156
807	0.367611	0.318938	0.328099
808	0.369777	0.317539	0.330556
809	0.37116	0.317448	0.331207
810	0.372807	0.31573	0.332849
811	0.375236	0.314664	0.334662
812	0.378564	0.314548	0.337492
813	0.378937	0.312842	0.33639
814	0.382916	0.311859	0.339767
815	0.385567	0.310194	0.342125
816	0.38565	0.309869	0.340843
817	0.388299	0.307687	0.344711
818	0.390229	0.307522	0.34512
819	0.392793	0.307607	0.346647
820	0.393571	0.305922	0.346947
821	0.396578	0.305334	0.349565
822	0.39915	0.305163	0.351147
823	0.400129	0.303659	0.351494
824	0.401723	0.300976	0.353143
825	0.405124	0.300267	0.35454
826	0.407197	0.30047	0.355439
827	0.410193	0.299193	0.358199
828	0.412319	0.297224	0.359373
829	0.415501	0.29587	0.36133
830	0.416356	0.295654	0.360698
831	0.418397	0.294141	0.362972
832	0.420518	0.292877	0.364397
833	0.422986	0.292874	0.365211
834	0.425039	0.291042	0.366853
835	0.427521	0.290109	0.368361
836	0.428526	0.289686	0.367646
837	0.433058	0.288746	0.371268
838	0.434977	0.286638	0.372979
839	0.438092	0.285789	0.374636
840	0.438371	0.282773	0.376513
841	0.441947	0.284698	0.376828
842	0.443803	0.282197	0.377254
843	0.446142	0.281776	0.37745
844	0.447236	0.279102	0.377692
845	0.452609	0.279097	0.380516
846	0.454313	0.276693	0.380593
847	0.458473	0.274108	0.3841
848	0.461244	0.273506	0.385296
849	0.464542	0.270618	0.387683
850	0.468073	0.270815	0.388026
851	0.469469	0.267843	0.387921
852	0.473705	0.266282	0.391569
853	0.475704	0.264516	0.392241
854	0.479996	0.261477	0.394869
855	0.481647	0.262893	0.391567
856	0.486946	0.259375	0.396685
857	0.488393	0.260069	0.394234
858	0.492976	0.257214	0.397754
859	0.497307	0.255067	0.400973
860	0.497921	0.254518	0.397463
861	0.502619	0.251973	0.402425
862	0.505945	0.249702	0.403979
863	0.50923	0.247317	0.403891
864	0.511863	0.246532	0.401884
865	0.515998	0.243286	0.404216
866	0.519487	0.242061	0.405258
867	0.523005	0.242826	0.402578
868	0.527421	0.240582	0.406607
869	0.531647	0.238095	0.40705
870	0.533671	0.237319	0.406346
871	0.538884	0.233873	0.409885
872	0.542088	0.231165	0.410436
873	0.546501	0.229733	0.41216
874	0.546866	0.22856	0.40678
875	0.553421	0.226855	0.412139
876	0.557075	0.224437	0.409433
877	0.560095	0.222851	0.408309
878	0.563827	0.22035	0.40851
879	0.569344	0.21744	0.410878
880	0.574047	0.214422	0.409131
881	0.577752	0.212905	0.409449
882	0.579903	0.212367	0.407856
883	0.584215	0.209476	0.404596
884	0.58994	0.205974	0.405894
885	0.59383	0.203906	0.401364
886	0.598929	0.202029	0.401219
887	0.604284	0.197246	0.403335
888	0.606362	0.196141	0.398792
889	0.612877	0.19451	0.399117
890	0.617163	0.192153	0.395826
891	0.623986	0.187451	0.396564
892	0.625962	0.187281	0.393811
893	0.630154	0.185555	0.387521
894	0.634724	0.182962	0.388777
895	0.639649	0.179356	0.38447
896	0.644269	0.177168	0.382651
897	0.649938	0.174652	0.377139
898	0.652481	0.171064	0.372155
899	0.656616	0.170464	0.365525
900	0.663548	0.166636	0.361141
901	0.670807	0.163361	0.35551
902	0.675467	0.16081	0.352352
903	0.679864	0.159079	0.34562
904	0.684376	0.15524	0.339785
905	0.690418	0.151243	0.328054
906	0.694238	0.151116	0.320306
907	0.699283	0.147719	0.313275
908	0.706375	0.142935	0.304977
909	0.713192	0.140191	0.301488
910	0.718294	0.138374	0.290723
911	0.723754	0.134859	0.276743
912	0.730861	0.131067	0.266038
913	0.734654	0.127606	0.251009
914	0.741125	0.125152	0.23546
915	0.750128	0.121485	0.223117
916	0.751258	0.119787	0.217293
917	0.755672	0.119827	0.209619
918	0.762173	0.115721	0.204317
919	0.766095	0.113741	0.196781
920	0.76609	0.114683	0.205387
921	0.768559	0.113172	0.203901
922	0.772261	0.111543	0.199619
923	0.774587	0.110791	0.201554
924	0.775699	0.110619	0.196939
925	0.774809	0.111239	0.200322
926	0.776102	0.110935	0.200328
927	0.783344	0.108067	0.200679
928	0.78373	0.106349	0.191886
929	0.781755	0.108877	0.19867
930	0.781673	0.109029	0.201438
931	0.788702	0.105986	0.192847
932	0.787613	0.10819	0.197911
933	0.786157	0.108259	0.202168
934	0.789349	0.107582	0.198647
935	0.786698	0.107841	0.199035
936	0.785261	0.10817	0.199332
937	0.785319	0.108078	0.194164
938	0.795933	0.105316	0.200933
939	0.800176	0.103434	0.195198
940	0.798861	0.103713	0.193805
941	0.800095	0.103582	0.197583
942	0.799523	0.104347	0.195954
943	0.79815	0.103845	0.197046
944	0.794538	0.10596	0.201091
945	0.792741	0.106858	0.202669
946	0.79532	0.105153	0.198195
947	0.793334	0.10532	0.201406
948	0.792923	0.106873	0.20192
949	0.790496	0.107511	0.200296
950	0.807717	0.100186	0.193361
951	0.813869	0.09914	0.194213
952	0.812895	0.0989462	0.191172
953	0.809514	0.10167	0.191105
954	0.809536	0.100079	0.194154
955	0.809365	0.100224	0.194979
956	0.80739	0.102365	0.197968
957	0.807185	0.10199	0.194265
958	0.807573	0.101804	0.192384
959	0.805883	0.102419	0.198057
960	0.806345	0.103116	0.197441
960	0.806345	0.103116	0.197441
961	0.805646	0.102505	0.198434
962	0.806584	0.101543	0.196554
963	0.801562	0.10396	0.198807
964	0.801159	0.104792	0.201181
965	0.804047	0.102436	0.198896
966	0.802687	0.103315	0.202714
967	0.799453	0.10518	0.201929
968	0.79991	0.104419	0.203274
969	0.800922	0.103925	0.204139
970	0.798976	0.105338	0.200228
971	0.797372	0.106304	0.202899
972	0.797906	0.105551	0.199563
973	0.829791	0.0944376	0.198097
974	0.833814	0.0937337	0.194902
975	0.829962	0.0950203	0.194179
976	0.828862	0.0961912	0.200514
977	0.825498	0.098577	0.201419
978	0.826217	0.0973783	0.195535
979	0.826794	0.0970437	0.199241
980	0.82434	0.0990276	0.201911
981	0.826203	0.0975712	0.198359
982	0.827491	0.0951021	0.196207
983	0.82559	0.0971328	0.195487
984	0.821831	0.10036	0.203871
985	0.823848	0.0977721	0.202063
986	0.824491	0.097746	0.200125
987	0.82276	0.0985866	0.199149
988	0.822986	0.098452	0.195541
989	0.820626	0.0998012	0.200749
990	0.82009	0.0998383	0.20493
991	0.821156	0.0983659	0.20106
992	0.822185	0.0980314	0.194217
993	0.821143	0.0979442	0.193753
994	0.821413	0.0985024	0.19796
995	0.818831	0.0994032	0.200647
996	0.818439	0.0998854	0.195452
997	0.818993	0.0998695	0.196485
998	0.817681	0.100337	0.196715
999	0.816437	0.100602	0.198864
1000	0.815359	0.101199	0.197411
1001	0.815901	0.100914	0.196316
1002	0.81556	0.100949	0.198935
1003	0.81512	0.100834	0.198602
1004	0.814712	0.100456	0.197669
1005	0.810101	0.103599	0.201552
1006	0.810804	0.101688	0.197082
1007	0.811058	0.102552	0.201457
1008	0.810145	0.103215	0.198939
1009	0.811455	0.102682	0.197025
1010	0.808739	0.103658	0.200903
1011	0.808115	0.103648	0.202271
1012	0.809239	0.10356	0.204897
1013	0.804912	0.105774	0.207369
1014	0.807254	0.104325	0.204635
1015	0.805315	0.105045	0.20111
1016	0.805725	0.104032	0.202055
1017	0.804467	0.106031	0.208032
1018	0.804855	0.104976	0.20478
1019	0.803973	0.105025	0.204801
1020	0.802076	0.106663	0.204568
1021	0.802248	0.106139	0.206357
1022	0.801338	0.105807	0.201686
1023	0.803612	0.105248	0.198475
1024	0.800446	0.106099	0.203157
1025	0.800281	0.107425	0.200285
1026	0.851877	0.0892334	0.191808
1027	0.868431	0.0822024	0.190959
1028	0.868849	0.0819087	0.191685
1029	0.867672	0.0830263	0.193809
1030	0.867538	0.083098	0.193444
1031	0.865731	0.084122	0.199234
1032	0.864746	0.0846415	0.196177
1033	0.863708	0.0859015	0.202495
1034	0.864239	0.0857235	0.19767
1035	0.864135	0.085812	0.199111
1036	0.863669	0.0851969	0.196511
1037	0.864405	0.0844039	0.197181
1038	0.863201	0.0855093	0.196121
1039	0.861804	0.0850445	0.194965
1040	0.861061	0.0861031	0.193273
1041	0.861271	0.086054	0.196037
1042	0.86227	0.0849754	0.191257
1043	0.859199	0.0879689	0.197779
1044	0.860428	0.0870793	0.199395
1045	0.859054	0.0873902	0.20321
1046	0.856534	0.0895771	0.205487
1047	0.857812	0.0876451	0.204813
1048	0.857565	0.0881995	0.201762
1049	0.857761	0.087458	0.19949
1050	0.85572	0.0891339	0.20252
1051	0.856775	0.0889838	0.195399
1052	0.854782	0.0902523	0.204575
1053	0.853143	0.0910996	0.205833
1054	0.854987	0.0891171	0.202466
1055	0.853063	0.0910802	0.203938
1056	0.855889	0.0886327	0.202779
1057	0.856331	0.0881055	0.197754
1058	0.853327	0.0900262	0.203016
1059	0.851468	0.0908392	0.211163
1060	0.853402	0.0902971	0.199832
1061	0.850777	0.0907657	0.197173
1062	0.849462	0.0919485	0.198652
1063	0.850128	0.0924118	0.201009
1064	0.847891	0.0939233	0.206096
1065	0.849061	0.0926002	0.200683
1066	0.848521	0.0920168	0.207555
1067	0.848289	0.0931753	0.206471
1068	0.848731	0.0921967	0.203866
1069	0.849185	0.0921351	0.199354
1070	0.848791	0.0920245	0.200949
1071	0.846602	0.0934772	0.205964
1072	0.848059	0.0925621	0.201517
1073	0.844289	0.0942004	0.205162
1074	0.846344	0.0935284	0.201377
1075	0.843441	0.0950516	0.201483
1076	0.840869	0.0957676	0.208361
1077	0.843166	0.0952113	0.207637
1078	0.842888	0.0943799	0.208071
1079	0.841054	0.0962299	0.213546
1080	0.840852	0.096243	0.219431
1081	0.842107	0.0953455	0.21436
1082	0.839847	0.096499	0.214554
1083	0.83789	0.0978157	0.211432
1084	0.839157	0.0975116	0.208851
1085	0.840923	0.0955821	0.214022
1086	0.83961	0.0959653	0.211006
1087	0.838011	0.0974595	0.214487
1088	0.838709	0.0971033	0.209373
1089	0.83825	0.0966574	0.209603
1090	0.835758	0.0982101	0.211805
1091	0.835837	0.0978047	0.204993
1092	0.837117	0.0974046	0.210376
1093	0.833436	0.099837	0.208767
1094	0.834004	0.0993272	0.208064
1095	0.833578	0.099668	0.212611
1096	0.83322	0.0992863	0.212901
1097	0.833633	0.099109	0.210066
1098	0.833105	0.0991496	0.210854
1099	0.831048	0.100504	0.21043
1100	0.830933	0.100326	0.209929
1101	0.831726	0.100294	0.211802
1102	0.830299	0.101363	0.211978
1103	0.828504	0.101983	0.217681
1104	0.827836	0.102404	0.213766
1105	0.827625	0.102927	0.212349
1106	0.827605	0.102374	0.217238
1107	0.82894	0.10108	0.21571
1108	0.826044	0.102972	0.218336
1109	0.825433	0.103776	0.213727
1110	0.826006	0.102637	0.211882
1111	0.827074	0.102238	0.210415
1112	0.82902	0.101129	0.208517
1113	0.82671	0.101768	0.206456
1114	0.824796	0.103296	0.208312
1115	0.824332	0.103972	0.213102
1116	0.82271	0.104812	0.216307
1117	0.824937	0.102335	0.214821
1118	0.822496	0.104882	0.216737
1119	0.822378	0.10501	0.213039
1120	0.821213	0.105076	0.214411
1121	0.820854	0.104969	0.212846
1122	0.819065	0.105726	0.2152
1123	0.818604	0.105453	0.209787
1124	0.819249	0.105651	0.211848
1125	0.817542	0.106963	0.217165
1126	0.820073	0.105087	0.213131
1127	0.820031	0.103417	0.21409
1128	0.818519	0.105518	0.213269
1129	0.815719	0.108041	0.215022
1130	0.812427	0.108843	0.219901
1131	0.814666	0.108902	0.217525
1132	0.812771	0.109598	0.221613
1133	0.810554	0.110414	0.22113
1134	0.812612	0.109736	0.22252
1135	0.813286	0.107362	0.219173
1136	0.813994	0.107425	0.218276
1137	0.812842	0.107691	0.215824
1138	0.81421	0.106844	0.216232
1139	0.810227	0.109945	0.214332
1140	0.813413	0.107328	0.214849
1141	0.806661	0.111598	0.218931
1142	0.808023	0.110419	0.221999
1143	0.810152	0.109452	0.215235
1144	0.810098	0.109083	0.216989
1145	0.808369	0.110803	0.216673
1146	0.804517	0.112087	0.220852
1147	0.806467	0.110493	0.219389
1148	0.80687	0.110451	0.216563
1149	0.805971	0.111071	0.210315
1150	0.80383	0.111881	0.214295
1151	0.804007	0.112395	0.22479
1152	0.803735	0.111408	0.223118
1153	0.805244	0.109501	0.218063
1154	0.80629	0.110561	0.215852
1155	0.802628	0.111798	0.217496
1156	0.80086	0.113156	0.216335
1157	0.801209	0.113419	0.220223
1158	0.800147	0.114237	0.223414
1159	0.798591	0.114342	0.218411
1160	0.801054	0.11202	0.210553
1161	0.796886	0.114026	0.217735
1162	0.799677	0.112823	0.219683
1163	0.799906	0.113065	0.21887
1164	0.798797	0.113799	0.218238
1165	0.795307	0.116324	0.22281
1166	0.793736	0.117276	0.224352
1167	0.793775	0.117485	0.223413
1168	0.794632	0.115961	0.222564
1169	0.795096	0.115368	0.219053
1170	0.792643	0.117497	0.220771
1171	0.793022	0.116954	0.221417
1172	0.793618	0.116538	0.223447
1173	0.790227	0.118365	0.223805
1174	0.793707	0.115862	0.220241
1175	0.792057	0.11634	0.220929
1176	0.791157	0.117373	0.220428
1177	0.788923	0.118362	0.219135
1178	0.79161	0.115857	0.222572
1179	0.790461	0.117073	0.220888
1180	0.789305	0.117526	0.220656
1181	0.787817	0.117373	0.223126
1182	0.78712	0.118531	0.219178
1183	0.790282	0.116093	0.219121
1184	0.787902	0.118067	0.220463
1185	0.786164	0.119906	0.225778
1186	0.784967	0.11958	0.222268
1187	0.783017	0.120468	0.220775
1188	0.783935	0.119267	0.225365
1189	0.784907	0.11957	0.221459
1190	0.782956	0.12164	0.222325
1191	0.781799	0.119899	0.222553
1192	0.781274	0.122439	0.222964
1193	0.778891	0.123202	0.229934
1194	0.778146	0.121794	0.223898
1195	0.78129	0.120049	0.224672
1196	0.781102	0.121431	0.220307
1197	0.777867	0.122383	0.222951
1198	0.779656	0.121745	0.220765
1199	0.779637	0.120936	0.222602
1200	0.777095	0.123033	0.224753
1201	0.776039	0.12421	0.22957
1202	0.779669	0.121413	0.226762
1203	0.77474	0.12498	0.223294
1204	0.774172	0.124149	0.226038
1205	0.775745	0.123162	0.227535
1206	0.774545	0.123161	0.221438
1207	0.774531	0.122889	0.22581
1208	0.773396	0.124386	0.229153
1209	0.772523	0.124841	0.228294
1210	0.771144	0.125091	0.232236
1211	0.769202	0.126904	0.232366
1212	0.771239	0.125223	0.228197
1213	0.77074	0.125948	0.22725
1214	0.770164	0.124659	0.22744
1215	0.773951	0.123443	0.221607
1216	0.946264	0.0407194	0.173454
1217	0.993544	0.00622188	0.243997
1218	0.994962	0.0048443	0.191554
1219	0.995906	0.00392851	0.153065
1220	0.99659	0.00326537	0.124053
1221	0.997106	0.00276451	0.102068
1222	0.997506	0.00237728	0.0847921
1223	0.997822	0.00207219	0.0710223
1224	0.998076	0.00182699	0.0602436
1225	0.998284	0.00162698	0.051652
1226	0.998455	0.00146192	0.0445932
1227	0.998599	0.00132377	0.038819
1228	0.998722	0.00120688	0.0340304
1229	0.998826	0.00110659	0.0301268
1230	0.998917	0.00101976	0.0269117
1231	0.998996	0.000944265	0.0241601
1232	0.999065	0.000878074	0.0218004
1233	0.999127	0.000819737	0.0197423
1234	0.999181	0.000767675	0.0180111
1235	0.99923	0.000721216	0.0164869
1236	0.999274	0.000679474	0.0151531
1237	0.999313	0.000641791	0.01398
1238	0.999349	0.000607822	0.0129058
1239	0.999382	0.00057677	0.0119768
1240	0.999412	0.000548392	0.0111491
1241	0.999439	0.000522369	0.0104086
1242	0.999465	0.000498289	0.00976602
1243	0.999488	0.000476258	0.00915712
1244	0.99951	0.000455819	0.00861482
1245	0.99953	0.000437027	0.00809805
1246	0.999548	0.000419408	0.00764926
1247	0.999566	0.000402869	0.00725294
1248	0.999582	0.00038757	0.0068726
1249	0.999597	0.000373267	0.00652166
1250	0.999611	0.00035999	0.00618135
1251	0.999624	0.000347395	0.00588406
1252	0.999637	0.000335634	0.00559862
1253	0.999649	0.000324444	0.00534669
1254	0.99966	0.000314021	0.005097
1255	0.999671	0.000304059	0.00487229
1256	0.999681	0.000294656	0.00466598
1257	0.99969	0.000285788	0.00446733
1258	0.999699	0.000277404	0.00427943
1259	0.999708	0.000269346	0.00411292
1260	0.999716	0.000261801	0.00394527
1261	0.999724	0.000254573	0.00378912
1262	0.999731	0.000247691	0.00364487
1263	0.999738	0.000241117	0.0035101
1264	0.999745	0.00023484	0.00338274
1265	0.999751	0.000228833	0.00326349
1266	0.999757	0.000223045	0.00315412
1267	0.999763	0.00021754	0.00304803
1268	0.999769	0.000212302	0.002944
1269	0.999774	0.000207242	0.0028484
1270	0.99978	0.000202439	0.00275338
1271	0.999785	0.000197805	0.00266404
1272	0.999789	0.000193322	0.0025818
1273	0.999794	0.000188999	0.00250522
1274	0.999799	0.00018476	0.00242659
1275	0.999803	0.000180811	0.00235265
1276	0.999807	0.000176976	0.00228449
1277	0.999811	0.000173264	0.00221934
1278	0.999815	0.000169677	0.00215848
1279	0.999819	0.000166252	0.00209723
1280	0.999822	0.000162951	0.00203855
1281	0.999826	0.000159665	0.00198858
1282	0.999829	0.000156531	0.00193851
1283	0.999832	0.00015359	0.0018838
1284	0.999835	0.000150667	0.00183707
1285	0.999838	0.000147824	0.00179274
1286	0.999841	0.000145126	0.00174643
1287	0.999844	0.000142514	0.00170191
1288	0.999847	0.000139916	0.00166364
1289	0.99985	0.000137463	0.00162226
1290	0.999852	0.000135067	0.00158349
1291	0.999855	0.000132692	0.00154663
1292	0.999857	0.000130379	0.00151157
1293	0.99986	0.000128173	0.00147774
1294	0.999862	0.000125995	0.00144749
1295	0.999864	0.000123938	0.00141443
1296	0.999866	0.000121909	0.00138434
1297	0.999869	0.000119776	0.00135615
1298	0.999871	0.000117886	0.0013262
1299	0.999873	0.000116027	0.00129852
1300	0.999875	0.000114212	0.00127215
