600	0.172913	0.407993	0.166579
601	0.17375	0.407551	0.167439
602	0.173775	0.40711	0.16734
603	0.174183	0.406873	0.16772
604	0.174289	0.406365	0.167872
605	0.174661	0.406224	0.168277
606	0.174663	0.406136	0.168284
607	0.174895	0.406897	0.168305
608	0.174577	0.404022	0.168141
609	0.175034	0.404692	0.16854
610	0.174747	0.403202	0.168398
611	0.175594	0.404065	0.169081
612	0.175608	0.402165	0.169167
613	0.175539	0.401511	0.168941
614	0.176064	0.40184	0.169444
615	0.176576	0.402395	0.169797
616	0.176971	0.401843	0.170236
617	0.177279	0.400797	0.170627
618	0.177353	0.401138	0.1704
619	0.178101	0.399777	0.171433
620	0.177979	0.400293	0.170929
621	0.178624	0.399548	0.171737
622	0.178762	0.399136	0.171791
623	0.178507	0.397844	0.171672
624	0.17864	0.397476	0.171694
625	0.179225	0.398926	0.17216
626	0.179732	0.39837	0.172677
627	0.18042	0.398052	0.173392
628	0.180023	0.396904	0.172922
629	0.180386	0.397105	0.173294
630	0.18064	0.396596	0.173563
631	0.181111	0.396082	0.174084
632	0.181066	0.39591	0.173803
633	0.181375	0.394708	0.174053
634	0.181735	0.3951	0.174404
635	0.182046	0.394611	0.174621
636	0.18241	0.395256	0.174949
637	0.183151	0.395475	0.175647
638	0.183253	0.392695	0.175912
639	0.183868	0.392771	0.17637
640	0.184191	0.392751	0.176672
641	0.184298	0.392051	0.176792
642	0.184174	0.391962	0.176691
643	0.18472	0.392712	0.177176
644	0.185106	0.392681	0.177447
645	0.185427	0.392689	0.17769
646	0.185677	0.394522	0.177728
647	0.186124	0.393314	0.17817
648	0.186243	0.39146	0.178403
649	0.187391	0.391648	0.17963
650	0.187059	0.389364	0.179285
651	0.187863	0.390132	0.179958
652	0.187741	0.388772	0.179908
653	0.189247	0.391361	0.181096
654	0.188758	0.388922	0.180703
655	0.189267	0.388876	0.181116
656	0.190015	0.389949	0.181762
657	0.190443	0.389586	0.182233
658	0.190489	0.387741	0.182268
659	0.190781	0.387571	0.182423
660	0.191326	0.387409	0.182889
661	0.19166	0.385861	0.183453
662	0.192606	0.38757	0.184105
663	0.192744	0.385807	0.184354
664	0.192891	0.385972	0.184547
665	0.193043	0.386721	0.184357
666	0.193777	0.38625	0.18516
667	0.194343	0.385877	0.185695
668	0.195084	0.386422	0.186323
669	0.19491	0.383253	0.186291
670	0.196266	0.38483	0.187358
671	0.196348	0.383754	0.187413
672	0.196294	0.382227	0.187348
673	0.197309	0.382329	0.188224
674	0.197798	0.381408	0.188749
675	0.198957	0.382129	0.189832
676	0.199265	0.381972	0.19001
677	0.199751	0.381095	0.190516
678	0.200495	0.381063	0.191187
679	0.201952	0.382259	0.192521
680	0.202892	0.38227	0.193424
681	0.202835	0.380708	0.193326
682	0.203082	0.381139	0.19351
683	0.203575	0.379391	0.193971
684	0.204336	0.379729	0.194526
685	0.205073	0.379245	0.195267
686	0.205099	0.377451	0.195346
687	0.205933	0.378256	0.196025
688	0.207471	0.378015	0.197381
689	0.207929	0.377948	0.197834
690	0.207171	0.376385	0.197144
691	0.20842	0.376373	0.198424
692	0.20924	0.378043	0.198934
693	0.210193	0.378275	0.199911
694	0.21035	0.375546	0.200045
695	0.21084	0.376691	0.200147
696	0.212504	0.376846	0.202049
697	0.212389	0.375657	0.201775
698	0.213697	0.376192	0.203033
699	0.213814	0.375275	0.203085
700	0.21466	0.375679	0.203904
701	0.215135	0.37437	0.204505
702	0.215629	0.374331	0.204872
703	0.216664	0.373883	0.205718
704	0.217097	0.374229	0.206124
705	0.218423	0.374353	0.207287
706	0.21855	0.372539	0.2072
707	0.21942	0.372121	0.208077
708	0.219971	0.372619	0.208226
709	0.220808	0.371374	0.209157
710	0.222563	0.372257	0.210594
711	0.221951	0.37049	0.209809
712	0.222994	0.369667	0.210977
713	0.223885	0.369512	0.211847
714	0.224368	0.369555	0.211883
715	0.225951	0.368931	0.213641
716	0.226809	0.370318	0.214135
717	0.228446	0.370434	0.215712
718	0.228607	0.367966	0.215734
719	0.229708	0.368126	0.216892
720	0.229928	0.367814	0.21669
721	0.231755	0.368715	0.218418
722	0.231753	0.365985	0.218486
723	0.232634	0.364569	0.219476
724	0.233904	0.366572	0.22008
725	0.234106	0.364663	0.220606
726	0.235114	0.365245	0.221304
727	0.235894	0.364824	0.222045
728	0.236879	0.364705	0.223133
729	0.237852	0.365292	0.22366
730	0.238242	0.362403	0.224317
731	0.239409	0.363606	0.225268
732	0.239713	0.363024	0.225457
733	0.240841	0.363338	0.226256
734	0.24125	0.362778	0.226676
735	0.242247	0.362361	0.227658
736	0.242633	0.360486	0.22789
737	0.243053	0.358294	0.228735
738	0.245321	0.360398	0.230495
739	0.24496	0.358785	0.229801
740	0.24674	0.359878	0.231412
741	0.247216	0.358519	0.231813
742	0.247924	0.356998	0.232649
743	0.24973	0.358307	0.233891
744	0.251	0.357415	0.235007
745	0.251302	0.356839	0.235282
746	0.25233	0.357641	0.236166
747	0.253494	0.35793	0.236964
748	0.254424	0.356672	0.237851
749	0.255771	0.356462	0.238932
750	0.255747	0.354455	0.239108
751	0.257088	0.355274	0.240279
752	0.25789	0.354227	0.24107
753	0.258719	0.354896	0.241524
754	0.259275	0.35361	0.242084
755	0.261	0.354362	0.243711
756	0.262401	0.352647	0.245049
757	0.263132	0.353258	0.245059
758	0.264651	0.354625	0.246163
759	0.26536	0.352573	0.247017
760	0.265346	0.34932	0.247206
761	0.267562	0.351369	0.248988
762	0.26818	0.351331	0.249234
763	0.269327	0.350075	0.250336
764	0.271174	0.349269	0.251792
765	0.272223	0.350091	0.252661
766	0.272517	0.34875	0.252759
767	0.273936	0.348534	0.253764
768	0.275503	0.348812	0.255079
769	0.276639	0.347676	0.256428
770	0.278327	0.346766	0.258078
771	0.279562	0.346039	0.258931
772	0.280337	0.345716	0.259221
773	0.281793	0.345315	0.260248
774	0.283984	0.344685	0.262278
775	0.28412	0.342737	0.262291
776	0.286303	0.342171	0.264516
777	0.288622	0.343593	0.266161
778	0.288883	0.342771	0.265812
779	0.290012	0.340912	0.26716
780	0.290469	0.339693	0.267784
781	0.29291	0.34057	0.269214
782	0.294483	0.338287	0.270925
783	0.295296	0.338247	0.2713
784	0.297668	0.339177	0.272952
785	0.298544	0.338499	0.273032
786	0.300339	0.336575	0.275426
787	0.301329	0.336534	0.276149
788	0.302384	0.336048	0.276764
789	0.304085	0.334779	0.278275
790	0.306993	0.334522	0.281151
791	0.307301	0.33378	0.280132
792	0.310266	0.333056	0.283292
793	0.31198	0.33218	0.284544
794	0.311947	0.331971	0.283863
795	0.314225	0.332268	0.28593
796	0.315216	0.330532	0.286662
797	0.317282	0.330535	0.288338
798	0.317862	0.329415	0.288594
799	0.319951	0.327776	0.290873
800	0.321987	0.32761	0.292783
801	0.322815	0.326873	0.292784
802	0.324089	0.324422	0.293922
803	0.327459	0.324335	0.296779
804	0.329234	0.324955	0.297772
805	0.33055	0.323939	0.298859
806	0.333611	0.3226	0.301356
807	0.335407	0.322369	0.302021
808	0.336427	0.322136	0.302438
809	0.338055	0.319471	0.305001
810	0.338778	0.319245	0.304845
811	0.342225	0.319221	0.307896
812	0.342736	0.317189	0.308241
813	0.344145	0.316667	0.309156
814	0.347263	0.316721	0.311893
815	0.349166	0.31709	0.312055
816	0.351293	0.316643	0.313679
817	0.351792	0.313159	0.315166
818	0.354888	0.314462	0.317224
819	0.355813	0.312907	0.316902
820	0.359035	0.31418	0.318591
821	0.358447	0.310166	0.317503
822	0.363296	0.310291	0.322176
823	0.364944	0.309132	0.321764
824	0.367887	0.307128	0.324635
825	0.370392	0.306632	0.326627
826	0.373095	0.304477	0.328613
827	0.375536	0.305031	0.329328
828	0.376689	0.301565	0.330922
829	0.38062	0.302232	0.333643
830	0.381695	0.300038	0.333819
831	0.384946	0.298302	0.336135
832	0.386469	0.298333	0.335985
833	0.391018	0.295392	0.341602
834	0.392554	0.296882	0.340307
835	0.395681	0.294414	0.343215
836	0.398809	0.294308	0.345328
837	0.399532	0.29287	0.344641
838	0.4034	0.291338	0.348123
839	0.406048	0.289785	0.350359
840	0.408358	0.287349	0.350371
841	0.410749	0.285765	0.351165
842	0.414318	0.283591	0.354604
843	0.416694	0.282792	0.355021
844	0.420069	0.282859	0.356949
845	0.423412	0.282584	0.360099
846	0.42526	0.281014	0.359621
847	0.427952	0.279479	0.362162
848	0.430701	0.278673	0.363056
849	0.435379	0.278047	0.366223
850	0.43532	0.274564	0.366178
851	0.439081	0.274491	0.367079
852	0.442955	0.271715	0.371148
853	0.444654	0.270699	0.370867
854	0.448726	0.269607	0.372447
855	0.452112	0.26733	0.375892
856	0.456637	0.264943	0.377051
857	0.459123	0.263237	0.377827
858	0.460427	0.263667	0.377502
859	0.464613	0.261866	0.378658
860	0.467944	0.259025	0.380027
861	0.471777	0.257818	0.380368
862	0.475312	0.256257	0.381044
863	0.479642	0.253123	0.384973
864	0.481564	0.251527	0.383399
865	0.487111	0.25117	0.38801
866	0.490519	0.248886	0.388919
867	0.495671	0.24609	0.392198
868	0.496703	0.246569	0.389436
869	0.500428	0.244729	0.390019
870	0.503359	0.243373	0.390951
871	0.50761	0.239143	0.39332
872	0.512303	0.238173	0.396172
873	0.515974	0.237122	0.395199
874	0.517366	0.232355	0.395684
875	0.521546	0.231388	0.393908
876	0.527656	0.22967	0.394559
877	0.531452	0.229416	0.393557
878	0.535005	0.22565	0.395434
879	0.538023	0.223371	0.39451
880	0.544461	0.221665	0.394642
881	0.546466	0.219471	0.391721
882	0.549758	0.217488	0.391305
883	0.554668	0.214167	0.392134
884	0.560411	0.211509	0.393702
885	0.565414	0.210135	0.392569
886	0.570294	0.208201	0.39274
887	0.574162	0.204662	0.390193
888	0.578006	0.202171	0.386426
889	0.582032	0.201371	0.383892
890	0.59105	0.197918	0.384541
891	0.593512	0.196031	0.380086
892	0.59729	0.193788	0.374844
893	0.603893	0.190676	0.375019
894	0.61169	0.185593	0.373741
895	0.61314	0.185696	0.366724
896	0.619443	0.181857	0.366239
897	0.625656	0.178557	0.362707
898	0.632159	0.176479	0.359037
899	0.635305	0.173053	0.353988
900	0.639962	0.17079	0.351297
901	0.645989	0.168583	0.345557
902	0.651991	0.165874	0.340372
903	0.659067	0.160009	0.331441
904	0.664394	0.158195	0.329332
905	0.670302	0.155168	0.322243
906	0.676281	0.152089	0.309446
907	0.678597	0.151455	0.301894
908	0.685607	0.147556	0.296946
909	0.693709	0.14474	0.284543
910	0.69784	0.140774	0.275081
911	0.703403	0.137488	0.26533
912	0.711551	0.135057	0.255202
913	0.717737	0.132636	0.244705
914	0.724414	0.126691	0.231343
915	0.729195	0.126036	0.220736
916	0.735841	0.122776	0.212983
917	0.740199	0.121822	0.2089
918	0.742163	0.119674	0.206715
919	0.742439	0.121275	0.206123
920	0.748071	0.118731	0.208239
921	0.750913	0.117118	0.202719
922	0.751566	0.117747	0.205371
923	0.752191	0.117474	0.201538
924	0.757593	0.115022	0.196274
925	0.758712	0.114345	0.198478
926	0.760715	0.113561	0.194813
927	0.763523	0.113291	0.19693
928	0.762678	0.113559	0.195183
929	0.763137	0.11274	0.197872
930	0.76028	0.115028	0.202951
931	0.768817	0.111548	0.196288
932	0.772175	0.111238	0.194508
933	0.770378	0.112252	0.198636
934	0.769751	0.112453	0.201441
935	0.769988	0.112427	0.199518
936	0.76963	0.111485	0.197982
937	0.76641	0.113284	0.1982
938	0.774206	0.111866	0.200713
939	0.78286	0.107146	0.198911
940	0.780469	0.109429	0.20035
941	0.777968	0.109673	0.202024
942	0.777342	0.110651	0.201837
943	0.77858	0.109382	0.202316
944	0.776284	0.111562	0.200546
945	0.775699	0.11124	0.200396
946	0.775182	0.111085	0.200322
947	0.775832	0.110186	0.201093
948	0.777599	0.10993	0.193851
949	0.774194	0.11096	0.197954
950	0.787057	0.108646	0.202992
951	0.791102	0.107449	0.200409
952	0.79269	0.106959	0.196056
953	0.790475	0.107104	0.203307
954	0.792392	0.107177	0.201277
955	0.79295	0.105976	0.198679
956	0.793281	0.10511	0.201101
957	0.78808	0.109106	0.200156
958	0.78895	0.107673	0.201154
959	0.788995	0.107678	0.200126
960	0.790104	0.106944	0.19956
960	0.790104	0.106944	0.19956
961	0.787026	0.108828	0.201821
962	0.786254	0.108911	0.197885
963	0.785157	0.109193	0.198345
964	0.784693	0.109593	0.20386
965	0.785205	0.109244	0.196509
966	0.786037	0.107071	0.195087
967	0.786388	0.107389	0.197069
968	0.783198	0.109143	0.199579
969	0.781427	0.110468	0.196073
970	0.782348	0.109815	0.196975
971	0.781501	0.110193	0.194971
972	0.782436	0.109656	0.200268
973	0.811844	0.101521	0.195245
974	0.815734	0.100038	0.194313
975	0.81543	0.100767	0.197168
976	0.8152	0.100311	0.195311
977	0.814269	0.10041	0.19385
978	0.81001	0.103438	0.198447
979	0.810919	0.101298	0.195422
980	0.811042	0.101798	0.197283
981	0.810404	0.101572	0.198662
982	0.810658	0.101983	0.197708
983	0.809085	0.102827	0.195435
984	0.808373	0.102846	0.198782
985	0.807682	0.103323	0.202294
986	0.805189	0.105257	0.203428
987	0.806831	0.104281	0.197182
988	0.804629	0.10414	0.201778
989	0.805176	0.104878	0.199363
990	0.8052	0.103614	0.204147
991	0.805135	0.104253	0.200774
992	0.801253	0.106328	0.203386
993	0.803115	0.104844	0.200928
994	0.800762	0.106218	0.201276
995	0.802999	0.104377	0.197731
996	0.801179	0.104683	0.198584
997	0.798193	0.107649	0.199297
998	0.800845	0.105631	0.196319
999	0.799541	0.106167	0.19636
1000	0.800576	0.106269	0.19944
1001	0.800123	0.105973	0.201135
1002	0.797916	0.106876	0.198182
1003	0.797651	0.107262	0.203247
1004	0.794969	0.107736	0.201632
1005	0.795207	0.108797	0.206841
1006	0.796813	0.107305	0.20317
1007	0.795881	0.107701	0.20316
1008	0.793734	0.108351	0.204164
1009	0.794381	0.107703	0.200098
1010	0.793502	0.108356	0.200708
1011	0.789803	0.109164	0.200323
1012	0.791018	0.108358	0.199578
1013	0.789654	0.109853	0.202875
1014	0.790184	0.108766	0.195673
1015	0.788889	0.110269	0.201726
1016	0.787854	0.111254	0.205831
1017	0.783688	0.113673	0.210176
1018	0.78522	0.112142	0.204745
1019	0.784637	0.112205	0.208485
1020	0.786256	0.11153	0.204951
1021	0.784697	0.110863	0.204735
1022	0.781741	0.113744	0.205695
1023	0.783149	0.112256	0.20649
1024	0.779237	0.114318	0.206074
1025	0.784053	0.111927	0.199459
1026	0.83373	0.0964984	0.200858
1027	0.854431	0.0890981	0.198496
1028	0.855992	0.0874367	0.198775
1029	0.854383	0.0892364	0.199495
1030	0.850944	0.091242	0.204852
1031	0.85309	0.089684	0.199093
1032	0.851684	0.0901881	0.196017
1033	0.849243	0.0915805	0.195445
1034	0.850165	0.0910216	0.194904
1035	0.847463	0.093352	0.204621
1036	0.848415	0.0920345	0.20019
1037	0.848368	0.0919713	0.203623
1038	0.848151	0.0923178	0.202407
1039	0.848363	0.091907	0.202731
1040	0.849433	0.0912121	0.196699
1041	0.848686	0.0915929	0.19852
1042	0.846683	0.0928133	0.20352
1043	0.847898	0.0922552	0.198942
1044	0.844319	0.0935563	0.202718
1045	0.846194	0.0928084	0.199425
1046	0.843059	0.0941544	0.200755
1047	0.840657	0.0955688	0.205826
1048	0.843306	0.0944213	0.206257
1049	0.842669	0.0941672	0.206622
1050	0.841697	0.0953562	0.212626
1051	0.84012	0.095988	0.215508
1052	0.842068	0.0955082	0.20893
1053	0.839092	0.09653	0.21073
1054	0.837779	0.0971278	0.207668
1055	0.841562	0.0950956	0.210301
1056	0.840301	0.0954977	0.209071
1057	0.838916	0.0961845	0.209296
1058	0.837487	0.0970572	0.214205
1059	0.83977	0.0957238	0.205739
1060	0.836713	0.0970416	0.2091
1061	0.835366	0.0979654	0.204902
1062	0.837729	0.0956559	0.20524
1063	0.834857	0.0976117	0.204925
1064	0.832629	0.100148	0.205156
1065	0.834114	0.0982467	0.207026
1066	0.832692	0.0991438	0.209128
1067	0.833421	0.0985065	0.204368
1068	0.832394	0.0996665	0.211006
1069	0.831645	0.099498	0.209159
1070	0.831248	0.100199	0.208268
1071	0.832169	0.0989347	0.206957
1072	0.830239	0.100359	0.210822
1073	0.829127	0.101093	0.212779
1074	0.828326	0.101317	0.213506
1075	0.8274	0.10257	0.207602
1076	0.827544	0.10223	0.213677
1077	0.828592	0.100544	0.213022
1078	0.826121	0.10232	0.215978
1079	0.825396	0.10298	0.21116
1080	0.825912	0.101929	0.209569
1081	0.827048	0.101489	0.208595
1082	0.828979	0.100148	0.207813
1083	0.826502	0.101321	0.203943
1084	0.824595	0.102513	0.207028
1085	0.824095	0.10324	0.209828
1086	0.823158	0.104086	0.214373
1087	0.825352	0.102086	0.211511
1088	0.82223	0.103773	0.214322
1089	0.822049	0.103547	0.212985
1090	0.820567	0.104685	0.212699
1091	0.820656	0.104527	0.208169
1092	0.818634	0.105151	0.209129
1093	0.819869	0.103645	0.209366
1094	0.8174	0.106443	0.212312
1095	0.819861	0.104367	0.212869
1096	0.818627	0.103794	0.211402
1097	0.820482	0.103233	0.212324
1098	0.817009	0.105724	0.212378
1099	0.812558	0.108337	0.215564
1100	0.814861	0.107572	0.212789
1101	0.813007	0.108308	0.218625
1102	0.811275	0.108909	0.220423
1103	0.812284	0.108786	0.220854
1104	0.812254	0.107934	0.218956
1105	0.814798	0.10748	0.214644
1106	0.812803	0.106809	0.213662
1107	0.813508	0.106518	0.214563
1108	0.810609	0.108539	0.215266
1109	0.813572	0.106035	0.211886
1110	0.806533	0.110607	0.216194
1111	0.807313	0.110096	0.221263
1112	0.809997	0.108876	0.212484
1113	0.809863	0.108192	0.214779
1114	0.808293	0.10983	0.214642
1115	0.804474	0.111154	0.218578
1116	0.806393	0.109701	0.216893
1117	0.806853	0.109781	0.213945
1118	0.805971	0.110588	0.208451
1119	0.803947	0.111184	0.212436
1120	0.80402	0.111425	0.223981
1121	0.803948	0.110347	0.219795
1122	0.805236	0.109261	0.214422
1123	0.806412	0.109072	0.214506
1124	0.800991	0.112571	0.211635
1125	0.801523	0.111466	0.211976
1126	0.80018	0.112271	0.218248
1127	0.799687	0.114054	0.219246
1128	0.798808	0.113483	0.214813
1129	0.800394	0.111265	0.210796
1130	0.797599	0.113682	0.21694
1131	0.799419	0.112222	0.217052
1132	0.799902	0.112253	0.214658
1133	0.796029	0.114303	0.218382
1134	0.795524	0.115635	0.222735
1135	0.793377	0.116	0.220376
1136	0.794504	0.115543	0.219842
1137	0.794878	0.114766	0.219071
1138	0.792778	0.115667	0.221021
1139	0.792425	0.116998	0.220258
1140	0.793039	0.11553	0.21918
1141	0.791091	0.11777	0.222427
1142	0.793788	0.115189	0.221737
1143	0.791339	0.115883	0.218928
1144	0.791827	0.116057	0.218215
1145	0.789199	0.118238	0.216411
1146	0.790599	0.115999	0.217515
1147	0.790995	0.115682	0.218401
1148	0.788791	0.116974	0.219721
1149	0.787924	0.116741	0.218995
1150	0.786878	0.117392	0.217335
1151	0.789892	0.115541	0.215998
1152	0.787673	0.117238	0.217766
1153	0.785756	0.119077	0.223358
1154	0.784353	0.119384	0.218938
1155	0.78267	0.119241	0.217529
1156	0.783885	0.118557	0.22206
1157	0.784122	0.118707	0.219361
1158	0.782326	0.120949	0.218496
1159	0.78128	0.119666	0.219897
1160	0.780932	0.121123	0.218102
1161	0.777973	0.122404	0.223936
1162	0.778446	0.121256	0.219562
1163	0.781369	0.119791	0.221766
1164	0.778836	0.121445	0.221552
1165	0.779309	0.120407	0.214561
1166	0.778819	0.120156	0.219121
1167	0.778196	0.120954	0.221339
1168	0.776262	0.122703	0.225036
1169	0.776532	0.122688	0.224066
1170	0.777011	0.121274	0.221639
1171	0.772803	0.124174	0.224141
1172	0.774165	0.123528	0.223654
1173	0.774529	0.12175	0.223162
1174	0.772931	0.122928	0.221703
1175	0.772983	0.122814	0.226118
1176	0.770857	0.124423	0.228495
1177	0.770177	0.124004	0.228145
1178	0.76811	0.126469	0.229228
1179	0.76801	0.126631	0.227577
1180	0.768151	0.125553	0.228211
1181	0.766327	0.125656	0.227355
1182	0.766478	0.126563	0.226884
1183	0.768058	0.125496	0.225412
1184	0.764475	0.126792	0.228024
1185	0.765881	0.127852	0.223159
1186	0.764868	0.127142	0.224162
1187	0.762863	0.126552	0.227156
1188	0.763226	0.126563	0.228272
1189	0.761465	0.128783	0.226413
1190	0.761347	0.127512	0.220164
1191	0.76312	0.126636	0.223035
1192	0.764088	0.126769	0.222868
1193	0.763204	0.125504	0.220845
1194	0.761043	0.127955	0.226879
1195	0.761952	0.126365	0.224872
1196	0.757662	0.12949	0.226326
1197	0.75869	0.12772	0.224691
1198	0.756044	0.129344	0.231064
1199	0.756165	0.130281	0.226455
1200	0.755008	0.129868	0.22586
1201	0.754964	0.130062	0.229744
1202	0.753761	0.130322	0.226842
1203	0.756722	0.128411	0.223935
1204	0.753298	0.131833	0.229475
1205	0.754016	0.130809	0.231108
1206	0.751722	0.131553	0.230866
1207	0.751783	0.131515	0.224963
1208	0.750258	0.131789	0.233027
1209	0.754912	0.129742	0.226085
1210	0.75033	0.131404	0.228459
1211	0.748608	0.132873	0.22644
1212	0.749677	0.132945	0.224056
1213	0.749979	0.131147	0.225362
1214	0.748925	0.131573	0.22097
1215	0.755872	0.128208	0.215643
1216	0.940689	0.0440598	0.168904
1217	0.993719	0.00603844	0.217269
1218	0.995042	0.0047559	0.169862
1219	0.995963	0.00385972	0.134099
1220	0.996633	0.00321094	0.106774
1221	0.997131	0.00273254	0.0856138
1222	0.997512	0.00236501	0.0710208
1223	0.997811	0.00207796	0.0596446
1224	0.998051	0.00184673	0.0511919
1225	0.998247	0.00165814	0.0443564
1226	0.99841	0.00150164	0.0387885
1227	0.998548	0.00136938	0.0343221
1228	0.998666	0.00125662	0.0305909
1229	0.998768	0.00115896	0.0275563
1230	0.998856	0.00107427	0.0249079
1231	0.998934	0.000999971	0.0226383
1232	0.999003	0.000934349	0.0206679
1233	0.999064	0.000876026	0.0189455
1234	0.999119	0.000824016	0.0174054
1235	0.999169	0.000777001	0.0160909
1236	0.999213	0.000734494	0.0149279
1237	0.999254	0.000695976	0.0138812
1238	0.999291	0.000660961	0.0129294
1239	0.999325	0.000628445	0.0121321
1240	0.999356	0.000599002	0.0113675
1241	0.999385	0.00057207	0.0106495
1242	0.999412	0.000547049	0.0100185
1243	0.999436	0.000523665	0.00947448
1244	0.999459	0.000502084	0.00895928
1245	0.99948	0.000482093	0.00847451
1246	0.9995	0.000463565	0.00801453
1247	0.999519	0.000446082	0.00761252
1248	0.999536	0.000429766	0.00723421
1249	0.999552	0.000414553	0.0068722
1250	0.999568	0.000400065	0.00655996
1251	0.999582	0.000386521	0.0062588
1252	0.999596	0.000373653	0.00598976
1253	0.999608	0.000361492	0.00574024
1254	0.999621	0.000349996	0.00550633
1255	0.999632	0.000339159	0.00528255
1256	0.999643	0.000328862	0.00507231
1257	0.999654	0.000319233	0.0048594
1258	0.999663	0.000309957	0.00467544
1259	0.999673	0.000301174	0.00449844
1260	0.999682	0.000292811	0.0043313
1261	0.99969	0.000284796	0.00417807
1262	0.999699	0.000277064	0.00402834
1263	0.999706	0.000269735	0.00389382
1264	0.999714	0.000262773	0.00376193
1265	0.999721	0.000256132	0.00363533
1266	0.999728	0.000249801	0.00351243
1267	0.999734	0.000243782	0.00339192
1268	0.999741	0.000237958	0.00328217
1269	0.999747	0.000232325	0.00318107
1270	0.999752	0.000226888	0.00308686
1271	0.999758	0.000221721	0.00299256
1272	0.999763	0.000216751	0.00290252
1273	0.999768	0.000211934	0.0028195
1274	0.999773	0.000207284	0.00274102
1275	0.999778	0.000202784	0.00266774
1276	0.999783	0.000198455	0.00259656
1277	0.999787	0.00019439	0.00251846
1278	0.999792	0.000190406	0.00244973
1279	0.999796	0.000186527	0.0023863
1280	0.9998	0.00018283	0.00232127
1281	0.999804	0.000179188	0.00226122
1282	0.999807	0.000175749	0.00220044
1283	0.999811	0.000172366	0.00214412
1284	0.999815	0.000168966	0.00209279
1285	0.999818	0.000165818	0.00204068
1286	0.999821	0.000162748	0.00199251
1287	0.999825	0.000159785	0.00194473
1288	0.999828	0.000156929	0.00189739
1289	0.999831	0.000154163	0.00185172
1290	0.999834	0.000151459	0.00180889
1291	0.999837	0.000148858	0.00176637
1292	0.999839	0.00014626	0.00172632
1293	0.999842	0.0001438	0.00168721
1294	0.999845	0.000141294	0.00165512
1295	0.999847	0.000138968	0.0016184
1296	0.99985	0.000136664	0.00158551
1297	0.999852	0.000134485	0.00155007
1298	0.999854	0.000132349	0.00151676
1299	0.999857	0.000130234	0.00148646
1300	0.999859	0.000128163	0.00145803
