600	0.147854	0.396528	0.142919
601	0.148076	0.395626	0.143175
602	0.148394	0.39593	0.143431
603	0.148445	0.394141	0.143539
604	0.148787	0.394935	0.143779
605	0.14892	0.394166	0.143898
606	0.148825	0.39391	0.14372
607	0.148675	0.391615	0.143792
608	0.148812	0.393545	0.143695
609	0.149522	0.394654	0.14431
610	0.149777	0.394181	0.144565
611	0.149903	0.392301	0.144688
612	0.149858	0.392161	0.144654
613	0.150205	0.391433	0.14512
614	0.150358	0.39107	0.14524
615	0.150715	0.391703	0.145507
616	0.150396	0.389834	0.145032
617	0.15093	0.38955	0.145735
618	0.1512	0.389256	0.145983
619	0.151704	0.391483	0.146264
620	0.151983	0.390681	0.146594
621	0.151854	0.388135	0.146577
622	0.152612	0.388349	0.147205
623	0.152686	0.388094	0.147309
624	0.152828	0.387133	0.147476
625	0.152736	0.387088	0.147441
626	0.153168	0.388216	0.147769
627	0.153456	0.388572	0.147896
628	0.153541	0.387417	0.148085
629	0.153607	0.388492	0.148062
630	0.154034	0.387782	0.148498
631	0.154216	0.387719	0.148617
632	0.154887	0.387703	0.149403
633	0.154649	0.3856	0.149089
634	0.155396	0.38612	0.149829
635	0.15548	0.385449	0.149777
636	0.156493	0.386572	0.150829
637	0.155977	0.384768	0.150285
638	0.156792	0.384767	0.151116
639	0.156979	0.384982	0.151232
640	0.15736	0.385164	0.151494
641	0.15719	0.383107	0.151355
642	0.157694	0.382796	0.151852
643	0.157749	0.382753	0.151816
644	0.158388	0.382473	0.152517
645	0.158865	0.382268	0.152903
646	0.15874	0.381948	0.152699
647	0.158714	0.381642	0.152717
648	0.15938	0.381219	0.153423
649	0.160043	0.381224	0.154145
650	0.160133	0.381352	0.154121
651	0.160642	0.380329	0.154524
652	0.161214	0.380918	0.154981
653	0.161927	0.380582	0.155751
654	0.161408	0.378013	0.155319
655	0.162155	0.378941	0.155893
656	0.162421	0.377548	0.156181
657	0.163564	0.378748	0.157336
658	0.163702	0.377709	0.157434
659	0.163911	0.377899	0.157482
660	0.164577	0.377716	0.158209
661	0.165703	0.380288	0.158955
662	0.166457	0.379633	0.159863
663	0.16642	0.377526	0.159823
664	0.166389	0.377669	0.159701
665	0.167282	0.377686	0.160482
666	0.167679	0.377218	0.160797
667	0.168248	0.376243	0.161385
668	0.168161	0.37428	0.161371
669	0.169054	0.376142	0.161999
670	0.170303	0.374964	0.163376
671	0.170301	0.375003	0.163274
672	0.170007	0.375259	0.162812
673	0.17073	0.373799	0.16369
674	0.17182	0.376663	0.164434
675	0.17264	0.375567	0.165411
676	0.172635	0.373919	0.165404
677	0.173553	0.374575	0.166252
678	0.173864	0.374215	0.166493
679	0.174363	0.373878	0.166959
680	0.174949	0.373866	0.16746
681	0.174912	0.372801	0.167409
682	0.175908	0.373479	0.168377
683	0.176603	0.373928	0.169027
684	0.17675	0.371899	0.169272
685	0.177794	0.373138	0.170161
686	0.178221	0.371839	0.170576
687	0.179095	0.372642	0.17116
688	0.179167	0.371264	0.171275
689	0.179513	0.370671	0.171591
690	0.180367	0.371141	0.172325
691	0.181181	0.370891	0.173097
692	0.181269	0.369905	0.173077
693	0.181788	0.369452	0.173547
694	0.182632	0.368886	0.174502
695	0.182923	0.367681	0.174689
696	0.18415	0.368497	0.1758
697	0.184833	0.370355	0.176233
698	0.185729	0.370183	0.177081
699	0.186407	0.367884	0.17786
700	0.186776	0.367254	0.178131
701	0.187206	0.367779	0.178375
702	0.188387	0.368577	0.179494
703	0.188383	0.366049	0.17946
704	0.189128	0.365899	0.180053
705	0.189947	0.366475	0.180852
706	0.190264	0.366465	0.181101
707	0.191045	0.366639	0.181781
708	0.190981	0.36515	0.181677
709	0.191962	0.36527	0.182763
710	0.192869	0.365574	0.183508
711	0.193101	0.363654	0.183778
712	0.1939	0.365015	0.184331
713	0.19441	0.364384	0.184846
714	0.19519	0.364851	0.185492
715	0.195605	0.36386	0.186056
716	0.196034	0.362783	0.186162
717	0.196629	0.361272	0.186949
718	0.197282	0.361292	0.187539
719	0.19833	0.361121	0.188531
720	0.198755	0.360904	0.188865
721	0.199694	0.360637	0.189698
722	0.200156	0.358778	0.190271
723	0.201	0.358624	0.190997
724	0.20227	0.360638	0.191884
725	0.20279	0.359416	0.19227
726	0.203336	0.359566	0.192783
727	0.204325	0.36048	0.193515
728	0.204973	0.359438	0.194248
729	0.20592	0.358609	0.19512
730	0.206543	0.358561	0.19565
731	0.207125	0.357878	0.196165
732	0.20762	0.357504	0.196596
733	0.20824	0.356922	0.197321
734	0.2089	0.356519	0.197709
735	0.210295	0.358979	0.198876
736	0.211493	0.356508	0.200296
737	0.211891	0.356882	0.200044
738	0.213314	0.358497	0.201399
739	0.213852	0.356859	0.202037
740	0.213648	0.354531	0.201665
741	0.215269	0.355794	0.203297
742	0.215784	0.356389	0.203475
743	0.216417	0.354932	0.204026
744	0.217866	0.355048	0.205266
745	0.218674	0.354669	0.206181
746	0.219161	0.354249	0.206308
747	0.220149	0.352832	0.207336
748	0.221934	0.354643	0.208939
749	0.222164	0.353862	0.209
750	0.224153	0.354083	0.211009
751	0.224598	0.353052	0.210971
752	0.225188	0.353121	0.211425
753	0.226791	0.352887	0.212779
754	0.227582	0.351168	0.213797
755	0.228559	0.349067	0.21498
756	0.230208	0.351233	0.215841
757	0.231147	0.351653	0.216683
758	0.231775	0.349047	0.217333
759	0.232502	0.348681	0.217717
760	0.233452	0.349356	0.218376
761	0.235435	0.347945	0.220306
762	0.235814	0.347334	0.220415
763	0.237851	0.348432	0.222526
764	0.23882	0.347808	0.223143
765	0.239579	0.346407	0.223545
766	0.240654	0.346558	0.224695
767	0.241766	0.346821	0.225445
768	0.242346	0.344899	0.226088
769	0.244982	0.346659	0.228422
770	0.245331	0.344794	0.228386
771	0.247642	0.345021	0.230682
772	0.249489	0.345946	0.231732
773	0.249201	0.343613	0.231697
774	0.250901	0.344951	0.232934
775	0.252035	0.343443	0.234184
776	0.253462	0.343527	0.23539
777	0.253419	0.34177	0.235125
778	0.25538	0.341089	0.2369
779	0.256967	0.341722	0.238322
780	0.257866	0.340823	0.238836
781	0.25936	0.338807	0.240383
782	0.261465	0.339946	0.241684
783	0.262924	0.338744	0.243604
784	0.263729	0.338122	0.243881
785	0.266276	0.337037	0.245984
786	0.267959	0.337054	0.247262
787	0.268186	0.336128	0.247274
788	0.269088	0.33392	0.248413
789	0.270767	0.335713	0.249368
790	0.272289	0.334806	0.250903
791	0.273096	0.334443	0.250823
792	0.274433	0.335009	0.251902
793	0.277356	0.334606	0.254806
794	0.278127	0.33312	0.255485
795	0.280179	0.333205	0.257292
796	0.280624	0.331526	0.257614
797	0.282812	0.332429	0.259263
798	0.283891	0.331961	0.259699
799	0.284585	0.330416	0.26003
800	0.286099	0.329381	0.261371
801	0.289012	0.329421	0.263396
802	0.291249	0.328198	0.264651
803	0.293023	0.32769	0.266215
804	0.295009	0.32664	0.268029
805	0.297734	0.326604	0.27058
806	0.298099	0.324407	0.270353
807	0.30055	0.324997	0.271925
808	0.302472	0.323647	0.27345
809	0.304398	0.32182	0.275177
810	0.305819	0.322369	0.275862
811	0.30936	0.320233	0.279897
812	0.310537	0.321072	0.280028
813	0.312932	0.319837	0.282459
814	0.315701	0.320022	0.284435
815	0.316046	0.317914	0.28414
816	0.318769	0.317345	0.286375
817	0.320838	0.315553	0.288345
818	0.322743	0.313158	0.289402
819	0.32475	0.31215	0.290635
820	0.327622	0.311517	0.293367
821	0.329526	0.310599	0.294108
822	0.332317	0.31153	0.296291
823	0.334229	0.310906	0.297833
824	0.335839	0.310394	0.298666
825	0.338599	0.310177	0.300481
826	0.340449	0.30877	0.302517
827	0.344052	0.309724	0.305006
828	0.343388	0.305333	0.304303
829	0.346065	0.305923	0.305559
830	0.349473	0.304036	0.309165
831	0.351068	0.303803	0.309562
832	0.353792	0.302	0.312672
833	0.357819	0.301148	0.315368
834	0.36037	0.299122	0.316107
835	0.362007	0.299188	0.317762
836	0.363349	0.29907	0.317782
837	0.366426	0.295181	0.321249
838	0.368959	0.297038	0.320267
839	0.371814	0.293687	0.322611
840	0.375196	0.291919	0.325791
841	0.377744	0.290645	0.32801
842	0.380566	0.29167	0.328756
843	0.384415	0.289609	0.333081
844	0.387286	0.288223	0.3341
845	0.388987	0.288081	0.334583
846	0.391356	0.286319	0.335949
847	0.393909	0.286769	0.336988
848	0.396478	0.282978	0.340014
849	0.399695	0.283089	0.341354
850	0.403288	0.280977	0.343861
851	0.404545	0.278265	0.343858
852	0.407359	0.277349	0.344818
853	0.412156	0.275914	0.348678
854	0.415073	0.275115	0.349059
855	0.417675	0.273773	0.349608
856	0.420475	0.271799	0.351638
857	0.425688	0.271016	0.354473
858	0.427051	0.268914	0.354208
859	0.430127	0.267811	0.354671
860	0.433685	0.263958	0.357071
861	0.43899	0.263801	0.361068
862	0.442342	0.262543	0.363549
863	0.445427	0.260099	0.365051
864	0.449267	0.258636	0.365412
865	0.450699	0.255236	0.365546
866	0.455766	0.255079	0.366783
867	0.460949	0.253898	0.3685
868	0.461799	0.251076	0.367369
869	0.467185	0.248577	0.372224
870	0.473443	0.246967	0.375639
871	0.476044	0.244392	0.373359
872	0.479864	0.244017	0.374074
873	0.483858	0.241255	0.376903
874	0.489496	0.238493	0.378927
875	0.492468	0.236288	0.379987
876	0.495898	0.235594	0.37853
877	0.500106	0.234218	0.380689
878	0.50495	0.232023	0.38215
879	0.509892	0.228444	0.383879
880	0.513224	0.227924	0.38137
881	0.5176	0.225781	0.381336
882	0.522413	0.222882	0.37963
883	0.525334	0.220317	0.380741
884	0.529341	0.218957	0.379271
885	0.536353	0.217205	0.379481
886	0.538991	0.214395	0.378766
887	0.543265	0.21188	0.377118
888	0.550113	0.208582	0.380715
889	0.554978	0.208932	0.376495
890	0.559582	0.20428	0.377998
891	0.564602	0.203934	0.376881
892	0.570982	0.200496	0.376768
893	0.575506	0.199016	0.372743
894	0.579538	0.1947	0.371548
895	0.581324	0.194897	0.362367
896	0.589615	0.191002	0.360821
897	0.597241	0.185728	0.361513
898	0.601022	0.185196	0.358242
899	0.605562	0.181971	0.350532
900	0.612908	0.176716	0.350367
901	0.620639	0.174793	0.343434
902	0.624133	0.169615	0.338944
903	0.628961	0.169646	0.33414
904	0.634765	0.166819	0.327487
905	0.642639	0.162369	0.323337
906	0.646502	0.161411	0.312217
907	0.652876	0.157529	0.304135
908	0.66144	0.153532	0.295176
909	0.667598	0.150317	0.287417
910	0.673018	0.148994	0.2749
911	0.684784	0.141864	0.262668
912	0.686195	0.140312	0.249439
913	0.69329	0.137848	0.239893
914	0.700476	0.13355	0.226363
915	0.708622	0.130327	0.218228
916	0.709924	0.129431	0.212545
917	0.714504	0.126112	0.210207
918	0.720927	0.125417	0.207237
919	0.723215	0.123786	0.206344
920	0.724547	0.124405	0.206582
921	0.728324	0.122499	0.202604
922	0.732375	0.120379	0.202213
923	0.735905	0.119789	0.198428
924	0.738198	0.120016	0.198693
925	0.733174	0.122809	0.204391
926	0.736461	0.120242	0.201672
927	0.742805	0.119422	0.19904
928	0.740533	0.120393	0.204008
929	0.743003	0.11822	0.201368
930	0.742522	0.118346	0.199015
931	0.750647	0.116382	0.197457
932	0.748155	0.119383	0.204016
933	0.750824	0.116595	0.202083
934	0.750735	0.117617	0.199595
935	0.750047	0.11716	0.200364
936	0.749387	0.11727	0.19767
937	0.746421	0.118508	0.20152
938	0.757259	0.11646	0.202212
939	0.761443	0.115074	0.202404
940	0.763302	0.112886	0.193102
941	0.76263	0.113171	0.192708
942	0.762492	0.113257	0.195626
943	0.757493	0.114595	0.202101
944	0.757959	0.114786	0.202184
945	0.758686	0.114777	0.19403
946	0.757398	0.115932	0.195541
947	0.756561	0.11521	0.195301
948	0.755116	0.115617	0.196234
949	0.757468	0.114939	0.1967
950	0.772315	0.111602	0.196874
951	0.778187	0.110204	0.195019
952	0.773583	0.112348	0.199872
953	0.77443	0.110704	0.195962
954	0.774203	0.111786	0.199602
955	0.77377	0.111166	0.197999
956	0.773773	0.111904	0.193109
957	0.772035	0.111923	0.199924
958	0.772396	0.111626	0.196437
959	0.770204	0.113593	0.202557
960	0.767547	0.114813	0.20247
960	0.767547	0.114813	0.20247
961	0.769817	0.113437	0.198144
962	0.766741	0.113328	0.200838
963	0.767186	0.114314	0.199739
964	0.768536	0.112872	0.201111
965	0.766512	0.113834	0.201399
966	0.762388	0.117005	0.204814
967	0.764208	0.115126	0.200688
968	0.761336	0.115394	0.200421
969	0.763698	0.114176	0.195125
970	0.762179	0.113996	0.19968
971	0.760634	0.116273	0.196866
972	0.765108	0.114133	0.197166
973	0.796322	0.106975	0.193993
974	0.80136	0.104545	0.195685
975	0.797959	0.107195	0.196914
976	0.79902	0.105317	0.197813
977	0.795795	0.107561	0.200316
978	0.79498	0.107393	0.202631
979	0.79532	0.108216	0.200896
980	0.797192	0.106356	0.19737
981	0.794222	0.108138	0.201845
982	0.795397	0.106775	0.199085
983	0.792835	0.107614	0.198463
984	0.791975	0.108103	0.197386
985	0.789651	0.10881	0.195059
986	0.789412	0.109198	0.20048
987	0.790585	0.107395	0.196662
988	0.788579	0.110087	0.199598
989	0.788684	0.110906	0.19943
990	0.786163	0.110904	0.207446
991	0.783585	0.11308	0.20438
992	0.785106	0.110314	0.206338
993	0.785709	0.110466	0.20315
994	0.785585	0.109467	0.201319
995	0.781431	0.113254	0.203303
996	0.78342	0.111022	0.202494
997	0.779185	0.113208	0.204982
998	0.78329	0.111467	0.197618
999	0.779107	0.113456	0.203109
1000	0.781974	0.110966	0.202332
1001	0.783777	0.109894	0.200657
1002	0.779776	0.113096	0.204079
1003	0.776459	0.113486	0.208634
1004	0.777839	0.112948	0.203572
1005	0.776664	0.113181	0.201306
1006	0.774514	0.114622	0.202661
1007	0.775289	0.114868	0.201756
1008	0.773419	0.115711	0.20597
1009	0.773678	0.115372	0.201856
1010	0.774404	0.113766	0.205932
1011	0.77303	0.116021	0.207131
1012	0.771721	0.114973	0.20414
1013	0.773391	0.113878	0.202586
1014	0.771562	0.115465	0.207392
1015	0.768943	0.11778	0.206594
1016	0.770596	0.11504	0.20093
1017	0.768867	0.115892	0.201843
1018	0.767586	0.117083	0.202904
1019	0.763219	0.118491	0.208849
1020	0.76391	0.118795	0.208022
1021	0.764609	0.117318	0.210841
1022	0.761879	0.118395	0.212191
1023	0.762492	0.120134	0.21209
1024	0.762729	0.118238	0.209926
1025	0.763729	0.118303	0.20698
1026	0.818344	0.10277	0.206459
1027	0.839503	0.0957834	0.204707
1028	0.840493	0.0946864	0.208741
1029	0.839545	0.0950655	0.205989
1030	0.837235	0.0965276	0.211771
1031	0.839171	0.0956409	0.203931
1032	0.836947	0.0967163	0.205294
1033	0.835179	0.0977863	0.202881
1034	0.837542	0.0951592	0.202034
1035	0.835091	0.0966683	0.203183
1036	0.832568	0.0994943	0.202922
1037	0.833953	0.0977819	0.204615
1038	0.832272	0.0987163	0.207146
1039	0.833452	0.0973691	0.203553
1040	0.832527	0.0987962	0.207941
1041	0.831619	0.0987599	0.206444
1042	0.83112	0.0989888	0.205989
1043	0.831602	0.0990534	0.206034
1044	0.830094	0.100273	0.207142
1045	0.828434	0.100892	0.212558
1046	0.827908	0.101148	0.20781
1047	0.827708	0.101116	0.210166
1048	0.827657	0.101242	0.209101
1049	0.828419	0.100135	0.213548
1050	0.825446	0.102273	0.210775
1051	0.825483	0.102275	0.207185
1052	0.825935	0.101138	0.205244
1053	0.828389	0.10076	0.204367
1054	0.828048	0.0996016	0.202666
1055	0.825429	0.101147	0.203139
1056	0.824392	0.102705	0.204523
1057	0.823236	0.103225	0.207611
1058	0.824648	0.102075	0.209821
1059	0.82284	0.103021	0.210028
1060	0.822244	0.103273	0.208552
1061	0.821295	0.10348	0.209526
1062	0.820705	0.103757	0.207631
1063	0.818824	0.104193	0.210615
1064	0.819018	0.103532	0.20555
1065	0.818681	0.104974	0.208131
1066	0.818829	0.104456	0.210536
1067	0.819304	0.103464	0.208418
1068	0.82022	0.102169	0.211122
1069	0.817527	0.104812	0.209221
1070	0.812912	0.107268	0.213285
1071	0.814648	0.107016	0.210403
1072	0.813215	0.107538	0.216095
1073	0.811256	0.108236	0.217945
1074	0.812332	0.108273	0.217788
1075	0.812536	0.106931	0.216255
1076	0.81452	0.106753	0.211551
1077	0.812591	0.106185	0.211812
1078	0.814129	0.105633	0.211176
1079	0.810459	0.108311	0.210177
1080	0.813057	0.10614	0.209856
1081	0.806696	0.110079	0.214659
1082	0.808677	0.108455	0.215277
1083	0.810045	0.108262	0.209681
1084	0.809853	0.107478	0.212632
1085	0.807027	0.109882	0.214702
1086	0.805154	0.11072	0.215374
1087	0.806335	0.109475	0.214428
1088	0.807028	0.108347	0.209659
1089	0.804941	0.110336	0.210356
1090	0.803575	0.110346	0.215997
1091	0.803159	0.1107	0.218667
1092	0.804788	0.109329	0.213237
1093	0.804699	0.109737	0.212633
1094	0.804165	0.109626	0.213148
1095	0.801188	0.111032	0.213438
1096	0.801088	0.111695	0.214807
1097	0.800057	0.112502	0.218437
1098	0.798478	0.113006	0.213027
1099	0.800622	0.110502	0.206184
1100	0.796805	0.112932	0.211231
1101	0.799544	0.111249	0.216247
1102	0.800105	0.1117	0.211826
1103	0.796515	0.113465	0.214792
1104	0.795724	0.114213	0.219771
1105	0.793184	0.115585	0.218721
1106	0.794055	0.114764	0.217089
1107	0.794673	0.113807	0.218506
1108	0.793175	0.114669	0.217383
1109	0.792257	0.116426	0.217865
1110	0.792915	0.114718	0.216946
1111	0.791006	0.116796	0.219867
1112	0.793816	0.114335	0.21888
1113	0.791211	0.115264	0.21603
1114	0.791601	0.115576	0.215205
1115	0.788796	0.117259	0.213229
1116	0.791304	0.114496	0.216356
1117	0.790025	0.115674	0.216094
1118	0.788939	0.1159	0.214384
1119	0.78702	0.115997	0.219461
1120	0.787468	0.116878	0.214602
1121	0.789764	0.115413	0.213375
1122	0.787678	0.116305	0.218807
1123	0.785172	0.118516	0.218624
1124	0.784173	0.118926	0.218569
1125	0.78255	0.117791	0.218229
1126	0.78515	0.117353	0.216163
1127	0.783228	0.119464	0.220069
1128	0.78143	0.119604	0.216754
1129	0.782011	0.118865	0.220503
1130	0.778566	0.121652	0.221804
1131	0.777289	0.120847	0.217666
1132	0.780343	0.118845	0.217937
1133	0.780545	0.119289	0.21647
1134	0.777385	0.12085	0.217328
1135	0.778989	0.120065	0.215742
1136	0.778889	0.118883	0.218095
1137	0.776241	0.12139	0.22148
1138	0.776404	0.121795	0.223741
1139	0.777628	0.120458	0.221801
1140	0.77298	0.123254	0.219804
1141	0.774137	0.123293	0.21848
1142	0.774343	0.121834	0.220611
1143	0.772901	0.122197	0.217208
1144	0.772954	0.122222	0.22224
1145	0.770749	0.123411	0.225977
1146	0.769865	0.123241	0.225828
1147	0.767906	0.125481	0.22697
1148	0.767868	0.125253	0.225932
1149	0.76769	0.125223	0.224493
1150	0.766046	0.124996	0.225942
1151	0.766912	0.125037	0.224573
1152	0.767306	0.125105	0.222049
1153	0.763578	0.126431	0.22658
1154	0.765745	0.126266	0.221788
1155	0.764214	0.124989	0.22474
1156	0.761396	0.125678	0.224079
1157	0.764534	0.125187	0.223829
1158	0.760251	0.127645	0.220693
1159	0.761167	0.125798	0.217818
1160	0.763556	0.125391	0.220593
1161	0.764317	0.125083	0.2195
1162	0.762541	0.125402	0.219992
1163	0.759488	0.127761	0.221728
1164	0.759627	0.126684	0.221758
1165	0.756826	0.129107	0.224242
1166	0.757699	0.127996	0.225049
1167	0.756113	0.12946	0.22739
1168	0.755825	0.127273	0.221681
1169	0.753473	0.128983	0.22625
1170	0.7534	0.129829	0.22327
1171	0.755046	0.128133	0.22571
1172	0.753857	0.129622	0.223907
1173	0.753347	0.128884	0.230392
1174	0.750341	0.130608	0.229709
1175	0.752122	0.130105	0.223443
1176	0.748892	0.132016	0.228039
1177	0.753185	0.129504	0.221659
1178	0.749773	0.130758	0.22527
1179	0.746947	0.132801	0.224492
1180	0.747466	0.132562	0.221157
1181	0.74751	0.130788	0.224617
1182	0.745263	0.132125	0.222347
1183	0.74985	0.12962	0.219148
1184	0.746998	0.131426	0.22431
1185	0.746513	0.131466	0.220372
1186	0.748437	0.12999	0.219841
1187	0.746645	0.130136	0.222782
1188	0.742547	0.13302	0.225014
1189	0.741669	0.133926	0.220216
1190	0.739785	0.133971	0.227407
1191	0.740693	0.134005	0.226394
1192	0.741468	0.132739	0.224092
1193	0.739603	0.133452	0.226202
1194	0.741917	0.133588	0.223699
1195	0.739314	0.134293	0.225725
1196	0.739616	0.134202	0.22572
1197	0.739327	0.134377	0.224318
1198	0.740278	0.133813	0.229033
1199	0.734693	0.135133	0.226954
1200	0.733323	0.135655	0.226854
1201	0.738391	0.134977	0.227376
1202	0.733693	0.1369	0.229618
1203	0.733011	0.13701	0.229872
1204	0.731754	0.1375	0.228378
1205	0.734812	0.134749	0.227854
1206	0.731556	0.136435	0.226852
1207	0.730682	0.137088	0.230895
1208	0.730623	0.13647	0.234064
1209	0.731327	0.135528	0.226694
1210	0.72825	0.13773	0.228626
1211	0.726798	0.13827	0.224698
1212	0.72861	0.136349	0.221174
1213	0.730237	0.136551	0.221806
1214	0.729512	0.135792	0.218304
1215	0.737118	0.131934	0.216245
1216	0.937911	0.0450972	0.157684
1217	0.994375	0.00537491	0.176437
1218	0.995612	0.00418382	0.132433
1219	0.996407	0.0034171	0.103349
1220	0.996969	0.00287364	0.0837835
1221	0.997388	0.00247091	0.0688035
1222	0.997712	0.00215931	0.0577341
1223	0.99797	0.00191309	0.0489149
1224	0.998179	0.00171237	0.0422377
1225	0.998352	0.0015472	0.0367435
1226	0.998498	0.00140933	0.0321533
1227	0.998621	0.00129131	0.0285626
1228	0.998727	0.00119016	0.0255223
1229	0.99882	0.00110199	0.0230231
1230	0.998901	0.00102504	0.0208709
1231	0.998972	0.000957749	0.0189329
1232	0.999035	0.00089786	0.0172844
1233	0.999092	0.00084432	0.0158579
1234	0.999143	0.000796272	0.0146028
1235	0.999189	0.000752729	0.0135216
1236	0.999231	0.000713562	0.0125212
1237	0.999269	0.000677457	0.0116871
1238	0.999304	0.000644779	0.0108999
1239	0.999335	0.000614686	0.0102073
1240	0.999365	0.000587082	0.00957218
1241	0.999392	0.000561486	0.00900988
1242	0.999417	0.000537752	0.00850372
1243	0.999441	0.000515922	0.00802129
1244	0.999462	0.000495579	0.00758222
1245	0.999483	0.00047669	0.00717316
1246	0.999502	0.000458889	0.00681221
1247	0.999519	0.000442159	0.00648589
1248	0.999536	0.000426566	0.0061717
1249	0.999552	0.000411829	0.00589115
1250	0.999567	0.000397913	0.00562367
1251	0.999581	0.000384891	0.00537636
1252	0.999594	0.000372642	0.00514166
1253	0.999606	0.000361005	0.00492767
1254	0.999618	0.000350046	0.00472197
1255	0.999629	0.000339687	0.00452748
1256	0.99964	0.000329798	0.00434953
1257	0.99965	0.000320494	0.0041747
1258	0.99966	0.000311561	0.00401298
1259	0.999669	0.000302892	0.00387683
1260	0.999678	0.000294767	0.00373612
1261	0.999686	0.000287094	0.00359819
1262	0.999694	0.000279591	0.00348091
1263	0.999702	0.000272448	0.00336727
1264	0.999709	0.000265617	0.00325936
1265	0.999716	0.000259061	0.00315786
1266	0.999723	0.000252805	0.00305914
1267	0.999729	0.00024682	0.00296414
1268	0.999735	0.000241051	0.00287557
1269	0.999741	0.000235467	0.0027939
1270	0.999747	0.000230234	0.00270675
1271	0.999753	0.0002252	0.0026236
1272	0.999758	0.000220247	0.00255101
1273	0.999763	0.000215525	0.00247906
1274	0.999768	0.000210875	0.00241576
1275	0.999773	0.000206535	0.00234652
1276	0.999777	0.00020224	0.00228469
1277	0.999782	0.00019812	0.00222611
1278	0.999786	0.000194289	0.00216063
1279	0.99979	0.000190431	0.00210544
1280	0.999794	0.000186735	0.00205238
1281	0.999798	0.000183203	0.0019988
1282	0.999802	0.000179717	0.001951
1283	0.999806	0.000176383	0.00190256
1284	0.999809	0.00017309	0.00185875
1285	0.999813	0.000169963	0.00181374
1286	0.999816	0.00016686	0.00177316
1287	0.999819	0.000163931	0.0017307
1288	0.999822	0.000161075	0.00169081
1289	0.999825	0.000158268	0.00165383
1290	0.999828	0.000155525	0.00161864
1291	0.999831	0.000152912	0.00158263
1292	0.999834	0.000150295	0.00154926
1293	0.999837	0.000147849	0.00151462
1294	0.999839	0.000145414	0.00148387
1295	0.999842	0.000143036	0.00145453
1296	0.999844	0.000140786	0.00142304
1297	0.999847	0.000138519	0.00139641
1298	0.999849	0.000136317	0.00136802
1299	0.999851	0.000134183	0.00134216
1300	0.999854	0.000132138	0.00131547
