600	0.126885	0.383147	0.122962
601	0.12704	0.382262	0.123166
602	0.127202	0.382366	0.123288
603	0.127458	0.382891	0.123546
604	0.12777	0.383849	0.123725
605	0.127745	0.381347	0.123833
606	0.128322	0.381004	0.124347
607	0.128286	0.380859	0.124284
608	0.128563	0.380481	0.124577
609	0.12854	0.380283	0.124649
610	0.128937	0.381874	0.1249
611	0.12908	0.380547	0.125049
612	0.129075	0.379527	0.125106
613	0.129381	0.380871	0.125393
614	0.129681	0.379846	0.125705
615	0.129963	0.380549	0.1259
616	0.130322	0.380707	0.126294
617	0.129829	0.377278	0.125783
618	0.130389	0.378596	0.126257
619	0.130914	0.378432	0.126829
620	0.131156	0.379429	0.126939
621	0.130809	0.377558	0.126638
622	0.131529	0.37846	0.127323
623	0.131521	0.377619	0.127308
624	0.131615	0.377046	0.127292
625	0.131853	0.376425	0.127611
626	0.132048	0.375632	0.127772
627	0.132261	0.374666	0.128021
628	0.132671	0.375165	0.128358
629	0.132651	0.374017	0.128279
630	0.132619	0.374385	0.128277
631	0.132723	0.373661	0.12836
632	0.133521	0.37413	0.129242
633	0.133382	0.373558	0.129048
634	0.134243	0.374355	0.129827
635	0.134121	0.372463	0.12964
636	0.134892	0.373768	0.130365
637	0.134532	0.371477	0.130066
638	0.135	0.37186	0.130471
639	0.13535	0.370182	0.130872
640	0.136075	0.371626	0.131585
641	0.136447	0.371044	0.131951
642	0.136403	0.370146	0.131882
643	0.13691	0.369598	0.132404
644	0.137753	0.372472	0.132943
645	0.138385	0.371615	0.13371
646	0.138507	0.37013	0.133768
647	0.13839	0.36982	0.133604
648	0.139221	0.369907	0.134352
649	0.139692	0.37048	0.134711
650	0.139731	0.367737	0.134845
651	0.139942	0.367607	0.135028
652	0.140808	0.368285	0.135885
653	0.141617	0.367924	0.13659
654	0.141459	0.36742	0.136449
655	0.141174	0.367166	0.136081
656	0.142428	0.36903	0.137234
657	0.142688	0.368683	0.137489
658	0.143543	0.368236	0.138387
659	0.143294	0.367201	0.138095
660	0.14445	0.368826	0.139068
661	0.144279	0.366639	0.138984
662	0.144924	0.367438	0.139496
663	0.144986	0.366106	0.139573
664	0.145876	0.367551	0.140541
665	0.14611	0.367234	0.140677
666	0.146184	0.36595	0.140716
667	0.147026	0.366223	0.14157
668	0.147136	0.366022	0.141544
669	0.147999	0.366109	0.142308
670	0.148219	0.36498	0.142537
671	0.14844	0.36442	0.142771
672	0.148625	0.363937	0.142911
673	0.149269	0.364073	0.143512
674	0.149778	0.363122	0.144022
675	0.149847	0.362449	0.144064
676	0.150399	0.362731	0.14457
677	0.150921	0.362361	0.144986
678	0.151559	0.362102	0.145499
679	0.152344	0.363746	0.146248
680	0.152798	0.363235	0.146734
681	0.153854	0.363248	0.147753
682	0.153535	0.36152	0.147328
683	0.153953	0.362121	0.147721
684	0.154842	0.362705	0.148601
685	0.15489	0.359828	0.148658
686	0.155501	0.359393	0.149282
687	0.156059	0.360359	0.149767
688	0.156399	0.361102	0.149866
689	0.156963	0.360605	0.150549
690	0.156805	0.357896	0.150423
691	0.157557	0.359208	0.15111
692	0.158419	0.358887	0.152012
693	0.158656	0.357981	0.152109
694	0.159691	0.360246	0.152964
695	0.159354	0.357582	0.152656
696	0.160104	0.358174	0.153417
697	0.160618	0.358591	0.153935
698	0.160656	0.356385	0.153779
699	0.161143	0.355427	0.154332
700	0.162422	0.357875	0.155407
701	0.16217	0.355402	0.155273
702	0.163354	0.355818	0.156369
703	0.163667	0.355137	0.156618
704	0.163853	0.354405	0.15669
705	0.165297	0.356249	0.157979
706	0.166125	0.356242	0.158765
707	0.166264	0.35561	0.15878
708	0.166593	0.355773	0.158977
709	0.167281	0.355542	0.159552
710	0.16777	0.353277	0.160275
711	0.168692	0.354383	0.161004
712	0.168713	0.352897	0.161063
713	0.169288	0.353392	0.161489
714	0.169832	0.353282	0.162006
715	0.170139	0.352052	0.162262
716	0.170967	0.353681	0.163011
717	0.172542	0.354391	0.164437
718	0.172618	0.352941	0.16439
719	0.173649	0.354307	0.165492
720	0.173898	0.353674	0.165591
721	0.173706	0.350698	0.165333
722	0.175148	0.352746	0.166674
723	0.175402	0.352557	0.166873
724	0.175964	0.352273	0.167293
725	0.176963	0.351893	0.168219
726	0.177754	0.351984	0.169136
727	0.177783	0.350953	0.168889
728	0.178682	0.349818	0.169839
729	0.179767	0.351528	0.170805
730	0.18026	0.350117	0.171355
731	0.182017	0.35216	0.172917
732	0.18159	0.349774	0.172392
733	0.182321	0.349208	0.173098
734	0.184208	0.350512	0.174595
735	0.184407	0.34816	0.175109
736	0.185168	0.348765	0.175537
737	0.186532	0.349135	0.176786
738	0.186983	0.349073	0.176957
739	0.187564	0.347935	0.177753
740	0.187915	0.347679	0.177854
741	0.1891	0.347729	0.178834
742	0.190143	0.345291	0.180166
743	0.190784	0.346598	0.18037
744	0.192855	0.347435	0.182258
745	0.192807	0.345457	0.18222
746	0.193772	0.345693	0.183
747	0.194631	0.346106	0.18372
748	0.195209	0.344286	0.184318
749	0.197068	0.346351	0.185938
750	0.197365	0.344697	0.18617
751	0.19911	0.345971	0.187646
752	0.200583	0.34584	0.188885
753	0.200663	0.343888	0.189048
754	0.201455	0.343921	0.189659
755	0.202434	0.344495	0.190443
756	0.203619	0.344213	0.191675
757	0.203674	0.343127	0.191651
758	0.20557	0.34483	0.192993
759	0.206167	0.344175	0.193718
760	0.206729	0.341919	0.194363
761	0.208471	0.3411	0.196076
762	0.209891	0.343135	0.196749
763	0.210939	0.341675	0.198115
764	0.211837	0.340964	0.198785
765	0.213822	0.341693	0.200269
766	0.214213	0.339803	0.200581
767	0.215045	0.33898	0.201357
768	0.215855	0.33876	0.202201
769	0.217167	0.339657	0.203008
770	0.217585	0.337	0.203667
771	0.218516	0.336522	0.20444
772	0.219936	0.339313	0.205145
773	0.221546	0.337934	0.206821
774	0.222667	0.337541	0.20785
775	0.22319	0.334953	0.208592
776	0.224725	0.337175	0.209693
777	0.225765	0.336693	0.210369
778	0.22696	0.335859	0.211443
779	0.226895	0.333161	0.21127
780	0.229999	0.336063	0.213822
781	0.231189	0.334682	0.214378
782	0.233046	0.33298	0.216532
783	0.234107	0.332723	0.217201
784	0.236916	0.334685	0.219862
785	0.237178	0.331916	0.219667
786	0.238061	0.331488	0.220157
787	0.23967	0.330473	0.221741
788	0.240994	0.329557	0.222649
789	0.243046	0.329186	0.224685
790	0.245519	0.330646	0.226574
791	0.245946	0.328857	0.227049
792	0.247479	0.329545	0.228051
793	0.250339	0.329733	0.230966
794	0.250427	0.326816	0.230744
795	0.252286	0.327097	0.232086
796	0.254424	0.326721	0.233582
797	0.255599	0.324308	0.234682
798	0.257075	0.322445	0.236184
799	0.259607	0.32301	0.238534
800	0.261165	0.322429	0.239275
801	0.262999	0.323854	0.240745
802	0.264741	0.322664	0.242406
803	0.265891	0.323104	0.243085
804	0.268051	0.322573	0.245153
805	0.269842	0.321544	0.246628
806	0.271411	0.321205	0.24823
807	0.271669	0.318545	0.247832
808	0.274054	0.318762	0.249765
809	0.27623	0.317892	0.251781
810	0.277993	0.31886	0.252601
811	0.280121	0.317164	0.254854
812	0.282883	0.31624	0.256865
813	0.283565	0.313205	0.257507
814	0.285254	0.316562	0.258033
815	0.287413	0.314636	0.260155
816	0.289846	0.314284	0.261353
817	0.291222	0.312688	0.262373
818	0.293026	0.310934	0.263719
819	0.296082	0.310649	0.266637
820	0.297847	0.31042	0.267689
821	0.301682	0.310434	0.271568
822	0.303924	0.309456	0.273194
823	0.304841	0.309147	0.273306
824	0.306428	0.308064	0.274582
825	0.308944	0.308274	0.276292
826	0.310321	0.305583	0.278432
827	0.311938	0.306544	0.278613
828	0.315585	0.304233	0.282049
829	0.316824	0.303409	0.28233
830	0.318614	0.30303	0.282942
831	0.32189	0.302042	0.285004
832	0.324775	0.301185	0.287389
833	0.327201	0.299562	0.288935
834	0.329113	0.297715	0.290916
835	0.33264	0.298142	0.292759
836	0.333633	0.295575	0.293499
837	0.336031	0.294363	0.295427
838	0.338815	0.291628	0.297288
839	0.343191	0.292395	0.3012
840	0.345633	0.292204	0.302207
841	0.348078	0.289814	0.30443
842	0.350878	0.288512	0.306077
843	0.351808	0.286877	0.30578
844	0.35662	0.288024	0.307896
845	0.359341	0.286631	0.309364
846	0.361473	0.282457	0.311224
847	0.365262	0.281996	0.314688
848	0.369964	0.279417	0.318772
849	0.371605	0.279516	0.318055
850	0.37478	0.278414	0.319922
851	0.378741	0.277919	0.322107
852	0.3821	0.276565	0.324782
853	0.38366	0.273149	0.325982
854	0.387056	0.275367	0.326209
855	0.390872	0.273557	0.328662
856	0.393752	0.271878	0.330101
857	0.397271	0.269342	0.331902
858	0.400441	0.269222	0.333278
859	0.404394	0.265999	0.335122
860	0.406702	0.265207	0.335601
861	0.408265	0.263783	0.335399
862	0.4154	0.262543	0.340868
863	0.416546	0.260816	0.340248
864	0.42119	0.25815	0.342843
865	0.424851	0.255964	0.3452
866	0.429327	0.257219	0.346617
867	0.433289	0.252995	0.348587
868	0.436427	0.251687	0.351164
869	0.44223	0.252029	0.353157
870	0.445808	0.250457	0.353704
871	0.448139	0.247384	0.354098
872	0.449723	0.246213	0.352879
873	0.455968	0.244055	0.355145
874	0.461401	0.240522	0.358401
875	0.463943	0.241218	0.357017
876	0.467054	0.237714	0.357223
877	0.47357	0.235231	0.360346
878	0.479226	0.233138	0.360522
879	0.481816	0.229213	0.36096
880	0.485392	0.228863	0.359761
881	0.490761	0.22657	0.362662
882	0.49578	0.224014	0.364247
883	0.499911	0.222279	0.3605
884	0.504112	0.219635	0.360776
885	0.509776	0.217751	0.361197
886	0.515323	0.214126	0.362903
887	0.520073	0.213778	0.358111
888	0.525931	0.209061	0.357789
889	0.530047	0.206848	0.356939
890	0.533711	0.205091	0.355078
891	0.543227	0.201622	0.357912
892	0.544782	0.201371	0.354247
893	0.548212	0.198666	0.353669
894	0.555533	0.194375	0.355879
895	0.560613	0.193169	0.349185
896	0.564744	0.191405	0.34503
897	0.569175	0.188686	0.343535
898	0.577127	0.186058	0.341688
899	0.584535	0.182123	0.339368
900	0.589773	0.178819	0.333016
901	0.5919	0.179483	0.328694
902	0.597873	0.175534	0.32692
903	0.605539	0.172577	0.320652
904	0.611344	0.168032	0.316915
905	0.618496	0.165669	0.309757
906	0.625821	0.162253	0.304854
907	0.63243	0.159573	0.300486
908	0.634036	0.159399	0.289467
909	0.642513	0.154629	0.281638
910	0.650315	0.151957	0.271132
911	0.658573	0.147386	0.261211
912	0.664287	0.145238	0.249574
913	0.669341	0.141296	0.239251
914	0.676057	0.138725	0.231551
915	0.682705	0.136947	0.219357
916	0.690145	0.131577	0.204926
917	0.696125	0.129502	0.201049
918	0.700093	0.129457	0.201027
919	0.701048	0.127972	0.202534
920	0.704235	0.128046	0.203128
921	0.706627	0.127249	0.197273
922	0.711667	0.125634	0.19574
923	0.711117	0.125302	0.198822
924	0.716972	0.1238	0.19649
925	0.716594	0.124955	0.200959
926	0.718182	0.123534	0.196561
927	0.723515	0.122097	0.194216
928	0.719849	0.123472	0.199681
929	0.720092	0.123605	0.197211
930	0.721123	0.123652	0.199698
931	0.730262	0.120106	0.195846
932	0.72972	0.12217	0.197822
933	0.730602	0.121375	0.20021
934	0.731071	0.121462	0.199342
935	0.725352	0.123838	0.203261
936	0.728381	0.12171	0.200835
937	0.724931	0.12337	0.199553
938	0.735846	0.120371	0.197104
939	0.744899	0.117199	0.200065
940	0.741774	0.118929	0.198842
941	0.73847	0.120892	0.200626
942	0.739983	0.119095	0.198894
943	0.736662	0.121065	0.200687
944	0.73741	0.119468	0.195108
945	0.737703	0.119478	0.195997
946	0.735078	0.121615	0.195259
947	0.738261	0.118921	0.196674
948	0.736718	0.120655	0.194969
949	0.73592	0.12133	0.196069
950	0.750245	0.118558	0.19672
951	0.759512	0.114712	0.197015
952	0.756669	0.117182	0.19954
953	0.756775	0.116992	0.201929
954	0.755703	0.118805	0.1984
955	0.756055	0.115974	0.200733
956	0.753771	0.117224	0.202883
957	0.753548	0.116926	0.198594
958	0.752657	0.116749	0.197639
959	0.748527	0.118892	0.195894
960	0.749768	0.117367	0.19516
960	0.749768	0.117367	0.19516
961	0.74902	0.118935	0.199014
962	0.749966	0.117417	0.192159
963	0.747428	0.120122	0.197535
964	0.747446	0.120015	0.200988
965	0.743293	0.122352	0.206801
966	0.743404	0.121286	0.201029
967	0.743647	0.12051	0.202242
968	0.746014	0.118517	0.197395
969	0.741284	0.120939	0.201757
970	0.74064	0.122458	0.200285
971	0.740427	0.120929	0.204062
972	0.740712	0.121705	0.201044
973	0.778115	0.111582	0.199825
974	0.779812	0.112984	0.20275
975	0.784225	0.109647	0.197415
976	0.781301	0.111092	0.199679
977	0.777407	0.112548	0.204626
978	0.777212	0.113268	0.200533
979	0.776716	0.11235	0.201598
980	0.774636	0.11353	0.198865
981	0.77522	0.113116	0.198226
982	0.772908	0.115064	0.205531
983	0.773729	0.114265	0.198578
984	0.773828	0.113407	0.204242
985	0.773371	0.114731	0.204769
986	0.771662	0.114408	0.202533
987	0.773247	0.112909	0.20026
988	0.771484	0.114602	0.205126
989	0.769053	0.117339	0.203707
990	0.770608	0.113922	0.199337
991	0.76886	0.115757	0.198302
992	0.766894	0.116652	0.200103
993	0.762292	0.11837	0.207795
994	0.764502	0.117262	0.20429
995	0.763153	0.117019	0.208001
996	0.76202	0.117826	0.208737
997	0.761946	0.119075	0.209995
998	0.762724	0.11734	0.20637
999	0.761879	0.117596	0.208651
1000	0.759737	0.118947	0.205629
1001	0.760632	0.118345	0.211667
1002	0.758403	0.11881	0.207796
1003	0.758532	0.119209	0.209409
1004	0.757213	0.120537	0.209541
1005	0.760612	0.116183	0.204972
1006	0.75489	0.119899	0.208077
1007	0.752286	0.121203	0.204987
1008	0.756193	0.121006	0.206411
1009	0.752064	0.121755	0.203469
1010	0.750701	0.122292	0.206707
1011	0.751468	0.121083	0.207804
1012	0.750508	0.120737	0.206336
1013	0.750181	0.122501	0.208253
1014	0.750226	0.120281	0.207433
1015	0.747705	0.122478	0.205593
1016	0.748751	0.121707	0.202195
1017	0.749212	0.122477	0.205166
1018	0.746379	0.124199	0.211015
1019	0.743635	0.124726	0.21019
1020	0.743834	0.124641	0.211298
1021	0.743565	0.123969	0.207787
1022	0.745209	0.123075	0.21162
1023	0.74009	0.126081	0.209706
1024	0.741447	0.124395	0.209342
1025	0.742265	0.12396	0.206063
1026	0.805855	0.106368	0.203623
1027	0.827621	0.0991446	0.200155
1028	0.825016	0.100626	0.200925
1029	0.82454	0.10168	0.204024
1030	0.822708	0.102817	0.205898
1031	0.824492	0.100956	0.207235
1032	0.822524	0.102778	0.209249
1033	0.822272	0.102709	0.206407
1034	0.820794	0.103215	0.207458
1035	0.820571	0.103235	0.202958
1036	0.818591	0.103845	0.204105
1037	0.819538	0.102627	0.204861
1038	0.816908	0.105031	0.208013
1039	0.819871	0.103459	0.206401
1040	0.818481	0.102546	0.204703
1041	0.81977	0.102198	0.207463
1042	0.815617	0.104747	0.210792
1043	0.812479	0.106406	0.213558
1044	0.814303	0.107016	0.210722
1045	0.812349	0.107601	0.214389
1046	0.810857	0.107818	0.215487
1047	0.81187	0.106849	0.215239
1048	0.8139	0.10609	0.210857
1049	0.814379	0.104547	0.211128
1050	0.813155	0.104978	0.210718
1051	0.810873	0.107205	0.209982
1052	0.813477	0.105103	0.206406
1053	0.807069	0.109176	0.211169
1054	0.807284	0.108549	0.216673
1055	0.809868	0.107524	0.207598
1056	0.809942	0.106789	0.21003
1057	0.807835	0.108721	0.211228
1058	0.804769	0.110108	0.21359
1059	0.80648	0.108633	0.212267
1060	0.807046	0.107879	0.208749
1061	0.805171	0.109391	0.207999
1062	0.803503	0.109664	0.213049
1063	0.802969	0.110186	0.216553
1064	0.804663	0.1086	0.211258
1065	0.804702	0.109234	0.209848
1066	0.804039	0.108923	0.210504
1067	0.800985	0.110649	0.209522
1068	0.801171	0.111017	0.21285
1069	0.79979	0.112303	0.21481
1070	0.79834	0.112445	0.210172
1071	0.800785	0.109441	0.205963
1072	0.797692	0.112219	0.210707
1073	0.799544	0.1105	0.212492
1074	0.799705	0.110862	0.209953
1075	0.796017	0.112757	0.214201
1076	0.795087	0.113962	0.21938
1077	0.793425	0.114502	0.215193
1078	0.794288	0.113748	0.21531
1079	0.794526	0.113286	0.212783
1080	0.792562	0.115092	0.213756
1081	0.792876	0.114925	0.212182
1082	0.792926	0.114514	0.215594
1083	0.791197	0.115343	0.218428
1084	0.792675	0.113838	0.211409
1085	0.792963	0.113335	0.213246
1086	0.789442	0.116365	0.213392
1087	0.789703	0.114947	0.212457
1088	0.79247	0.113457	0.212377
1089	0.788388	0.115439	0.216084
1090	0.788008	0.1154	0.21323
1091	0.786629	0.115674	0.212576
1092	0.789587	0.114044	0.211736
1093	0.787667	0.115625	0.213356
1094	0.785361	0.117237	0.218317
1095	0.784333	0.11837	0.215193
1096	0.782604	0.117371	0.214271
1097	0.784765	0.116801	0.215369
1098	0.783304	0.11835	0.217874
1099	0.78145	0.118847	0.215003
1100	0.781826	0.117855	0.218217
1101	0.778523	0.121248	0.218061
1102	0.777216	0.120123	0.21526
1103	0.780312	0.118152	0.215231
1104	0.780267	0.118939	0.213263
1105	0.777397	0.119869	0.213559
1106	0.779122	0.119008	0.213906
1107	0.778244	0.119076	0.215793
1108	0.776149	0.120632	0.220996
1109	0.776291	0.121037	0.219745
1110	0.776697	0.119585	0.216957
1111	0.772623	0.122539	0.21891
1112	0.77424	0.121697	0.219093
1113	0.774265	0.119987	0.216716
1114	0.773056	0.120962	0.218403
1115	0.772248	0.121784	0.221669
1116	0.770868	0.122677	0.221368
1117	0.768886	0.124173	0.223664
1118	0.766708	0.1254	0.22454
1119	0.769043	0.124112	0.220012
1120	0.766996	0.123949	0.222552
1121	0.764832	0.125379	0.22401
1122	0.768396	0.1229	0.219695
1123	0.764812	0.124589	0.221841
1124	0.763839	0.125719	0.220387
1125	0.764755	0.125487	0.219426
1126	0.763079	0.125315	0.220993
1127	0.762667	0.125301	0.223222
1128	0.761168	0.126844	0.221619
1129	0.760978	0.125793	0.215643
1130	0.762739	0.125264	0.217594
1131	0.764127	0.124355	0.218668
1132	0.762876	0.124559	0.216
1133	0.760513	0.126335	0.220577
1134	0.760527	0.124926	0.219474
1135	0.75605	0.127519	0.223289
1136	0.757371	0.126941	0.221427
1137	0.756157	0.128051	0.225612
1138	0.755955	0.126142	0.219158
1139	0.753186	0.128245	0.223905
1140	0.753299	0.12889	0.220975
1141	0.755077	0.126897	0.223607
1142	0.753477	0.129136	0.221711
1143	0.753096	0.128291	0.227599
1144	0.750747	0.128984	0.228192
1145	0.751392	0.129772	0.219443
1146	0.748925	0.130467	0.227029
1147	0.753312	0.128217	0.220414
1148	0.748193	0.130171	0.223442
1149	0.747179	0.131307	0.220061
1150	0.746903	0.130973	0.222273
1151	0.746242	0.131612	0.222322
1152	0.747103	0.129612	0.216746
1153	0.748749	0.128994	0.218942
1154	0.746529	0.130214	0.219713
1155	0.749147	0.128539	0.220068
1156	0.746494	0.130106	0.21665
1157	0.743932	0.131388	0.218799
1158	0.742742	0.132348	0.22378
1159	0.740889	0.133089	0.220038
1160	0.738573	0.134356	0.223848
1161	0.742266	0.130974	0.222337
1162	0.738815	0.132392	0.224682
1163	0.740536	0.132163	0.22338
1164	0.739862	0.132768	0.224546
1165	0.738518	0.133415	0.222966
1166	0.738881	0.132981	0.221813
1167	0.740424	0.132479	0.222891
1168	0.735213	0.133511	0.226185
1169	0.732632	0.135975	0.224358
1170	0.737303	0.133458	0.225217
1171	0.73416	0.135586	0.22765
1172	0.73212	0.136448	0.226151
1173	0.730341	0.136825	0.22823
1174	0.733648	0.134541	0.223966
1175	0.730706	0.135007	0.224119
1176	0.729591	0.137074	0.228231
1177	0.72897	0.135955	0.231282
1178	0.729477	0.135106	0.224634
1179	0.725967	0.137876	0.226998
1180	0.724634	0.138352	0.223328
1181	0.725819	0.135871	0.222849
1182	0.727013	0.136958	0.223365
1183	0.725172	0.136939	0.220964
1184	0.728859	0.134926	0.223003
1185	0.727518	0.135541	0.223005
1186	0.723425	0.137598	0.222454
1187	0.72088	0.139322	0.227944
1188	0.721508	0.139903	0.224153
1189	0.722415	0.137448	0.224991
1190	0.718968	0.140677	0.229549
1191	0.721496	0.137924	0.225458
1192	0.721445	0.13847	0.226998
1193	0.714966	0.141154	0.232592
1194	0.717158	0.140174	0.2286
1195	0.717887	0.139408	0.226082
1196	0.714498	0.141124	0.225794
1197	0.713463	0.142424	0.225612
1198	0.715029	0.140916	0.227113
1199	0.711923	0.142062	0.221496
1200	0.714119	0.141425	0.221634
1201	0.713617	0.141919	0.22047
1202	0.714054	0.140951	0.221075
1203	0.710426	0.142887	0.222391
1204	0.710172	0.14134	0.221917
1205	0.713364	0.139992	0.223274
1206	0.714242	0.139574	0.224833
1207	0.708595	0.14312	0.22614
1208	0.709084	0.143098	0.229376
1209	0.70942	0.142509	0.224714
1210	0.706775	0.143215	0.223765
1211	0.708074	0.141703	0.224717
1212	0.708039	0.141403	0.221559
1213	0.706249	0.142924	0.224061
1214	0.708103	0.141384	0.219564
1215	0.709785	0.141673	0.216364
1216	0.930185	0.0500251	0.169499
1217	0.993258	0.00643234	0.219916
1218	0.994679	0.0050692	0.17212
1219	0.99563	0.00415071	0.139767
1220	0.996326	0.00348354	0.113119
1221	0.996856	0.00297453	0.0935331
1222	0.997269	0.00257765	0.0781561
1223	0.997598	0.00226152	0.0661294
1224	0.997864	0.00200671	0.0563066
1225	0.998082	0.00179819	0.0482932
1226	0.998264	0.00162567	0.0416146
1227	0.998417	0.00148007	0.0362863
1228	0.998548	0.00135526	0.0321018
1229	0.99866	0.00124804	0.0286038
1230	0.998758	0.00115605	0.0254715
1231	0.998843	0.0010752	0.0229016
1232	0.998918	0.00100439	0.0206424
1233	0.998985	0.000940943	0.0188067
1234	0.999045	0.000884884	0.017132
1235	0.999099	0.000834391	0.0157041
1236	0.999147	0.000788536	0.0144977
1237	0.999191	0.000747028	0.0134282
1238	0.999231	0.000709339	0.0124704
1239	0.999268	0.000675133	0.0115896
1240	0.999301	0.000643762	0.0108042
1241	0.999332	0.000614902	0.0101011
1242	0.99936	0.000588289	0.00946539
1243	0.999387	0.000563722	0.00888524
1244	0.999411	0.000540928	0.00835748
1245	0.999434	0.000519488	0.00790307
1246	0.999455	0.000499562	0.00748044
1247	0.999475	0.000480974	0.00709186
1248	0.999494	0.00046371	0.0067211
1249	0.999511	0.000447425	0.00638853
1250	0.999528	0.000432007	0.0060919
1251	0.999543	0.000417648	0.00580145
1252	0.999558	0.000404046	0.00553972
1253	0.999572	0.000391205	0.00529589
1254	0.999585	0.000378982	0.00507559
1255	0.999597	0.000367527	0.00486072
1256	0.999609	0.000356746	0.00465295
1257	0.99962	0.000346416	0.0044662
1258	0.999631	0.000336726	0.00428186
1259	0.999641	0.00032728	0.00412301
1260	0.99965	0.000318397	0.00396774
1261	0.999659	0.000309818	0.0038292
1262	0.999668	0.000301789	0.00368683
1263	0.999677	0.000294059	0.00355719
1264	0.999685	0.000286662	0.00343445
1265	0.999692	0.000279533	0.00331926
1266	0.9997	0.00027268	0.00321424
1267	0.999707	0.000266223	0.00310715
1268	0.999714	0.000259994	0.00300643
1269	0.99972	0.000254107	0.00290584
1270	0.999726	0.000248306	0.0028194
1271	0.999732	0.000242797	0.00273067
1272	0.999738	0.00023746	0.00265043
1273	0.999744	0.000231882	0.00257095
1274	0.999749	0.000226871	0.00250174
1275	0.999755	0.000222102	0.00243235
1276	0.99976	0.000217541	0.00236284
1277	0.999764	0.000213054	0.00230001
1278	0.999769	0.000208915	0.00223058
1279	0.999774	0.000204759	0.00217303
1280	0.999778	0.000200741	0.00211708
1281	0.999782	0.000196861	0.00206401
1282	0.999786	0.000193127	0.00201173
1283	0.99979	0.000189461	0.00196388
1284	0.999794	0.000185977	0.00191487
1285	0.999798	0.000182528	0.00187117
1286	0.999801	0.000179235	0.00182677
1287	0.999805	0.00017605	0.001784
1288	0.999808	0.000172974	0.00174168
1289	0.999812	0.000169911	0.00170453
1290	0.999815	0.000166996	0.00166606
1291	0.999818	0.000164136	0.00163045
1292	0.999821	0.000161407	0.00159357
1293	0.999824	0.000158724	0.00155937
1294	0.999827	0.000156158	0.00152445
1295	0.999829	0.000153605	0.00149207
1296	0.999832	0.000151185	0.00145897
1297	0.999835	0.000148759	0.00143036
1298	0.999837	0.000146435	0.00140096
1299	0.99984	0.000144125	0.0013745
1300	0.999842	0.000141937	0.00134608
