600	0.877783	0.104044	0.653441
601	0.877613	0.104147	0.653381
602	0.877443	0.104256	0.653111
603	0.877273	0.104358	0.65305
604	0.877103	0.104461	0.652989
605	0.876933	0.104576	0.652513
606	0.876763	0.104673	0.652659
607	0.876592	0.104782	0.65239
608	0.876422	0.104885	0.652329
609	0.876251	0.104994	0.65206
610	0.876081	0.105096	0.651998
611	0.87591	0.105205	0.65173
612	0.875739	0.105308	0.651669
613	0.875568	0.105424	0.651195
614	0.875396	0.10552	0.651339
615	0.875225	0.105629	0.651071
616	0.875053	0.105732	0.651009
617	0.874882	0.10586	0.650129
618	0.87471	0.105976	0.649659
619	0.874538	0.106091	0.649191
620	0.874366	0.106207	0.648724
621	0.874194	0.106342	0.647653
622	0.874022	0.106451	0.647391
623	0.87385	0.106561	0.647129
624	0.873678	0.10667	0.646868
625	0.873505	0.106767	0.647007
626	0.873332	0.106882	0.646545
627	0.87316	0.106998	0.646085
628	0.872987	0.107108	0.645825
629	0.872814	0.107224	0.645366
630	0.872641	0.107333	0.645107
631	0.872467	0.10743	0.645244
632	0.872294	0.107553	0.644589
633	0.872121	0.107662	0.64433
634	0.871947	0.107785	0.643678
635	0.871773	0.107882	0.643814
636	0.8716	0.107985	0.643753
637	0.871426	0.108088	0.643692
638	0.871252	0.108191	0.64363
639	0.871078	0.108301	0.643373
640	0.870903	0.108417	0.64292
641	0.870729	0.108534	0.642468
642	0.870555	0.10863	0.642601
643	0.87038	0.108727	0.642735
644	0.870205	0.108837	0.642478
645	0.870031	0.108947	0.642221
646	0.869856	0.10909	0.640997
647	0.869681	0.109199	0.640743
648	0.869506	0.109309	0.640489
649	0.86933	0.109406	0.64062
650	0.869155	0.109529	0.639981
651	0.868979	0.109646	0.639536
652	0.868804	0.109749	0.639475
653	0.868628	0.109853	0.639414
654	0.868452	0.10995	0.639543
655	0.868276	0.110047	0.639672
656	0.8681	0.110157	0.639419
657	0.867924	0.11026	0.639357
658	0.867748	0.11037	0.639104
659	0.867572	0.110474	0.639041
660	0.867395	0.110577	0.638978
661	0.867219	0.110694	0.638536
662	0.867042	0.110791	0.638663
663	0.866865	0.110901	0.63841
664	0.866688	0.111018	0.637969
665	0.866511	0.111122	0.637906
666	0.866334	0.111252	0.637089
667	0.866157	0.111355	0.637026
668	0.86598	0.111479	0.636401
669	0.865802	0.111596	0.635964
670	0.865625	0.111707	0.635715
671	0.865447	0.111837	0.634908
672	0.865269	0.111948	0.63466
673	0.865092	0.112065	0.634227
674	0.864914	0.112168	0.634165
675	0.864736	0.112279	0.633918
676	0.864557	0.112383	0.633856
677	0.864379	0.1125	0.633425
678	0.864201	0.11261	0.633179
679	0.864022	0.112714	0.633117
680	0.863844	0.112811	0.633238
681	0.863665	0.112928	0.632808
682	0.863486	0.113046	0.63238
683	0.863307	0.113163	0.631952
684	0.863128	0.11326	0.632072
685	0.862949	0.113364	0.632009
686	0.86277	0.113468	0.631947
687	0.862591	0.113572	0.631884
688	0.862411	0.113682	0.631639
689	0.862232	0.113793	0.631394
690	0.862052	0.113897	0.631331
691	0.861872	0.114007	0.631086
692	0.861693	0.114125	0.630661
693	0.861513	0.114236	0.630418
694	0.861333	0.114353	0.629994
695	0.861152	0.114471	0.629572
696	0.860972	0.114575	0.629509
697	0.860792	0.114686	0.629266
698	0.860611	0.11479	0.629203
699	0.860431	0.114907	0.628782
700	0.86025	0.115018	0.62854
701	0.86007	0.115115	0.628655
702	0.859889	0.115219	0.628592
703	0.859718	0.115307	0.628665
704	0.859581	0.115376	0.628233
705	0.859523	0.115394	0.626931
706	0.859589	0.115279	0.625229
707	0.859741	0.115092	0.623448
708	0.85981	0.114951	0.623655
709	0.86	0.114692	0.622604
710	0.860214	0.114492	0.620691
711	0.860309	0.114345	0.619538
712	0.860807	0.113903	0.622038
713	0.860408	0.1141	0.618968
714	0.861097	0.113598	0.619416
715	0.861138	0.113586	0.617795
716	0.861552	0.113128	0.619496
717	0.861063	0.113361	0.618319
718	0.861655	0.113034	0.615733
719	0.862085	0.112626	0.618868
720	0.862713	0.112178	0.617686
721	0.862701	0.112172	0.614331
722	0.862782	0.111682	0.612627
723	0.863172	0.111391	0.611919
724	0.863713	0.111162	0.609069
725	0.86473	0.110134	0.612903
726	0.864765	0.110189	0.607769
727	0.865617	0.10941	0.60983
728	0.866271	0.108889	0.612097
729	0.867022	0.108394	0.608858
730	0.867154	0.10838	0.607676
731	0.866195	0.108543	0.603356
732	0.866436	0.108226	0.603433
733	0.867065	0.107986	0.602952
734	0.867742	0.107188	0.605611
735	0.868358	0.106856	0.604795
736	0.868501	0.106655	0.601916
737	0.869254	0.106124	0.601598
738	0.869915	0.105537	0.604094
739	0.87052	0.105267	0.601787
740	0.870809	0.104965	0.602588
741	0.871253	0.104481	0.603423
742	0.871358	0.10461	0.603414
743	0.871997	0.103966	0.603848
744	0.872511	0.103725	0.603234
745	0.872951	0.103344	0.606072
746	0.873153	0.103347	0.602099
747	0.873209	0.103279	0.600996
748	0.872992	0.103063	0.59916
749	0.871823	0.10339	0.593548
750	0.872534	0.103018	0.593368
751	0.873111	0.102488	0.593266
752	0.873317	0.102346	0.592149
753	0.87322	0.102324	0.590847
754	0.874095	0.101925	0.590961
755	0.875161	0.101003	0.591776
756	0.87555	0.100697	0.592371
757	0.87587	0.100467	0.592183
758	0.876035	0.100288	0.58771
759	0.876572	0.100013	0.585982
760	0.877267	0.0995637	0.591475
761	0.878018	0.0989988	0.585266
762	0.878058	0.0989755	0.585799
763	0.878212	0.0987297	0.584937
764	0.879066	0.0980903	0.586132
765	0.8796	0.0978488	0.585248
766	0.879966	0.0974594	0.588247
767	0.880251	0.0973049	0.586051
768	0.880839	0.0969244	0.581603
769	0.881282	0.0964803	0.58536
770	0.882026	0.0958812	0.584861
771	0.88245	0.0955981	0.585736
772	0.883036	0.0952694	0.581182
773	0.883525	0.0947679	0.583267
774	0.883995	0.0943866	0.581824
775	0.884561	0.0940543	0.580055
776	0.885828	0.0929077	0.583237
777	0.885893	0.0928641	0.580115
778	0.886789	0.0921798	0.581408
779	0.887005	0.0919423	0.583933
780	0.88757	0.0915811	0.579414
781	0.887799	0.0914398	0.576305
782	0.888754	0.0907043	0.576634
783	0.889537	0.0901135	0.568883
784	0.889978	0.0896731	0.570845
785	0.891631	0.0884005	0.572241
786	0.891915	0.0882783	0.568353
787	0.892827	0.0873908	0.56891
788	0.893557	0.086876	0.568089
789	0.891412	0.0880507	0.552727
790	0.889561	0.0885005	0.545487
791	0.89088	0.0876318	0.548884
792	0.890918	0.0872929	0.549234
793	0.892575	0.0861089	0.547925
794	0.891618	0.0869832	0.544163
795	0.892754	0.0860007	0.546882
796	0.893111	0.0858311	0.545674
797	0.894162	0.0850241	0.547059
798	0.89451	0.0847333	0.548913
799	0.894886	0.0846476	0.544149
800	0.895054	0.0845089	0.539998
801	0.895756	0.0839921	0.538821
802	0.896421	0.0832921	0.539839
803	0.896927	0.0830369	0.536537
804	0.897839	0.0822429	0.540779
805	0.89878	0.081529	0.537229
806	0.898974	0.0812462	0.534484
807	0.900443	0.0800712	0.534383
808	0.900719	0.0799824	0.529497
809	0.901139	0.0794209	0.528443
810	0.902106	0.0790111	0.526581
811	0.902985	0.0780523	0.526628
812	0.903248	0.0777642	0.526605
813	0.904147	0.0771749	0.527376
814	0.905334	0.0761602	0.526592
815	0.905679	0.0761167	0.523103
816	0.906534	0.0753154	0.521386
817	0.907128	0.0748327	0.528515
818	0.907311	0.0748182	0.522264
819	0.90795	0.0743328	0.519971
820	0.909107	0.0733661	0.523091
821	0.909016	0.0734377	0.519735
822	0.909922	0.0727435	0.518584
823	0.909749	0.0728399	0.516924
824	0.910857	0.072002	0.518273
825	0.911063	0.0717874	0.51513
826	0.912074	0.0710111	0.510891
827	0.913239	0.0701674	0.510445
828	0.913997	0.0694458	0.50849
829	0.914015	0.0695773	0.506462
830	0.914929	0.0688854	0.504318
831	0.915666	0.068397	0.506209
832	0.916029	0.0678122	0.5039
833	0.916628	0.0675952	0.497385
834	0.917564	0.0666634	0.502302
835	0.918164	0.066159	0.493756
836	0.919432	0.0651462	0.496368
837	0.920612	0.064139	0.499477
838	0.920626	0.0643228	0.494695
839	0.921164	0.0638157	0.487844
840	0.921905	0.0632281	0.486022
841	0.923108	0.0621138	0.485512
842	0.924232	0.061265	0.484526
843	0.92495	0.0607072	0.476498
844	0.925706	0.0600868	0.477609
845	0.925755	0.0602145	0.469884
846	0.926661	0.0593499	0.471777
847	0.926905	0.0591734	0.46734
848	0.928792	0.0576568	0.470141
849	0.929698	0.0569362	0.464524
850	0.929882	0.0567723	0.456456
851	0.93127	0.0555171	0.46273
852	0.931296	0.0556264	0.454511
853	0.931529	0.0554614	0.455757
854	0.932415	0.0549694	0.446926
855	0.933962	0.0535806	0.446851
856	0.934372	0.0530794	0.447991
857	0.935641	0.0519943	0.446547
858	0.935773	0.0521197	0.445877
859	0.936933	0.0509454	0.442788
860	0.936503	0.0515372	0.438357
861	0.937959	0.0501596	0.438339
862	0.938911	0.049517	0.441768
863	0.939282	0.0492484	0.435674
864	0.940465	0.0481266	0.436826
865	0.940788	0.048229	0.424466
866	0.942021	0.046895	0.424686
867	0.942071	0.0470647	0.419245
868	0.943154	0.046114	0.414754
869	0.943885	0.0456121	0.418178
870	0.944726	0.044804	0.408561
871	0.945098	0.0445208	0.40646
872	0.947141	0.042676	0.400352
873	0.947618	0.0423521	0.39498
874	0.948103	0.0421398	0.391714
875	0.948766	0.0415719	0.389105
876	0.949616	0.0407372	0.385871
877	0.950631	0.0399305	0.382111
878	0.951008	0.0396321	0.384338
879	0.952041	0.0387828	0.375734
880	0.953293	0.0376931	0.372383
881	0.953981	0.0371297	0.362057
882	0.954332	0.0369601	0.356353
883	0.956423	0.0350516	0.356585
884	0.956316	0.0352485	0.352349
885	0.957229	0.0345615	0.346613
886	0.95734	0.0346336	0.345988
887	0.958911	0.033186	0.336671
888	0.960141	0.0321916	0.326891
889	0.960647	0.0316691	0.32859
890	0.961125	0.0314067	0.319984
891	0.961711	0.0310141	0.315131
892	0.96216	0.0306022	0.316624
893	0.962999	0.0298312	0.304242
894	0.964569	0.0285981	0.306002
895	0.965489	0.0278206	0.295144
896	0.965459	0.0279301	0.291653
897	0.96603	0.0273816	0.291145
898	0.966896	0.0267927	0.275618
899	0.967797	0.0259966	0.274864
900	0.968114	0.0258056	0.273757
901	0.969072	0.0249337	0.262585
902	0.969127	0.0249908	0.265048
903	0.97059	0.0237807	0.248776
904	0.971362	0.023102	0.24675
905	0.9726	0.0220625	0.241101
906	0.973313	0.0214638	0.229237
907	0.973681	0.0212179	0.22356
908	0.974977	0.0201766	0.213118
909	0.975159	0.0199604	0.207895
910	0.976043	0.0192871	0.195097
911	0.977726	0.0178573	0.182085
912	0.977818	0.0178355	0.178548
913	0.979652	0.016339	0.156774
914	0.979556	0.0163773	0.149208
915	0.980152	0.0159372	0.1409
916	0.981689	0.014535	0.125132
917	0.981589	0.0147303	0.129701
918	0.982422	0.0140688	0.118579
919	0.982867	0.0137009	0.118095
920	0.984215	0.0125909	0.103721
921	0.983553	0.0132088	0.111773
922	0.98387	0.0129295	0.108656
923	0.984088	0.0127901	0.107952
924	0.983885	0.0130812	0.122965
925	0.983939	0.0130231	0.11404
926	0.984446	0.0126252	0.108267
927	0.985463	0.0118189	0.104006
928	0.985507	0.0117893	0.107573
929	0.984971	0.0122	0.103152
930	0.984807	0.0123828	0.112106
931	0.986308	0.0112022	0.101569
932	0.987537	0.0101305	0.091675
933	0.986042	0.0115132	0.109238
934	0.985976	0.0115917	0.101853
935	0.981192	0.0152611	0.110771
936	0.969778	0.0240953	0.125926
937	0.970144	0.0235889	0.129169
938	0.971658	0.0226141	0.13078
939	0.972537	0.0220307	0.12432
940	0.972346	0.0220686	0.128798
941	0.970777	0.0236654	0.134629
942	0.970837	0.0233746	0.130883
943	0.971538	0.0228559	0.130315
944	0.972296	0.0222106	0.123894
945	0.971979	0.0224754	0.12382
946	0.971078	0.023251	0.132408
947	0.971345	0.0229891	0.131566
948	0.971168	0.0230567	0.124807
949	0.970984	0.0233096	0.129455
950	0.973124	0.021795	0.125009
951	0.972894	0.0222556	0.127576
952	0.973811	0.0213526	0.121556
953	0.973776	0.0213734	0.131691
954	0.973792	0.021421	0.127588
955	0.972846	0.0221885	0.138218
956	0.972725	0.0222733	0.140602
957	0.973253	0.0218164	0.135358
958	0.972815	0.0221153	0.140628
959	0.972534	0.0223668	0.134609
960	0.973438	0.0216854	0.131284
960	0.973438	0.0216854	0.131284
961	0.972535	0.0224086	0.138974
962	0.972433	0.0224942	0.133046
963	0.972515	0.0224212	0.128327
964	0.972782	0.0221922	0.128209
965	0.972375	0.0224886	0.133972
966	0.973908	0.0212876	0.120123
967	0.973672	0.0214188	0.122965
968	0.973115	0.0218929	0.129357
969	0.972844	0.0221485	0.127486
970	0.973254	0.0217541	0.118983
971	0.973334	0.0216764	0.121804
972	0.972787	0.0222338	0.12598
973	0.975613	0.0202665	0.121456
974	0.976635	0.0195721	0.12016
975	0.975805	0.0202539	0.128544
976	0.975301	0.0205931	0.127279
977	0.9759	0.0201287	0.13089
978	0.97627	0.0198734	0.121192
979	0.975915	0.0201408	0.119489
980	0.975347	0.0207147	0.123828
981	0.976213	0.019857	0.125351
982	0.97669	0.0195197	0.125476
983	0.976451	0.019711	0.122115
984	0.97609	0.0199845	0.122487
985	0.976774	0.019491	0.120887
986	0.976056	0.020109	0.122116
987	0.976196	0.0198607	0.121682
988	0.97584	0.0201373	0.120803
989	0.975055	0.0208816	0.125137
990	0.976277	0.0197831	0.119506
991	0.976581	0.0195436	0.119289
992	0.976115	0.0200457	0.125132
993	0.97635	0.0197607	0.115573
994	0.975645	0.0204489	0.126605
995	0.974713	0.0212849	0.125309
996	0.975097	0.0208284	0.130653
997	0.975011	0.0209917	0.133293
998	0.975358	0.0205416	0.131689
999	0.974735	0.0211884	0.131123
1000	0.97521	0.0207907	0.126734
1001	0.974843	0.0210892	0.129441
1002	0.974593	0.021206	0.140545
1003	0.974038	0.0217439	0.133257
1004	0.974548	0.0212461	0.132953
1005	0.975567	0.0204362	0.131881
1006	0.976663	0.0194688	0.122709
1007	0.975271	0.0206307	0.123397
1008	0.974728	0.021176	0.128785
1009	0.975383	0.0204972	0.123476
1010	0.974757	0.0211098	0.128572
1011	0.974868	0.0209837	0.127725
1012	0.975683	0.0202513	0.122924
1013	0.975887	0.0201349	0.124306
1014	0.974946	0.0209098	0.125321
1015	0.975125	0.0207394	0.123605
1016	0.975591	0.0203503	0.121843
1017	0.974975	0.0208845	0.128533
1018	0.974834	0.0209452	0.137366
1019	0.975023	0.0208418	0.13225
1020	0.975126	0.0208285	0.12522
1021	0.975345	0.0204685	0.130974
1022	0.975849	0.0201059	0.128465
1023	0.975317	0.0205783	0.128781
1024	0.974244	0.0216028	0.133583
1025	0.975001	0.0208	0.128243
1026	0.979191	0.0181055	0.126185
1027	0.981556	0.0163505	0.117627
1028	0.980932	0.0169079	0.12297
1029	0.980849	0.0169566	0.129849
1030	0.981663	0.0162099	0.124979
1031	0.982002	0.0159407	0.122676
1032	0.980701	0.0170749	0.124603
1033	0.981845	0.0160984	0.117037
1034	0.980953	0.0168345	0.129265
1035	0.98022	0.0175288	0.134495
1036	0.980392	0.0174084	0.134251
1037	0.981051	0.0167648	0.12949
1038	0.980611	0.0171978	0.128399
1039	0.981153	0.0166853	0.126619
1040	0.980914	0.0168867	0.122059
1041	0.980801	0.0169109	0.126725
1042	0.981023	0.0168217	0.126269
1043	0.981294	0.0166107	0.124336
1044	0.98083	0.0169212	0.119097
1045	0.981035	0.0167571	0.122217
1046	0.98155	0.016301	0.119495
1047	0.981176	0.0167537	0.118376
1048	0.980573	0.017146	0.123062
1049	0.982436	0.0154191	0.10975
1050	0.980616	0.0170833	0.132004
1051	0.980709	0.0170482	0.126039
1052	0.98167	0.0162232	0.115435
1053	0.981418	0.0165076	0.116083
1054	0.981783	0.0160952	0.114295
1055	0.981868	0.0160208	0.114249
1056	0.981576	0.016266	0.115863
1057	0.98138	0.0164846	0.117085
1058	0.980918	0.0168562	0.120393
1059	0.981088	0.0167127	0.119455
1060	0.981306	0.0165231	0.123306
1061	0.980725	0.017072	0.122138
1062	0.980629	0.0171254	0.128569
1063	0.980934	0.0169012	0.125926
1064	0.980686	0.0170531	0.129668
1065	0.980004	0.0176821	0.130303
1066	0.979873	0.0177958	0.144597
1067	0.980314	0.0174737	0.136353
1068	0.979789	0.0179078	0.139709
1069	0.978804	0.018709	0.142288
1070	0.980499	0.0172587	0.133632
1071	0.980136	0.017569	0.134201
1072	0.980754	0.0170834	0.131728
1073	0.980275	0.0174364	0.129923
1074	0.979773	0.0179447	0.131986
1075	0.98006	0.0176522	0.134193
1076	0.979859	0.0177975	0.131612
1077	0.980422	0.0173869	0.125149
1078	0.978976	0.0186409	0.138974
1079	0.980015	0.0177401	0.131562
1080	0.980464	0.0172796	0.130644
1081	0.98063	0.0171921	0.130691
1082	0.98021	0.0175026	0.139772
1083	0.980309	0.0174745	0.128442
1084	0.979893	0.017758	0.132267
1085	0.980494	0.0172376	0.12629
1086	0.980258	0.0174071	0.131709
1087	0.98009	0.0176151	0.125963
1088	0.979479	0.0181475	0.130299
1089	0.980448	0.0173061	0.127131
1090	0.979992	0.017713	0.126492
1091	0.980679	0.0170806	0.121781
1092	0.979962	0.0176641	0.120841
1093	0.980552	0.0172168	0.119693
1094	0.98053	0.0171924	0.12554
1095	0.980485	0.0173919	0.122314
1096	0.979605	0.0180762	0.130482
1097	0.979414	0.0182136	0.131344
1098	0.979385	0.0182999	0.129079
1099	0.980123	0.0175525	0.124435
1100	0.979143	0.0185326	0.130217
1101	0.978914	0.0186047	0.130622
1102	0.97979	0.0178459	0.130614
1103	0.978715	0.0188241	0.133721
1104	0.979733	0.0178418	0.126894
1105	0.979422	0.0180599	0.135095
1106	0.979	0.0185918	0.139181
1107	0.978581	0.0189964	0.136373
1108	0.981201	0.0166288	0.123042
1109	0.979236	0.0183751	0.135189
1110	0.978345	0.0191618	0.1477
1111	0.979253	0.0182444	0.138117
1112	0.979069	0.0185899	0.144256
1113	0.978915	0.0186502	0.146118
1114	0.978972	0.0186285	0.150066
1115	0.978198	0.0193978	0.157219
1116	0.977846	0.0195314	0.15444
1117	0.97845	0.0190047	0.139783
1118	0.978812	0.0186792	0.140281
1119	0.979875	0.0177482	0.130347
1120	0.978973	0.018594	0.135813
1121	0.97907	0.0184508	0.134998
1122	0.978793	0.0187653	0.137717
1123	0.97887	0.0187387	0.136154
1124	0.978107	0.0193566	0.143325
1125	0.978783	0.0186721	0.14089
1126	0.978426	0.019033	0.140464
1127	0.97874	0.0187872	0.138271
1128	0.977868	0.0195067	0.144486
1129	0.978926	0.0185442	0.143865
1130	0.978517	0.0189545	0.144549
1131	0.97872	0.0188813	0.139948
1132	0.978595	0.0188345	0.141087
1133	0.978157	0.0193748	0.137489
1134	0.979433	0.0181567	0.135296
1135	0.978758	0.018789	0.145892
1136	0.978833	0.0186018	0.133291
1137	0.978298	0.0191586	0.136322
1138	0.979516	0.0181224	0.132049
1139	0.97828	0.0191858	0.136843
1140	0.978232	0.0191854	0.138345
1141	0.979088	0.0184672	0.136487
1142	0.978915	0.0186359	0.138368
1143	0.978203	0.0192755	0.141341
1144	0.978821	0.0186208	0.137448
1145	0.979312	0.0181942	0.126966
1146	0.978362	0.0191507	0.139604
1147	0.979267	0.0183095	0.140155
1148	0.978462	0.0190723	0.141605
1149	0.978305	0.0190535	0.135869
1150	0.978794	0.0186538	0.12557
1151	0.979099	0.0183861	0.129315
1152	0.977991	0.0194927	0.136988
1153	0.977057	0.0202204	0.139563
1154	0.977365	0.0199567	0.139563
1155	0.978544	0.0188698	0.135093
1156	0.977593	0.0197357	0.147937
1157	0.977178	0.0202239	0.144594
1158	0.978636	0.0189106	0.140102
1159	0.979482	0.0181117	0.127719
1160	0.978563	0.0188484	0.131559
1161	0.97799	0.0194166	0.138008
1162	0.978852	0.0186783	0.138726
1163	0.977965	0.0193474	0.137738
1164	0.977729	0.0195882	0.142269
1165	0.978754	0.0187666	0.132237
1166	0.977849	0.0194745	0.150773
1167	0.978124	0.0193138	0.143538
1168	0.978105	0.0193158	0.145578
1169	0.978485	0.0189414	0.139814
1170	0.978099	0.0193194	0.140889
1171	0.977195	0.0201061	0.14255
1172	0.977345	0.0199913	0.144559
1173	0.978458	0.0189116	0.134221
1174	0.979558	0.0180424	0.128487
1175	0.978258	0.0192374	0.132075
1176	0.978677	0.0188538	0.139055
1177	0.977898	0.0194782	0.136917
1178	0.978155	0.0192235	0.139213
1179	0.977053	0.0202503	0.141121
1180	0.976772	0.0205425	0.143987
1181	0.977392	0.0199233	0.146579
1182	0.977952	0.0194732	0.149857
1183	0.977358	0.0200458	0.145462
1184	0.977697	0.0196781	0.144667
1185	0.977471	0.0199715	0.143084
1186	0.978448	0.0190329	0.136151
1187	0.977467	0.0198925	0.143991
1188	0.977591	0.0197484	0.144872
1189	0.976151	0.0209285	0.154603
1190	0.977431	0.0199255	0.141783
1191	0.977927	0.0195148	0.14173
1192	0.979208	0.0183278	0.131622
1193	0.978487	0.0189104	0.135585
1194	0.976857	0.0203628	0.140786
1195	0.977534	0.0198249	0.147987
1196	0.977329	0.0199559	0.14195
1197	0.977192	0.0200633	0.139567
1198	0.977663	0.0196535	0.143362
1199	0.97797	0.0194169	0.137369
1200	0.976704	0.0205653	0.148439
1201	0.977365	0.0200677	0.1433
1202	0.977589	0.0197157	0.136314
1203	0.977675	0.0196084	0.140655
1204	0.97689	0.0203179	0.147409
1205	0.976521	0.0207388	0.146298
1206	0.977161	0.0201729	0.147904
1207	0.97772	0.0196959	0.142112
1208	0.977441	0.0198902	0.144992
1209	0.977739	0.019603	0.143618
1210	0.976968	0.0202352	0.151044
1211	0.976681	0.0205325	0.151367
1212	0.978781	0.0187538	0.137094
1213	0.977072	0.0203134	0.146168
1214	0.977275	0.0200471	0.143631
1215	0.977227	0.0200454	0.138422
1216	0.994455	0.0053893	0.100628
1217	0.999036	0.000956311	0.190654
1218	0.999211	0.00078351	0.153212
1219	0.999365	0.000629984	0.120122
1220	0.999485	0.00051079	0.0921956
1221	0.999575	0.000421651	0.0719527
1222	0.999642	0.000354723	0.0577165
1223	0.999694	0.000303723	0.0468582
1224	0.999734	0.000264027	0.0387253
1225	0.999766	0.000232545	0.0323379
1226	0.999791	0.000207017	0.0277687
1227	0.999812	0.000186078	0.0239698
1228	0.99983	0.000168653	0.0207819
1229	0.999845	0.000153915	0.0183064
1230	0.999857	0.000141327	0.0162769
1231	0.999868	0.000130479	0.0145461
1232	0.999878	0.000121062	0.0130151
1233	0.999886	0.000112781	0.0117867
1234	0.999894	0.000105467	0.0107268
1235	0.9999	9.89591e-05	0.00982085
1236	0.999906	9.31602e-05	0.00897261
1237	0.999911	8.7924e-05	0.008291
1238	0.999916	8.31995e-05	0.00767519
1239	0.99992	7.89066e-05	0.00713746
1240	0.999924	7.50006e-05	0.00664637
1241	0.999928	7.1429e-05	0.00620533
1242	0.999931	6.81459e-05	0.00581589
1243	0.999934	6.5139e-05	0.0054325
1244	0.999937	6.23417e-05	0.00512808
1245	0.99994	5.97556e-05	0.00484326
1246	0.999942	5.73573e-05	0.00457618
1247	0.999944	5.51306e-05	0.0043195
1248	0.999947	5.30439e-05	0.00410043
1249	0.999949	5.10964e-05	0.00389831
1250	0.99995	4.92714e-05	0.00371138
1251	0.999952	4.75602e-05	0.00353345
1252	0.999954	4.59403e-05	0.00339063
1253	0.999955	4.44301e-05	0.00322741
1254	0.999957	4.29903e-05	0.00309995
1255	0.999958	4.16461e-05	0.00295736
1256	0.999959	4.03669e-05	0.00283902
1257	0.999961	3.91547e-05	0.00272455
1258	0.999962	3.80057e-05	0.00261707
1259	0.999963	3.69169e-05	0.00251292
1260	0.999964	3.5877e-05	0.00242106
1261	0.999965	3.48879e-05	0.00233449
1262	0.999966	3.39446e-05	0.00225269
1263	0.999967	3.30488e-05	0.00217266
1264	0.999968	3.21877e-05	0.00210221
1265	0.999968	3.13661e-05	0.00203543
1266	0.999969	3.05858e-05	0.00196219
1267	0.99997	2.98282e-05	0.00190941
1268	0.999971	2.90716e-05	0.00184981
1269	0.999971	2.83836e-05	0.00179096
1270	0.999972	2.77258e-05	0.00172854
1271	0.999973	2.70849e-05	0.00168787
1272	0.999973	2.64735e-05	0.00163885
1273	0.999974	2.58823e-05	0.001596
1274	0.999975	2.52866e-05	0.00154915
1275	0.999975	2.47419e-05	0.00150632
1276	0.999976	2.42166e-05	0.00146718
1277	0.999976	2.37117e-05	0.0014261
1278	0.999977	2.32233e-05	0.00139023
1279	0.999977	2.27525e-05	0.00135246
1280	0.999978	2.22973e-05	0.00131947
1281	0.999978	2.18533e-05	0.00129093
1282	0.999978	2.14332e-05	0.00125273
1283	0.999979	2.10204e-05	0.00122501
1284	0.999979	2.06233e-05	0.001194
1285	0.99998	2.02365e-05	0.00116696
1286	0.99998	1.98651e-05	0.00113544
1287	0.99998	1.95007e-05	0.00111312
1288	0.999981	1.91484e-05	0.0010903
1289	0.999981	1.88119e-05	0.00105932
1290	0.999981	1.84798e-05	0.00103819
1291	0.999982	1.81501e-05	0.00101776
1292	0.999982	1.78435e-05	0.000988612
1293	0.999982	1.7538e-05	0.000973136
1294	0.999983	1.72407e-05	0.000954728
1295	0.999983	1.6909e-05	0.000940117
1296	0.999983	1.6639e-05	0.000913052
1297	0.999984	1.63671e-05	0.000896475
1298	0.999984	1.61016e-05	0.000882496
1299	0.999984	1.58514e-05	0.000857743
1300	0.999984	1.56012e-05	0.000843735
