600	0.108285	0.372979	0.105224
601	0.108012	0.370533	0.105014
602	0.108163	0.370193	0.10509
603	0.107998	0.369112	0.10491
604	0.108968	0.370859	0.10593
605	0.108486	0.369448	0.105396
606	0.108748	0.369002	0.105679
607	0.109057	0.369488	0.105973
608	0.109263	0.368893	0.106189
609	0.10909	0.366954	0.106004
610	0.109282	0.367727	0.106111
611	0.109258	0.366872	0.10606
612	0.109362	0.365798	0.106216
613	0.109875	0.366214	0.106665
614	0.109565	0.365783	0.106338
615	0.109855	0.365405	0.106694
616	0.11025	0.365441	0.107093
617	0.110404	0.365995	0.107164
618	0.110853	0.366593	0.107522
619	0.11089	0.364584	0.107563
620	0.111368	0.364268	0.108111
621	0.110969	0.362855	0.107683
622	0.111463	0.363249	0.108189
623	0.111547	0.361688	0.108218
624	0.112116	0.363333	0.108728
625	0.112501	0.362883	0.109174
626	0.112294	0.360864	0.108981
627	0.11283	0.361975	0.109434
628	0.113503	0.363386	0.109981
629	0.114044	0.363066	0.110586
630	0.114124	0.361932	0.110673
631	0.113702	0.360481	0.110176
632	0.11454	0.361527	0.110964
633	0.114903	0.360875	0.111376
634	0.114388	0.357996	0.110878
635	0.11515	0.360306	0.11157
636	0.115554	0.358699	0.112028
637	0.116322	0.360093	0.112699
638	0.115659	0.357949	0.112076
639	0.115801	0.357341	0.112199
640	0.116828	0.359653	0.113142
641	0.117066	0.359092	0.113421
642	0.117015	0.357469	0.113374
643	0.117656	0.358837	0.113946
644	0.117795	0.357603	0.114105
645	0.118134	0.358062	0.11436
646	0.118569	0.357665	0.114792
647	0.118257	0.356553	0.114437
648	0.118915	0.357562	0.115085
649	0.119348	0.358176	0.115447
650	0.119656	0.357546	0.11577
651	0.119954	0.357706	0.116053
652	0.120162	0.355625	0.116262
653	0.120472	0.355171	0.116519
654	0.120617	0.354545	0.116719
655	0.120593	0.352851	0.116679
656	0.121127	0.354362	0.117162
657	0.121631	0.354304	0.117629
658	0.12166	0.352524	0.117713
659	0.121944	0.353528	0.11787
660	0.122085	0.352442	0.118019
661	0.122718	0.352118	0.118625
662	0.123224	0.353394	0.119027
663	0.123452	0.352662	0.119305
664	0.124317	0.353858	0.120051
665	0.124371	0.352606	0.120113
666	0.124407	0.352277	0.120066
667	0.12521	0.35354	0.120844
668	0.125186	0.350722	0.12095
669	0.125522	0.350704	0.121251
670	0.126284	0.352073	0.121972
671	0.126419	0.351914	0.122033
672	0.126762	0.350484	0.122425
673	0.126985	0.350642	0.122506
674	0.127932	0.353027	0.123388
675	0.128073	0.351456	0.123468
676	0.128302	0.349967	0.123824
677	0.128288	0.34996	0.12378
678	0.128774	0.349592	0.124239
679	0.129179	0.350242	0.124605
680	0.129403	0.350407	0.124687
681	0.129385	0.346411	0.124835
682	0.130045	0.347967	0.125351
683	0.130746	0.348166	0.126038
684	0.130843	0.34664	0.12614
685	0.13187	0.348137	0.127049
686	0.131514	0.3458	0.126721
687	0.132403	0.346803	0.127516
688	0.13302	0.347635	0.127997
689	0.133421	0.346904	0.128368
690	0.13367	0.346449	0.128615
691	0.134003	0.345946	0.128817
692	0.134802	0.34595	0.129658
693	0.13523	0.345382	0.130058
694	0.135405	0.344399	0.130296
695	0.13593	0.345951	0.130617
696	0.136149	0.344331	0.130827
697	0.136668	0.344128	0.131355
698	0.137159	0.345179	0.131741
699	0.137926	0.344919	0.132561
700	0.138209	0.344298	0.132693
701	0.138993	0.346135	0.133394
702	0.139207	0.345217	0.133587
703	0.138962	0.3425	0.133253
704	0.140241	0.345021	0.134492
705	0.140405	0.345684	0.134481
706	0.140754	0.343989	0.134942
707	0.141641	0.344994	0.135604
708	0.142326	0.345632	0.136279
709	0.142271	0.3429	0.136317
710	0.14313	0.34303	0.137145
711	0.143943	0.344525	0.137803
712	0.144275	0.343067	0.13817
713	0.145218	0.345418	0.138899
714	0.145075	0.343091	0.138767
715	0.145665	0.342603	0.139385
716	0.147162	0.343114	0.140822
717	0.146991	0.340791	0.140639
718	0.148246	0.342029	0.141751
719	0.148986	0.342905	0.142491
720	0.149211	0.342042	0.142636
721	0.149709	0.340637	0.143176
722	0.149857	0.341748	0.143074
723	0.150909	0.340204	0.144166
724	0.150948	0.340413	0.144086
725	0.15237	0.340842	0.145536
726	0.152689	0.338788	0.14584
727	0.153663	0.33891	0.146768
728	0.154354	0.34106	0.147297
729	0.154537	0.339223	0.147391
730	0.155787	0.340636	0.148429
731	0.156729	0.339879	0.149388
732	0.157347	0.34027	0.149943
733	0.158716	0.340469	0.151286
734	0.158887	0.340133	0.15131
735	0.158945	0.338092	0.151358
736	0.160267	0.340353	0.15258
737	0.160643	0.338677	0.152975
738	0.160488	0.337305	0.1528
739	0.162073	0.339282	0.154141
740	0.162346	0.338468	0.154543
741	0.162685	0.336561	0.154852
742	0.16427	0.337158	0.156086
743	0.165378	0.338728	0.157005
744	0.166233	0.338423	0.157786
745	0.166923	0.337277	0.158419
746	0.168307	0.336282	0.159882
747	0.168531	0.334888	0.159896
748	0.169829	0.336379	0.161083
749	0.169792	0.335686	0.160878
750	0.171259	0.335391	0.162418
751	0.170785	0.333093	0.161957
752	0.171903	0.334455	0.162749
753	0.173338	0.33503	0.164057
754	0.173995	0.334593	0.164548
755	0.175333	0.335097	0.166014
756	0.174973	0.33134	0.16584
757	0.176749	0.3348	0.167173
758	0.177424	0.334063	0.167809
759	0.177141	0.33174	0.16745
760	0.178472	0.332842	0.168502
761	0.180023	0.333845	0.169691
762	0.181062	0.331664	0.170774
763	0.181981	0.331397	0.171449
764	0.184232	0.333703	0.173532
765	0.184886	0.332697	0.173989
766	0.185874	0.331909	0.174988
767	0.187168	0.33304	0.175839
768	0.187269	0.329776	0.176004
769	0.188348	0.329069	0.176824
770	0.190699	0.331369	0.178941
771	0.19137	0.32976	0.179712
772	0.192179	0.329809	0.180156
773	0.19478	0.330476	0.183027
774	0.194743	0.328061	0.182685
775	0.196005	0.328799	0.183392
776	0.198326	0.330301	0.185387
777	0.199275	0.328295	0.186391
778	0.199974	0.325024	0.187295
779	0.202229	0.327083	0.189083
780	0.202861	0.325881	0.189399
781	0.204121	0.327835	0.190402
782	0.205557	0.326895	0.191964
783	0.206234	0.32706	0.192188
784	0.208106	0.327788	0.193956
785	0.209627	0.328037	0.195324
786	0.21035	0.326959	0.195907
787	0.211083	0.325859	0.19634
788	0.212367	0.323593	0.197854
789	0.214191	0.324182	0.199318
790	0.215564	0.325774	0.200061
791	0.217087	0.324756	0.201695
792	0.218977	0.323745	0.203311
793	0.219748	0.324383	0.203574
794	0.221151	0.324808	0.204765
795	0.22291	0.323222	0.206463
796	0.224244	0.323285	0.207272
797	0.225307	0.320032	0.208173
798	0.227949	0.320024	0.210897
799	0.22944	0.32123	0.211654
800	0.232113	0.322164	0.214355
801	0.23357	0.320623	0.215796
802	0.235001	0.319673	0.216885
803	0.235889	0.319365	0.217542
804	0.23814	0.319865	0.219256
805	0.239409	0.319473	0.220383
806	0.240463	0.319037	0.22138
807	0.242388	0.318087	0.223036
808	0.243548	0.317098	0.223784
809	0.24486	0.316175	0.224638
810	0.247073	0.316114	0.226376
811	0.249861	0.315814	0.228677
812	0.251203	0.31374	0.229804
813	0.253302	0.314514	0.231355
814	0.255586	0.31437	0.233111
815	0.256213	0.311145	0.233799
816	0.258258	0.310291	0.235601
817	0.260217	0.306786	0.237945
818	0.263793	0.310074	0.240529
819	0.265837	0.311439	0.241508
820	0.267618	0.309125	0.243086
821	0.26936	0.305976	0.244912
822	0.270078	0.306052	0.2441
823	0.273795	0.307338	0.247238
824	0.27575	0.305596	0.248986
825	0.278016	0.302846	0.250987
826	0.281162	0.304027	0.253472
827	0.284316	0.302096	0.256302
828	0.285286	0.30257	0.256177
829	0.287531	0.301522	0.257848
830	0.290912	0.300001	0.260546
831	0.291707	0.298044	0.261867
832	0.293869	0.297743	0.263189
833	0.296166	0.298709	0.264166
834	0.29918	0.297495	0.266609
835	0.302377	0.295942	0.269847
836	0.304003	0.296482	0.269382
837	0.306577	0.295206	0.2716
838	0.309708	0.292711	0.274223
839	0.311126	0.291702	0.274871
840	0.314607	0.290323	0.277468
841	0.317002	0.28934	0.279509
842	0.320066	0.288793	0.2818
843	0.322796	0.28819	0.28291
844	0.325803	0.286808	0.28515
845	0.329844	0.285008	0.288556
846	0.331357	0.285454	0.288535
847	0.336016	0.28621	0.291684
848	0.339443	0.283666	0.295039
849	0.340874	0.282778	0.294898
850	0.341465	0.280374	0.294286
851	0.345624	0.281377	0.296328
852	0.349842	0.277567	0.300902
853	0.352149	0.278345	0.301615
854	0.354677	0.275737	0.302315
855	0.359653	0.274817	0.305929
856	0.364748	0.271674	0.310507
857	0.366336	0.269237	0.310858
858	0.368493	0.269154	0.3108
859	0.372821	0.269071	0.313708
860	0.376344	0.267899	0.315658
861	0.379343	0.26363	0.317609
862	0.382893	0.262758	0.318805
863	0.386945	0.262128	0.320763
864	0.390821	0.260549	0.322064
865	0.395516	0.259533	0.323968
866	0.398828	0.256674	0.324756
867	0.402266	0.256327	0.326208
868	0.406349	0.254979	0.32868
869	0.412246	0.253002	0.33388
870	0.412457	0.250941	0.332686
871	0.41591	0.24976	0.333373
872	0.421974	0.247823	0.336995
873	0.424386	0.24593	0.338081
874	0.427602	0.245647	0.336507
875	0.431449	0.243483	0.338512
876	0.437552	0.240182	0.343889
877	0.441671	0.237504	0.342608
878	0.444952	0.238235	0.341914
879	0.447009	0.236649	0.342152
880	0.453114	0.232978	0.345054
881	0.459304	0.231041	0.348529
882	0.460916	0.23052	0.345234
883	0.469454	0.227996	0.348706
884	0.472879	0.224927	0.349442
885	0.475866	0.22469	0.347703
886	0.480987	0.220204	0.34968
887	0.486305	0.218527	0.348953
888	0.493249	0.216236	0.348963
889	0.49763	0.214488	0.349854
890	0.501991	0.21327	0.347026
891	0.507513	0.210309	0.348561
892	0.512038	0.207468	0.346517
893	0.51772	0.20353	0.346811
894	0.524422	0.201955	0.344899
895	0.529987	0.199434	0.343548
896	0.534681	0.196737	0.343137
897	0.539493	0.196321	0.335313
898	0.54641	0.192391	0.333855
899	0.553508	0.188482	0.333707
900	0.558073	0.187524	0.326472
901	0.565974	0.183097	0.323832
902	0.572384	0.17934	0.320694
903	0.578507	0.176729	0.314888
904	0.583252	0.173183	0.308586
905	0.587339	0.170311	0.303109
906	0.59617	0.168583	0.299383
907	0.603554	0.165117	0.295562
908	0.611102	0.162423	0.283847
909	0.615373	0.16032	0.280001
910	0.623432	0.155597	0.273402
911	0.629727	0.152857	0.264845
912	0.634457	0.152039	0.253626
913	0.644523	0.146074	0.239042
914	0.649494	0.144306	0.228631
915	0.658851	0.139926	0.221452
916	0.666137	0.13644	0.208266
917	0.668873	0.135844	0.208944
918	0.672637	0.13449	0.202816
919	0.678122	0.132645	0.204092
920	0.678625	0.132281	0.198502
921	0.684004	0.130252	0.198258
922	0.685737	0.130362	0.200225
923	0.691062	0.129246	0.198854
924	0.694314	0.129256	0.195392
925	0.693448	0.130348	0.197705
926	0.695691	0.128784	0.197797
927	0.700887	0.127258	0.195983
928	0.699128	0.129361	0.199459
929	0.699431	0.12897	0.200913
930	0.698692	0.130146	0.199033
931	0.708654	0.125545	0.198839
932	0.709134	0.127119	0.201703
933	0.709269	0.12618	0.199299
934	0.708188	0.125805	0.198219
935	0.704005	0.127167	0.19598
936	0.705639	0.126742	0.1938
937	0.704252	0.127795	0.196253
938	0.718045	0.123273	0.1915
939	0.720811	0.124656	0.196264
940	0.720597	0.125481	0.19992
941	0.717709	0.126684	0.204775
942	0.717257	0.125549	0.199292
943	0.717848	0.12413	0.198516
944	0.7173	0.123459	0.196472
945	0.714394	0.125422	0.201079
946	0.714804	0.126373	0.197955
947	0.711748	0.126973	0.200691
948	0.713492	0.125527	0.197306
949	0.709868	0.127458	0.201424
950	0.732831	0.121735	0.199397
951	0.740231	0.118538	0.197794
952	0.737043	0.122125	0.200826
953	0.734225	0.121338	0.202957
954	0.735351	0.122075	0.196933
955	0.7329	0.122747	0.196649
956	0.731151	0.121865	0.199699
957	0.732337	0.122869	0.202605
958	0.730643	0.123497	0.199384
959	0.730138	0.124045	0.203047
960	0.7313	0.122453	0.198309
960	0.7313	0.122453	0.198309
961	0.727817	0.124578	0.202427
962	0.729403	0.122455	0.199194
963	0.72913	0.123795	0.200774
964	0.726927	0.12389	0.201029
965	0.725957	0.123968	0.197669
966	0.725346	0.12339	0.197129
967	0.723432	0.125074	0.197716
968	0.720089	0.125188	0.20441
969	0.720021	0.12667	0.202926
970	0.71986	0.12455	0.205723
971	0.716809	0.126905	0.206655
972	0.718976	0.127808	0.208934
973	0.758605	0.117421	0.204451
974	0.761829	0.116892	0.205725
975	0.759664	0.117923	0.204084
976	0.760476	0.117341	0.209696
977	0.758264	0.118061	0.205702
978	0.758137	0.118575	0.207761
979	0.757521	0.11944	0.205841
980	0.759826	0.116178	0.20285
981	0.754079	0.119981	0.205082
982	0.752662	0.120129	0.201695
983	0.755673	0.11946	0.202766
984	0.750578	0.122044	0.201129
985	0.751002	0.120884	0.201544
986	0.750551	0.122041	0.203897
987	0.750687	0.120394	0.202552
988	0.750197	0.121365	0.206893
989	0.749546	0.120826	0.200347
990	0.74686	0.120849	0.203832
991	0.748408	0.120534	0.20191
992	0.748623	0.12299	0.204919
993	0.744152	0.124243	0.208192
994	0.743255	0.123867	0.208301
995	0.743674	0.123491	0.20914
996	0.743933	0.122925	0.205462
997	0.743236	0.123221	0.210617
998	0.739809	0.124884	0.204483
999	0.741508	0.123419	0.206019
1000	0.741042	0.122971	0.205579
1001	0.741517	0.121347	0.204919
1002	0.740154	0.122906	0.202747
1003	0.736241	0.12449	0.207935
1004	0.736572	0.125233	0.204857
1005	0.736708	0.125266	0.207736
1006	0.736051	0.12616	0.206466
1007	0.734468	0.125784	0.206121
1008	0.733186	0.126607	0.210362
1009	0.73203	0.126609	0.206758
1010	0.731008	0.125341	0.206725
1011	0.732731	0.124645	0.203588
1012	0.730245	0.126782	0.203925
1013	0.732355	0.126038	0.206488
1014	0.730294	0.126044	0.208462
1015	0.730098	0.127109	0.207774
1016	0.727443	0.127797	0.207668
1017	0.723575	0.129251	0.207566
1018	0.72483	0.128884	0.208476
1019	0.721135	0.130405	0.211813
1020	0.720478	0.131335	0.210723
1021	0.723188	0.128378	0.215721
1022	0.72407	0.129113	0.211678
1023	0.722141	0.12759	0.209247
1024	0.721536	0.129021	0.211309
1025	0.718377	0.129526	0.209131
1026	0.789408	0.111015	0.206004
1027	0.806532	0.108872	0.210066
1028	0.808777	0.106919	0.210038
1029	0.809629	0.106491	0.206943
1030	0.808939	0.106245	0.209536
1031	0.80554	0.109	0.210373
1032	0.806148	0.108249	0.211625
1033	0.806472	0.107512	0.207874
1034	0.805792	0.108351	0.200054
1035	0.803629	0.108973	0.205549
1036	0.803987	0.109265	0.21634
1037	0.804224	0.108083	0.212062
1038	0.805005	0.107402	0.208075
1039	0.804648	0.107396	0.207904
1040	0.801033	0.110017	0.207168
1041	0.801062	0.110419	0.206817
1042	0.799825	0.111247	0.21146
1043	0.798599	0.111597	0.208197
1044	0.800497	0.109621	0.20011
1045	0.79685	0.1115	0.206255
1046	0.7994	0.110146	0.210889
1047	0.799746	0.109904	0.208101
1048	0.795798	0.112221	0.211701
1049	0.795228	0.113268	0.216637
1050	0.79339	0.113863	0.212081
1051	0.794215	0.113134	0.213279
1052	0.794365	0.112723	0.210651
1053	0.79257	0.11449	0.211121
1054	0.792842	0.114384	0.209437
1055	0.79252	0.113723	0.214
1056	0.791723	0.11405	0.215829
1057	0.792292	0.113256	0.210123
1058	0.792382	0.113064	0.211588
1059	0.789026	0.115579	0.209982
1060	0.790188	0.113658	0.210352
1061	0.79073	0.113513	0.211775
1062	0.788914	0.113911	0.212172
1063	0.787182	0.114449	0.213537
1064	0.787449	0.115243	0.210125
1065	0.789733	0.114057	0.208996
1066	0.787266	0.114792	0.215612
1067	0.785211	0.11621	0.214265
1068	0.783479	0.117362	0.213686
1069	0.783011	0.115856	0.215396
1070	0.784423	0.116663	0.210434
1071	0.78244	0.118375	0.211954
1072	0.781113	0.117244	0.212676
1073	0.780743	0.118761	0.21117
1074	0.777777	0.120136	0.215315
1075	0.778774	0.117963	0.212387
1076	0.781138	0.117865	0.211972
1077	0.77741	0.120042	0.212454
1078	0.77916	0.118287	0.210175
1079	0.778777	0.118017	0.212774
1080	0.776359	0.120003	0.214457
1081	0.776075	0.120405	0.219078
1082	0.777816	0.118835	0.216864
1083	0.77296	0.12152	0.215021
1084	0.774009	0.121139	0.215947
1085	0.774263	0.119662	0.215438
1086	0.772943	0.120261	0.215593
1087	0.772554	0.120299	0.220519
1088	0.770971	0.122382	0.219823
1089	0.769108	0.122924	0.222057
1090	0.766589	0.124323	0.222395
1091	0.76885	0.123153	0.21835
1092	0.766934	0.123029	0.220571
1093	0.764833	0.124646	0.221429
1094	0.768131	0.122289	0.216961
1095	0.764161	0.123747	0.220891
1096	0.764508	0.125245	0.217902
1097	0.764662	0.124687	0.216926
1098	0.76211	0.12395	0.22031
1099	0.763366	0.124052	0.21943
1100	0.760718	0.126071	0.217106
1101	0.761065	0.124452	0.212839
1102	0.763345	0.123654	0.216181
1103	0.763799	0.123352	0.214637
1104	0.7618	0.124093	0.215659
1105	0.759552	0.126296	0.216923
1106	0.758859	0.125203	0.218068
1107	0.758154	0.126725	0.218589
1108	0.756164	0.126473	0.223104
1109	0.755344	0.127292	0.220532
1110	0.754221	0.127144	0.219105
1111	0.754094	0.127414	0.221566
1112	0.753126	0.12749	0.218605
1113	0.754901	0.126007	0.217396
1114	0.753156	0.127291	0.224863
1115	0.750855	0.128726	0.222415
1116	0.75013	0.129228	0.221238
1117	0.749925	0.129267	0.222396
1118	0.751643	0.127538	0.220351
1119	0.750091	0.127961	0.220962
1120	0.746685	0.131303	0.219246
1121	0.747165	0.130718	0.216746
1122	0.746843	0.12938	0.219594
1123	0.745684	0.130572	0.214337
1124	0.7489	0.128724	0.214732
1125	0.74644	0.12959	0.216524
1126	0.748103	0.128127	0.217452
1127	0.746899	0.129283	0.213322
1128	0.743862	0.130518	0.217226
1129	0.742565	0.131034	0.221874
1130	0.74083	0.132091	0.217686
1131	0.738484	0.133303	0.221796
1132	0.742074	0.130235	0.219704
1133	0.73851	0.131484	0.221337
1134	0.74056	0.131727	0.219847
1135	0.739635	0.131727	0.222293
1136	0.738325	0.13223	0.221228
1137	0.738316	0.131779	0.220214
1138	0.740146	0.132075	0.22296
1139	0.734181	0.13337	0.222259
1140	0.732623	0.133717	0.22224
1141	0.737333	0.133139	0.222977
1142	0.732394	0.135271	0.224357
1143	0.731419	0.13469	0.227334
1144	0.731982	0.13432	0.221555
1145	0.733294	0.134022	0.222796
1146	0.729795	0.135656	0.224779
1147	0.728485	0.135723	0.226195
1148	0.728847	0.135266	0.22663
1149	0.728761	0.135261	0.223142
1150	0.724243	0.137448	0.225795
1151	0.725669	0.136191	0.218617
1152	0.726319	0.13592	0.222461
1153	0.72458	0.135177	0.220409
1154	0.728769	0.133446	0.219865
1155	0.72768	0.135694	0.222662
1156	0.723807	0.136432	0.219314
1157	0.721483	0.138692	0.220077
1158	0.720443	0.138563	0.220617
1159	0.722335	0.137265	0.223236
1160	0.718848	0.139305	0.226588
1161	0.721461	0.136173	0.22337
1162	0.721173	0.13829	0.22219
1163	0.715086	0.139959	0.228026
1164	0.716567	0.139671	0.224764
1165	0.71788	0.138484	0.224271
1166	0.71414	0.139703	0.223542
1167	0.713178	0.141248	0.222556
1168	0.714795	0.139506	0.224678
1169	0.711381	0.140876	0.219462
1170	0.713432	0.140567	0.218904
1171	0.712914	0.140599	0.218458
1172	0.713049	0.140164	0.218015
1173	0.709113	0.141942	0.221122
1174	0.709272	0.140611	0.21862
1175	0.712863	0.138436	0.22349
1176	0.71179	0.139953	0.222763
1177	0.706559	0.142874	0.223573
1178	0.707825	0.141466	0.223715
1179	0.706373	0.143857	0.225063
1180	0.703706	0.142523	0.220489
1181	0.706136	0.141602	0.220363
1182	0.702517	0.1434	0.223091
1183	0.703266	0.141781	0.222074
1184	0.702774	0.141973	0.224369
1185	0.700227	0.144014	0.225049
1186	0.69949	0.142231	0.229348
1187	0.700648	0.144009	0.227865
1188	0.701013	0.142576	0.223673
1189	0.695387	0.145599	0.226956
1190	0.696626	0.143826	0.226132
1191	0.694597	0.146465	0.224403
1192	0.693899	0.14517	0.224827
1193	0.695915	0.146704	0.223155
1194	0.693154	0.146592	0.224834
1195	0.69333	0.144568	0.227895
1196	0.693222	0.146175	0.221318
1197	0.692978	0.146936	0.222195
1198	0.694275	0.145369	0.223121
1199	0.692407	0.146039	0.219857
1200	0.692128	0.147633	0.220856
1201	0.689945	0.146533	0.222339
1202	0.690033	0.145468	0.222925
1203	0.690012	0.147841	0.229462
1204	0.688078	0.147262	0.223535
1205	0.687218	0.148499	0.227173
1206	0.684409	0.149187	0.228799
1207	0.6865	0.147984	0.224742
1208	0.680901	0.150945	0.229024
1209	0.682907	0.150994	0.22601
1210	0.685542	0.148064	0.227103
1211	0.682615	0.147906	0.225833
1212	0.681934	0.149739	0.228153
1213	0.680888	0.149301	0.226366
1214	0.681159	0.147909	0.224497
1215	0.681735	0.149134	0.221888
1216	0.923465	0.0538745	0.178543
1217	0.991323	0.00831219	0.243642
1218	0.993307	0.00639053	0.184442
1219	0.994651	0.00508899	0.142452
1220	0.995582	0.00418755	0.113615
1221	0.996267	0.00352722	0.0918007
1222	0.996787	0.00302859	0.0750842
1223	0.997192	0.00264053	0.0625247
1224	0.997515	0.00233217	0.0527986
1225	0.997777	0.00208337	0.0449362
1226	0.997994	0.00187688	0.0389557
1227	0.998175	0.00170456	0.0340509
1228	0.998329	0.0015582	0.030095
1229	0.998461	0.00143257	0.0268527
1230	0.998575	0.00132477	0.024003
1231	0.998675	0.00123106	0.0215448
1232	0.998763	0.00114809	0.019526
1233	0.998841	0.00107456	0.0177944
1234	0.998911	0.00100922	0.0162716
1235	0.998973	0.000950173	0.0149976
1236	0.999029	0.000897099	0.0138596
1237	0.99908	0.000849293	0.0128335
1238	0.999127	0.00080542	0.011965
1239	0.999169	0.00076574	0.0111502
1240	0.999208	0.000729329	0.010429
1241	0.999244	0.000695373	0.00978683
1242	0.999277	0.000664679	0.00918755
1243	0.999307	0.00063619	0.0086552
1244	0.999335	0.000609929	0.00815691
1245	0.999362	0.000585472	0.00770653
1246	0.999386	0.000562298	0.0073271
1247	0.999409	0.000541117	0.00694196
1248	0.99943	0.000521066	0.0066054
1249	0.99945	0.000502417	0.00628478
1250	0.999469	0.00048486	0.0059916
1251	0.999487	0.000468183	0.00573094
1252	0.999504	0.00045276	0.00546894
1253	0.999519	0.000438032	0.00523722
1254	0.999534	0.000424051	0.00502561
1255	0.999548	0.000411002	0.00481577
1256	0.999562	0.000398479	0.00462998
1257	0.999574	0.000386777	0.0044433
1258	0.999586	0.000375675	0.00426786
1259	0.999598	0.000365125	0.00410278
1260	0.999609	0.00035504	0.00394979
1261	0.999619	0.000345376	0.0038091
1262	0.999629	0.00033622	0.00367246
1263	0.999639	0.000327411	0.00354664
1264	0.999648	0.000318947	0.00343063
1265	0.999657	0.000310856	0.00332052
1266	0.999665	0.000303137	0.00321485
1267	0.999673	0.000295804	0.00311033
1268	0.999681	0.000288731	0.00301382
1269	0.999688	0.000281958	0.00292093
1270	0.999695	0.000275505	0.00282976
1271	0.999702	0.000269274	0.00274454
1272	0.999709	0.000263034	0.00266709
1273	0.999715	0.000257207	0.00259246
1274	0.999721	0.000251641	0.00251951
1275	0.999727	0.000246155	0.00245268
1276	0.999733	0.000240986	0.00238569
1277	0.999738	0.000235996	0.00232147
1278	0.999743	0.000231281	0.00225505
1279	0.999748	0.000226732	0.00219144
1280	0.999753	0.000222219	0.00213368
1281	0.999758	0.000217907	0.0020782
1282	0.999763	0.000213715	0.0020261
1283	0.999767	0.000209632	0.00197714
1284	0.999771	0.000205693	0.00192945
1285	0.999776	0.000201859	0.00188295
1286	0.99978	0.000198128	0.00183923
1287	0.999784	0.000194596	0.00179445
1288	0.999787	0.000191121	0.00175331
1289	0.999791	0.000187743	0.00171411
1290	0.999795	0.000184454	0.00167531
1291	0.999798	0.000181313	0.00163684
1292	0.999802	0.000178218	0.00160156
1293	0.999805	0.000175194	0.00156835
1294	0.999808	0.000172281	0.0015349
1295	0.999811	0.000169466	0.00150209
1296	0.999814	0.000166711	0.00147118
1297	0.999817	0.000164015	0.0014416
1298	0.99982	0.000161315	0.00141623
1299	0.999823	0.000158799	0.00138677
1300	0.999825	0.000156329	0.00135905
