600	0.091077	0.352965	0.0887482
601	0.0914263	0.352992	0.0890981
602	0.0915684	0.352969	0.0892293
603	0.0917223	0.352122	0.0893853
604	0.0917474	0.350921	0.0893986
605	0.0922886	0.351857	0.0899428
606	0.0918826	0.350752	0.0894969
607	0.0922269	0.350045	0.0898762
608	0.0920683	0.347539	0.0896974
609	0.0927542	0.349949	0.0903467
610	0.0929302	0.349749	0.0905391
611	0.0929362	0.349135	0.0904806
612	0.0933124	0.349348	0.0908544
613	0.0939753	0.351381	0.0914491
614	0.0940285	0.350761	0.0914784
615	0.0938969	0.348498	0.0913797
616	0.0941353	0.348772	0.0915363
617	0.0942966	0.347665	0.0917498
618	0.0947183	0.347559	0.092161
619	0.094473	0.34642	0.0918875
620	0.0949705	0.347199	0.0923915
621	0.0956148	0.347183	0.0929688
622	0.0957707	0.3478	0.0931142
623	0.0952306	0.345269	0.0926028
624	0.0959992	0.346574	0.0933224
625	0.0961939	0.347152	0.0935117
626	0.0966044	0.346992	0.0939403
627	0.0963499	0.345873	0.0936297
628	0.0971602	0.34699	0.0944576
629	0.0971122	0.34608	0.0943365
630	0.0975128	0.345048	0.0948122
631	0.0972664	0.344654	0.0945028
632	0.0976787	0.345028	0.0949219
633	0.0980406	0.34502	0.0952879
634	0.0979928	0.343116	0.0952644
635	0.0983587	0.343798	0.0956193
636	0.0986894	0.343578	0.0958752
637	0.0990361	0.342895	0.0962395
638	0.0988174	0.341673	0.0959984
639	0.0988632	0.339602	0.0960938
640	0.0994565	0.341055	0.096662
641	0.099774	0.341366	0.0969185
642	0.0995916	0.339743	0.0967642
643	0.0997251	0.339858	0.0968964
644	0.100218	0.34167	0.0972535
645	0.10058	0.341182	0.0975848
646	0.100948	0.340886	0.0980066
647	0.101219	0.340407	0.0982476
648	0.101774	0.340925	0.0987674
649	0.101805	0.340075	0.0987859
650	0.101804	0.339514	0.0987511
651	0.102281	0.33832	0.0993169
652	0.102572	0.338327	0.0995866
653	0.102658	0.338011	0.0996334
654	0.103071	0.338976	0.0999963
655	0.103002	0.33804	0.0999007
656	0.103607	0.338056	0.10049
657	0.103803	0.338734	0.10066
658	0.104384	0.340203	0.101143
659	0.104259	0.337222	0.101098
660	0.104771	0.339408	0.101501
661	0.104704	0.337049	0.101535
662	0.104875	0.337269	0.101629
663	0.105218	0.337277	0.101944
664	0.105389	0.335599	0.102097
665	0.105664	0.334891	0.102401
666	0.106634	0.337534	0.103366
667	0.106212	0.334201	0.102931
668	0.107092	0.335038	0.103776
669	0.107335	0.334773	0.104017
670	0.107172	0.333963	0.103771
671	0.107987	0.33576	0.10447
672	0.108241	0.33467	0.104689
673	0.10846	0.335162	0.104844
674	0.108883	0.333654	0.105322
675	0.109537	0.335446	0.105877
676	0.109557	0.333102	0.105909
677	0.109808	0.33323	0.106142
678	0.110375	0.334517	0.106694
679	0.11039	0.332552	0.106715
680	0.1108	0.33268	0.107114
681	0.111234	0.334689	0.107388
682	0.111707	0.333459	0.107957
683	0.111873	0.332921	0.10803
684	0.112309	0.334857	0.108359
685	0.11233	0.334284	0.108333
686	0.112154	0.331254	0.108131
687	0.113297	0.333954	0.109339
688	0.113172	0.332347	0.109184
689	0.11336	0.332159	0.109284
690	0.114127	0.332948	0.110022
691	0.114385	0.333053	0.110215
692	0.11466	0.330636	0.110586
693	0.115244	0.331968	0.111016
694	0.115539	0.331423	0.111348
695	0.116415	0.333854	0.112105
696	0.116537	0.332135	0.112182
697	0.116448	0.330804	0.112125
698	0.117483	0.331124	0.113121
699	0.117805	0.329401	0.113506
700	0.118199	0.32949	0.113804
701	0.118922	0.329705	0.114496
702	0.119267	0.330135	0.114841
703	0.119611	0.33062	0.115044
704	0.119875	0.331249	0.115136
705	0.120389	0.329517	0.115705
706	0.120444	0.327176	0.115838
707	0.12146	0.331358	0.1166
708	0.122026	0.329092	0.117302
709	0.122617	0.328793	0.117807
710	0.122734	0.328878	0.117857
711	0.123539	0.329625	0.118656
712	0.124014	0.329535	0.118969
713	0.12514	0.330565	0.12
714	0.125129	0.328492	0.120117
715	0.126613	0.32981	0.121637
716	0.126722	0.329454	0.121595
717	0.126517	0.327211	0.121329
718	0.127984	0.329842	0.122783
719	0.12795	0.32859	0.122657
720	0.127611	0.326427	0.12241
721	0.128763	0.328301	0.123418
722	0.129094	0.328167	0.123784
723	0.129279	0.326779	0.123859
724	0.130705	0.327352	0.125176
725	0.131223	0.328666	0.125564
726	0.132068	0.328079	0.126404
727	0.132455	0.326637	0.126817
728	0.133824	0.327931	0.127969
729	0.134007	0.324811	0.128294
730	0.134751	0.327651	0.128663
731	0.134328	0.324967	0.128356
732	0.135887	0.327011	0.129873
733	0.13536	0.323479	0.129349
734	0.136343	0.325167	0.130312
735	0.137784	0.32629	0.131593
736	0.137998	0.325178	0.13173
737	0.138798	0.324066	0.132759
738	0.138715	0.323944	0.132474
739	0.139711	0.325124	0.133343
740	0.140044	0.324601	0.133668
741	0.139889	0.321587	0.133546
742	0.142092	0.326403	0.135366
743	0.142399	0.323576	0.135851
744	0.143499	0.323975	0.13672
745	0.144164	0.323406	0.13734
746	0.145804	0.325727	0.138769
747	0.145458	0.32083	0.1387
748	0.14698	0.323861	0.139832
749	0.147605	0.322701	0.140442
750	0.14804	0.320585	0.140802
751	0.149357	0.321807	0.142047
752	0.150482	0.321584	0.143159
753	0.150871	0.322392	0.143359
754	0.152719	0.324441	0.145053
755	0.153199	0.322694	0.145495
756	0.153584	0.32153	0.145604
757	0.155339	0.323301	0.147022
758	0.156122	0.32159	0.147916
759	0.1568	0.319431	0.148692
760	0.158591	0.32145	0.150159
761	0.158587	0.319124	0.150021
762	0.159851	0.321327	0.151142
763	0.161039	0.320717	0.152387
764	0.161808	0.321516	0.152842
765	0.163095	0.323529	0.153919
766	0.164408	0.324174	0.155171
767	0.164461	0.320818	0.155348
768	0.165436	0.320885	0.156304
769	0.166581	0.31927	0.157361
770	0.16743	0.319994	0.1581
771	0.168067	0.320028	0.158564
772	0.169819	0.321219	0.160012
773	0.170806	0.320112	0.160823
774	0.171546	0.320159	0.161473
775	0.172661	0.320491	0.162249
776	0.174083	0.319804	0.163717
777	0.174857	0.318041	0.164459
778	0.176183	0.316851	0.165527
779	0.178391	0.317902	0.167626
780	0.179541	0.318826	0.168492
781	0.181473	0.319116	0.170448
782	0.182559	0.318769	0.170998
783	0.183086	0.319695	0.171319
784	0.184157	0.316779	0.172729
785	0.185703	0.318877	0.173715
786	0.187061	0.317635	0.175231
787	0.187473	0.316969	0.175585
788	0.189234	0.317251	0.176944
789	0.189917	0.316599	0.177268
790	0.191072	0.315095	0.178438
791	0.193457	0.314312	0.180827
792	0.194624	0.313094	0.18167
793	0.19653	0.314569	0.183247
794	0.197625	0.315802	0.184136
795	0.198639	0.312253	0.185166
796	0.199625	0.312102	0.185556
797	0.201383	0.310602	0.187445
798	0.203841	0.312249	0.189706
799	0.20568	0.313004	0.191457
800	0.206902	0.311897	0.192192
801	0.20812	0.309732	0.193245
802	0.20883	0.309599	0.193229
803	0.211679	0.30999	0.195986
804	0.213453	0.309508	0.19724
805	0.21462	0.306363	0.198551
806	0.217653	0.308608	0.201157
807	0.219721	0.307277	0.20325
808	0.220729	0.307239	0.203846
809	0.221986	0.305298	0.204866
810	0.225023	0.305325	0.207474
811	0.225937	0.303391	0.208607
812	0.228118	0.305358	0.210086
813	0.229124	0.30409	0.210711
814	0.23132	0.3054	0.212239
815	0.234027	0.302875	0.215097
816	0.235709	0.303649	0.21601
817	0.23741	0.30086	0.217626
818	0.23889	0.3009	0.218679
819	0.239871	0.301	0.218291
820	0.243821	0.299686	0.222811
821	0.245518	0.300843	0.223722
822	0.247747	0.300397	0.225329
823	0.250095	0.298041	0.227485
824	0.252988	0.299096	0.229582
825	0.254427	0.295765	0.231507
826	0.257683	0.2974	0.234064
827	0.260859	0.296965	0.236144
828	0.262258	0.296438	0.237024
829	0.262182	0.293443	0.236651
830	0.264558	0.293746	0.238368
831	0.267885	0.291713	0.241809
832	0.270384	0.293273	0.242859
833	0.271563	0.291374	0.243682
834	0.275056	0.290919	0.246336
835	0.279265	0.289827	0.249966
836	0.280604	0.287651	0.250975
837	0.282268	0.287531	0.251339
838	0.284845	0.28665	0.254231
839	0.287486	0.286102	0.255722
840	0.290973	0.284586	0.258228
841	0.293127	0.282717	0.260066
842	0.296808	0.283315	0.262145
843	0.299482	0.283191	0.263048
844	0.303454	0.281717	0.265911
845	0.305127	0.278855	0.267462
846	0.307761	0.280515	0.268691
847	0.311571	0.279071	0.271874
848	0.314356	0.279203	0.273738
849	0.31484	0.2758	0.275239
850	0.318183	0.275605	0.276204
851	0.322353	0.275279	0.27934
852	0.323367	0.274011	0.279307
853	0.326519	0.273923	0.281336
854	0.329965	0.272422	0.283882
855	0.333082	0.271069	0.285734
856	0.336703	0.268048	0.288592
857	0.338044	0.270376	0.287689
858	0.341005	0.267317	0.28991
859	0.346204	0.266536	0.293305
860	0.349266	0.265568	0.294837
861	0.353107	0.265572	0.296326
862	0.357691	0.26319	0.300653
863	0.36009	0.261299	0.301493
864	0.362453	0.259876	0.302437
865	0.366905	0.257278	0.304792
866	0.371139	0.256682	0.306703
867	0.375721	0.255408	0.30999
868	0.378514	0.254586	0.310153
869	0.382755	0.250394	0.313966
870	0.386308	0.252026	0.313275
871	0.390865	0.249028	0.315323
872	0.394444	0.247101	0.31698
873	0.399193	0.24438	0.320903
874	0.401841	0.24341	0.319687
875	0.406428	0.242609	0.320685
876	0.409763	0.239461	0.321496
877	0.416126	0.238261	0.323904
878	0.420301	0.236301	0.326146
879	0.425757	0.234268	0.326376
880	0.430506	0.230977	0.330194
881	0.435706	0.228757	0.33243
882	0.43986	0.227978	0.330889
883	0.441745	0.224675	0.32951
884	0.448315	0.224381	0.331428
885	0.453737	0.2223	0.334622
886	0.458532	0.220039	0.333198
887	0.463058	0.219522	0.333484
888	0.468555	0.216294	0.334539
889	0.471533	0.21377	0.333752
890	0.478312	0.213079	0.33132
891	0.482224	0.209882	0.329738
892	0.489143	0.205866	0.332757
893	0.497138	0.203321	0.335354
894	0.50124	0.201842	0.331567
895	0.504959	0.199235	0.328309
896	0.51322	0.19546	0.32894
897	0.515563	0.194325	0.323546
898	0.522083	0.190937	0.320488
899	0.530495	0.188191	0.319779
900	0.535839	0.185778	0.316978
901	0.544819	0.183299	0.31648
902	0.548422	0.181987	0.308545
903	0.555842	0.178004	0.30475
904	0.561401	0.175789	0.299112
905	0.569064	0.172527	0.295348
906	0.573225	0.170251	0.286407
907	0.582007	0.167896	0.285109
908	0.588883	0.162825	0.279682
909	0.594126	0.161707	0.273425
910	0.602332	0.156854	0.263601
911	0.607343	0.154731	0.248873
912	0.614146	0.150929	0.23896
913	0.622143	0.148615	0.229175
914	0.627952	0.146454	0.218129
915	0.639371	0.140646	0.207866
916	0.641551	0.139894	0.201289
917	0.648087	0.138542	0.200912
918	0.64988	0.140104	0.205376
919	0.653401	0.137331	0.20062
920	0.658169	0.13457	0.198347
921	0.661749	0.132688	0.195757
922	0.661956	0.135366	0.19647
923	0.666066	0.133825	0.195989
924	0.669064	0.133788	0.19843
925	0.66943	0.13339	0.19562
926	0.669251	0.132849	0.19891
927	0.681852	0.130973	0.196911
928	0.680486	0.128629	0.198017
929	0.675201	0.133998	0.202067
930	0.675892	0.131554	0.198904
931	0.683883	0.131998	0.197121
932	0.684196	0.131785	0.197266
933	0.685151	0.129735	0.192599
934	0.683862	0.131809	0.201376
935	0.685187	0.13029	0.196428
936	0.684737	0.129814	0.200166
937	0.683638	0.131395	0.199118
938	0.694943	0.128821	0.197925
939	0.701612	0.128906	0.196233
940	0.699829	0.128085	0.19799
941	0.698504	0.129568	0.201253
942	0.698289	0.128053	0.196811
943	0.695546	0.129407	0.1959
944	0.693281	0.129604	0.200479
945	0.691274	0.130913	0.202186
946	0.692355	0.129639	0.199203
947	0.689467	0.129969	0.201459
948	0.688852	0.132799	0.202885
949	0.691456	0.129822	0.202643
950	0.711702	0.126264	0.200702
951	0.71466	0.126995	0.205042
952	0.715874	0.126591	0.203377
953	0.713633	0.127193	0.204081
954	0.713077	0.127278	0.203929
955	0.71164	0.127517	0.203152
956	0.715381	0.124682	0.201655
957	0.709205	0.12863	0.20282
958	0.707571	0.128048	0.199631
959	0.710343	0.12868	0.20046
960	0.704685	0.128734	0.199464
960	0.704685	0.128734	0.199464
961	0.704831	0.128718	0.198021
962	0.704193	0.130521	0.199633
963	0.7047	0.128454	0.200298
964	0.703289	0.129178	0.202938
965	0.701817	0.129047	0.198245
966	0.701641	0.12848	0.199463
967	0.701949	0.128969	0.199416
968	0.701457	0.131171	0.202609
969	0.696988	0.132185	0.202081
970	0.697942	0.132134	0.202922
971	0.695855	0.13185	0.203105
972	0.699911	0.130641	0.201576
973	0.736332	0.124323	0.205864
974	0.741148	0.122774	0.204843
975	0.741319	0.122361	0.202143
976	0.740706	0.1219	0.203702
977	0.74161	0.121505	0.201066
978	0.738499	0.122965	0.20227
979	0.736977	0.124329	0.205405
980	0.736544	0.124947	0.206272
981	0.737529	0.123778	0.203983
982	0.735195	0.125135	0.204878
983	0.732843	0.126133	0.206603
984	0.733147	0.125289	0.205979
985	0.731708	0.12476	0.20476
986	0.731224	0.125476	0.200056
987	0.731527	0.12497	0.2023
988	0.7312	0.125739	0.203321
989	0.731592	0.125155	0.203364
990	0.730843	0.124856	0.206599
991	0.727543	0.125781	0.204778
992	0.724419	0.127437	0.207046
993	0.724632	0.128177	0.206794
994	0.721923	0.128599	0.210949
995	0.719897	0.129816	0.208197
996	0.722896	0.127825	0.21357
997	0.723769	0.128354	0.209455
998	0.722	0.126954	0.207141
999	0.721341	0.127863	0.209393
1000	0.717829	0.128755	0.207208
1001	0.722484	0.125753	0.204721
1002	0.716324	0.129592	0.207514
1003	0.716721	0.129977	0.208613
1004	0.717379	0.128753	0.204876
1005	0.71633	0.129155	0.209005
1006	0.712988	0.130695	0.211016
1007	0.712716	0.129698	0.208138
1008	0.713779	0.130575	0.203311
1009	0.712441	0.130397	0.201276
1010	0.711488	0.129814	0.209002
1011	0.710555	0.131295	0.210924
1012	0.70988	0.13162	0.208738
1013	0.710018	0.129597	0.203667
1014	0.708345	0.13067	0.204339
1015	0.706734	0.131285	0.202247
1016	0.705294	0.13228	0.207348
1017	0.703002	0.134218	0.210075
1018	0.702659	0.132387	0.205071
1019	0.704657	0.130865	0.201652
1020	0.701757	0.13332	0.205776
1021	0.703838	0.132184	0.206513
1022	0.702169	0.132875	0.201671
1023	0.700424	0.13452	0.210141
1024	0.696937	0.135739	0.209011
1025	0.698966	0.13378	0.207522
1026	0.770546	0.117298	0.210312
1027	0.792294	0.113049	0.210296
1028	0.792266	0.113543	0.210068
1029	0.793075	0.11275	0.210758
1030	0.790306	0.114494	0.212986
1031	0.792872	0.112324	0.207869
1032	0.792706	0.1119	0.208723
1033	0.789471	0.115179	0.207319
1034	0.790015	0.113331	0.207833
1035	0.791804	0.111882	0.20999
1036	0.788591	0.113652	0.210842
1037	0.787313	0.113555	0.211158
1038	0.787174	0.114721	0.207412
1039	0.78958	0.113196	0.206914
1040	0.787186	0.11411	0.21344
1041	0.785231	0.115376	0.211868
1042	0.783436	0.11631	0.211314
1043	0.782961	0.115081	0.213426
1044	0.784084	0.116014	0.208751
1045	0.781857	0.117994	0.208729
1046	0.781148	0.116788	0.211799
1047	0.780325	0.117503	0.208519
1048	0.776928	0.119031	0.212665
1049	0.779525	0.116861	0.209798
1050	0.780401	0.117634	0.209047
1051	0.777324	0.118503	0.210334
1052	0.778971	0.117216	0.209675
1053	0.778143	0.117701	0.211064
1054	0.775884	0.119256	0.216409
1055	0.776625	0.119104	0.214514
1056	0.77596	0.118498	0.211385
1057	0.772894	0.120285	0.214592
1058	0.774381	0.119351	0.215366
1059	0.772814	0.119819	0.20927
1060	0.772928	0.118896	0.214354
1061	0.770951	0.120249	0.220056
1062	0.769442	0.120559	0.217689
1063	0.76774	0.1228	0.219866
1064	0.767801	0.122903	0.218438
1065	0.767561	0.122803	0.217589
1066	0.765744	0.122637	0.220128
1067	0.767738	0.121419	0.21741
1068	0.766554	0.123208	0.215812
1069	0.763693	0.124229	0.217127
1070	0.764967	0.123421	0.216327
1071	0.763119	0.123749	0.217024
1072	0.762756	0.123343	0.218719
1073	0.761113	0.125091	0.217095
1074	0.761165	0.123928	0.211551
1075	0.763184	0.123484	0.212964
1076	0.764319	0.122385	0.212925
1077	0.7622	0.122972	0.213227
1078	0.759489	0.125746	0.214338
1079	0.758899	0.124523	0.215572
1080	0.758143	0.125799	0.216527
1081	0.756031	0.125681	0.220923
1082	0.755408	0.126493	0.21794
1083	0.754283	0.126693	0.216458
1084	0.75366	0.126599	0.218537
1085	0.753266	0.126162	0.217883
1086	0.754387	0.126047	0.21575
1087	0.753162	0.126696	0.222805
1088	0.749916	0.128067	0.223195
1089	0.751619	0.127706	0.216761
1090	0.748787	0.129231	0.221064
1091	0.753055	0.126361	0.215819
1092	0.748144	0.128284	0.218972
1093	0.747335	0.128734	0.216428
1094	0.746689	0.128999	0.21785
1095	0.74551	0.130374	0.217474
1096	0.747998	0.126503	0.212557
1097	0.748501	0.128025	0.214792
1098	0.745729	0.128326	0.215395
1099	0.748475	0.127338	0.213242
1100	0.746081	0.127458	0.214698
1101	0.742493	0.130492	0.216874
1102	0.741313	0.130974	0.213666
1103	0.739543	0.13131	0.220736
1104	0.740897	0.130303	0.220803
1105	0.740633	0.129418	0.219981
1106	0.7402	0.130893	0.218733
1107	0.739802	0.132068	0.216049
1108	0.738319	0.131084	0.217685
1109	0.739495	0.130463	0.218685
1110	0.740005	0.130682	0.217028
1111	0.735092	0.131411	0.222481
1112	0.73248	0.133497	0.220485
1113	0.737082	0.132067	0.220442
1114	0.732924	0.13396	0.223134
1115	0.731504	0.134241	0.223399
1116	0.731059	0.133826	0.220743
1117	0.733308	0.132941	0.220577
1118	0.729884	0.134142	0.223432
1119	0.728635	0.134664	0.224041
1120	0.728771	0.134246	0.224309
1121	0.728686	0.134329	0.221061
1122	0.724032	0.137127	0.222126
1123	0.725572	0.134733	0.217077
1124	0.726202	0.134671	0.220742
1125	0.724562	0.13357	0.2174
1126	0.729214	0.131742	0.219346
1127	0.726788	0.134238	0.22075
1128	0.723609	0.134978	0.219415
1129	0.720843	0.137946	0.220679
1130	0.721094	0.138026	0.219461
1131	0.722013	0.135307	0.220737
1132	0.718507	0.138332	0.224385
1133	0.72088	0.136236	0.221975
1134	0.719838	0.136343	0.222266
1135	0.714349	0.140152	0.225632
1136	0.717132	0.138131	0.224086
1137	0.715731	0.139829	0.220482
1138	0.714098	0.138494	0.217618
1139	0.713055	0.140284	0.219714
1140	0.712509	0.139432	0.221608
1141	0.712382	0.139585	0.217595
1142	0.713379	0.139924	0.215692
1143	0.713223	0.13799	0.216739
1144	0.710468	0.140298	0.213224
1145	0.709125	0.139306	0.217132
1146	0.710533	0.138057	0.215965
1147	0.713547	0.137914	0.217945
1148	0.707852	0.140787	0.222558
1149	0.707149	0.141465	0.225077
1150	0.707436	0.141115	0.21973
1151	0.704277	0.14177	0.219066
1152	0.705575	0.140614	0.220305
1153	0.703008	0.140807	0.219212
1154	0.702939	0.141062	0.221413
1155	0.702197	0.141217	0.221929
1156	0.700603	0.142565	0.222709
1157	0.698484	0.142163	0.22494
1158	0.700393	0.142783	0.226215
1159	0.700822	0.141648	0.221579
1160	0.695093	0.144527	0.224752
1161	0.696265	0.142772	0.224334
1162	0.69409	0.145741	0.222119
1163	0.694111	0.143896	0.22241
1164	0.695625	0.145379	0.222237
1165	0.692304	0.14557	0.22201
1166	0.692799	0.144086	0.225388
1167	0.693113	0.143795	0.218187
1168	0.692592	0.146153	0.220023
1169	0.693602	0.144887	0.219281
1170	0.691951	0.143773	0.217456
1171	0.690211	0.146552	0.21991
1172	0.690067	0.144807	0.221356
1173	0.688522	0.145522	0.221467
1174	0.688581	0.146577	0.224218
1175	0.687356	0.147112	0.222815
1176	0.684208	0.14823	0.22555
1177	0.683248	0.147834	0.224411
1178	0.682383	0.147273	0.224704
1179	0.679455	0.148151	0.22408
1180	0.683894	0.147626	0.226257
1181	0.681133	0.148649	0.223976
1182	0.679709	0.148798	0.22788
1183	0.678678	0.147737	0.22663
1184	0.677166	0.149268	0.227082
1185	0.6745	0.151122	0.225849
1186	0.676765	0.1505	0.22513
1187	0.677172	0.148168	0.217912
1188	0.676564	0.148368	0.226951
1189	0.674771	0.15114	0.227534
1190	0.674519	0.147907	0.222701
1191	0.674202	0.148911	0.219185
1192	0.675148	0.150744	0.223617
1193	0.671353	0.151652	0.224833
1194	0.670223	0.152546	0.22434
1195	0.670779	0.150824	0.223754
1196	0.668551	0.152343	0.225674
1197	0.669682	0.150539	0.224405
1198	0.668266	0.150779	0.223914
1199	0.666663	0.152192	0.22467
1200	0.667274	0.151216	0.223873
1201	0.664971	0.153146	0.217693
1202	0.666276	0.153046	0.22453
1203	0.665248	0.152145	0.218312
1204	0.664987	0.151854	0.222014
1205	0.662191	0.153125	0.224648
1206	0.660455	0.15313	0.22571
1207	0.663866	0.151568	0.224162
1208	0.663961	0.152973	0.223024
1209	0.662282	0.151987	0.220377
1210	0.661357	0.152365	0.221996
1211	0.660357	0.152851	0.224565
1212	0.660072	0.1525	0.220155
1213	0.661371	0.152993	0.220642
1214	0.659358	0.15275	0.219738
1215	0.663117	0.151738	0.214688
1216	0.920799	0.0543334	0.165973
1217	0.992386	0.00724211	0.214732
1218	0.994	0.00569034	0.166659
1219	0.995108	0.00462429	0.13009
1220	0.995907	0.00385842	0.103388
1221	0.996501	0.00328914	0.0838633
1222	0.996957	0.00285295	0.0694051
1223	0.997315	0.00251024	0.0584465
1224	0.997603	0.00223639	0.049685
1225	0.99784	0.0020126	0.0427388
1226	0.998036	0.00182537	0.0373807
1227	0.998203	0.00166699	0.0330909
1228	0.998345	0.00153328	0.0292957
1229	0.998468	0.00141697	0.0262712
1230	0.998575	0.00131562	0.0237201
1231	0.998669	0.00122746	0.0214268
1232	0.998753	0.00114901	0.0195169
1233	0.998827	0.00107903	0.0178763
1234	0.998894	0.00101628	0.0164506
1235	0.998954	0.000959978	0.0151731
1236	0.999009	0.000909073	0.0140401
1237	0.999058	0.000862745	0.0130408
1238	0.999104	0.000820409	0.012155
1239	0.999145	0.000781614	0.0113621
1240	0.999184	0.000746163	0.0106294
1241	0.999219	0.00071327	0.00997316
1242	0.999252	0.00068298	0.00937985
1243	0.999282	0.000654694	0.00885797
1244	0.99931	0.000628451	0.00837348
1245	0.999337	0.000603806	0.00794849
1246	0.999361	0.000581278	0.00751847
1247	0.999384	0.000559891	0.00714773
1248	0.999406	0.000540019	0.00679011
1249	0.999426	0.000521481	0.0064521
1250	0.999445	0.000503811	0.00615563
1251	0.999463	0.000487347	0.00586751
1252	0.99948	0.000471754	0.005603
1253	0.999496	0.000456957	0.0053597
1254	0.999511	0.000442883	0.00513725
1255	0.999526	0.000429591	0.00492702
1256	0.999539	0.000417	0.0047281
1257	0.999552	0.000405069	0.00453971
1258	0.999565	0.000393634	0.0043681
1259	0.999577	0.000382685	0.00420903
1260	0.999588	0.000372293	0.00405743
1261	0.999599	0.000362512	0.00390662
1262	0.999609	0.000353066	0.00377004
1263	0.999619	0.000344044	0.00364068
1264	0.999628	0.000335531	0.00351139
1265	0.999637	0.000327228	0.0033973
1266	0.999646	0.0003192	0.00329294
1267	0.999654	0.000311493	0.00319353
1268	0.999662	0.000304161	0.00309595
1269	0.99967	0.000297248	0.00299644
1270	0.999677	0.000290512	0.00290508
1271	0.999684	0.000283746	0.00282195
1272	0.999691	0.000277473	0.00274198
1273	0.999698	0.000271468	0.00266392
1274	0.999704	0.00026568	0.00258925
1275	0.99971	0.000260062	0.00251927
1276	0.999716	0.000254656	0.00245217
1277	0.999722	0.000249251	0.00238345
1278	0.999728	0.000244151	0.00232459
1279	0.999733	0.000239306	0.00226464
1280	0.999738	0.000234699	0.00220181
1281	0.999743	0.000230034	0.00214578
1282	0.999748	0.000225587	0.00209516
1283	0.999753	0.000221422	0.00204039
1284	0.999757	0.000217345	0.00199006
1285	0.999762	0.000213314	0.00194332
1286	0.999766	0.000209396	0.00189935
1287	0.99977	0.000205673	0.00185477
1288	0.999774	0.000201987	0.0018149
1289	0.999778	0.000198424	0.00177591
1290	0.999782	0.000195036	0.00173519
1291	0.999785	0.00019171	0.0016954
1292	0.999789	0.000188475	0.00165885
1293	0.999792	0.00018533	0.0016235
1294	0.999796	0.000182314	0.00158796
1295	0.999799	0.000179357	0.00155445
1296	0.999802	0.000176519	0.00152029
1297	0.999805	0.00017374	0.00148599
1298	0.999808	0.000171003	0.0014561
1299	0.999811	0.000168369	0.0014259
1300	0.999814	0.000165788	0.00139746
