600	0.0750331	0.333408	0.073301
601	0.0746952	0.330258	0.0729731
602	0.0750203	0.331723	0.0732277
603	0.0754888	0.332388	0.0737123
604	0.0749263	0.328356	0.0731941
605	0.0753976	0.32974	0.0736225
606	0.075914	0.328766	0.0741732
607	0.075995	0.330059	0.0742102
608	0.0754253	0.327395	0.0736336
609	0.0757737	0.326597	0.073981
610	0.0763916	0.329432	0.074595
611	0.0764207	0.328506	0.0746198
612	0.0762438	0.327713	0.0744082
613	0.0769103	0.329188	0.0750691
614	0.076739	0.326132	0.0749225
615	0.0772681	0.32759	0.0754162
616	0.0769445	0.326138	0.0750774
617	0.0773174	0.326131	0.0754862
618	0.0776298	0.327247	0.0757371
619	0.0776721	0.326702	0.0757714
620	0.0777862	0.326003	0.0758964
621	0.0780182	0.325384	0.0761146
622	0.0782433	0.325492	0.0763108
623	0.078243	0.325228	0.0763196
624	0.0780968	0.323956	0.0761398
625	0.0785855	0.324827	0.0766366
626	0.0783978	0.322844	0.0764656
627	0.0785263	0.322976	0.0765932
628	0.0785805	0.323995	0.0765582
629	0.0787689	0.322936	0.0767847
630	0.0793517	0.323722	0.0773516
631	0.0792985	0.322406	0.0772956
632	0.0797688	0.322814	0.0777876
633	0.0799637	0.322408	0.0779685
634	0.0796104	0.320618	0.077592
635	0.080203	0.321557	0.0782295
636	0.0802239	0.320024	0.0782437
637	0.0803932	0.31975	0.0784029
638	0.0808403	0.320973	0.0788349
639	0.0808208	0.320234	0.0788392
640	0.0810642	0.320744	0.0790174
641	0.0810637	0.319271	0.0789971
642	0.0814245	0.320912	0.0793964
643	0.0815177	0.320437	0.0794217
644	0.0814327	0.319077	0.0793186
645	0.0816542	0.320059	0.0794702
646	0.0821343	0.319736	0.0800086
647	0.0821952	0.319774	0.0800521
648	0.0820417	0.317271	0.0798971
649	0.0824597	0.316686	0.0803134
650	0.0829525	0.318513	0.0807982
651	0.0828208	0.316515	0.0806644
652	0.0832972	0.316225	0.0811232
653	0.0834705	0.316332	0.0812817
654	0.0834591	0.315681	0.0812484
655	0.0841032	0.317269	0.0818751
656	0.0841631	0.317054	0.081843
657	0.0843222	0.317776	0.0819492
658	0.0845932	0.317726	0.0821876
659	0.0848903	0.317643	0.0825127
660	0.0851205	0.317287	0.0826763
661	0.0852333	0.316052	0.0828353
662	0.0855303	0.316643	0.0831327
663	0.0854873	0.316345	0.0830233
664	0.0858924	0.316375	0.083444
665	0.0863208	0.319432	0.0837264
666	0.0864486	0.317144	0.0839061
667	0.0867921	0.318156	0.0842055
668	0.0868154	0.317444	0.0842023
669	0.0867242	0.315418	0.0841404
670	0.0870197	0.314601	0.0843642
671	0.0877781	0.318059	0.0851186
672	0.0875235	0.31541	0.0848746
673	0.0878395	0.314791	0.0851644
674	0.0884007	0.315899	0.0857497
675	0.0880939	0.312946	0.0854065
676	0.0884911	0.313232	0.085775
677	0.0889845	0.314713	0.0861626
678	0.0894549	0.314532	0.086701
679	0.0898469	0.315931	0.0869767
680	0.0898075	0.314267	0.0869343
681	0.0901956	0.3152	0.0872633
682	0.0907572	0.313469	0.0879112
683	0.0910053	0.312304	0.0880987
684	0.0916262	0.31233	0.0887588
685	0.0922154	0.314885	0.0892401
686	0.092306	0.313772	0.0893176
687	0.0924402	0.313383	0.0893969
688	0.092576	0.31319	0.0894902
689	0.0929064	0.311264	0.0898472
690	0.0934549	0.314316	0.0902439
691	0.094043	0.311993	0.0909324
692	0.0944584	0.31232	0.0913269
693	0.0944962	0.311584	0.0913283
694	0.0953947	0.313599	0.0921622
695	0.0955601	0.312522	0.0923319
696	0.096411	0.313821	0.0930946
697	0.0964576	0.312864	0.0931774
698	0.097621	0.314929	0.0943247
699	0.0975289	0.313608	0.0941615
700	0.0976003	0.311186	0.0942575
701	0.0986177	0.314031	0.0952241
702	0.098261	0.311712	0.0948885
703	0.0983524	0.311202	0.0950044
704	0.0988151	0.311686	0.0953438
705	0.0993155	0.312216	0.0958737
706	0.0993269	0.310306	0.0958335
707	0.100596	0.31187	0.0970318
708	0.100871	0.312131	0.0972908
709	0.101337	0.311258	0.0977472
710	0.101743	0.311584	0.0980166
711	0.102763	0.311754	0.0990211
712	0.102636	0.309905	0.0988828
713	0.102879	0.309917	0.099082
714	0.103406	0.309035	0.0996937
715	0.103651	0.309406	0.0997972
716	0.104046	0.307921	0.100166
717	0.104923	0.309252	0.100997
718	0.105441	0.309664	0.101465
719	0.106128	0.310341	0.102197
720	0.105827	0.308073	0.101931
721	0.10629	0.309453	0.102171
722	0.106936	0.310297	0.10279
723	0.106522	0.305489	0.102645
724	0.107856	0.307582	0.103913
725	0.108504	0.308487	0.10438
726	0.109199	0.308165	0.105141
727	0.109522	0.307136	0.10541
728	0.110862	0.311394	0.106547
729	0.110306	0.305593	0.106048
730	0.111163	0.307108	0.106853
731	0.111912	0.307795	0.107424
732	0.112276	0.305601	0.107887
733	0.113195	0.307671	0.108658
734	0.114332	0.308023	0.109761
735	0.11434	0.308113	0.109644
736	0.115809	0.309688	0.111079
737	0.116244	0.309065	0.111422
738	0.116474	0.307844	0.11157
739	0.118104	0.309898	0.113138
740	0.118809	0.308333	0.113767
741	0.119169	0.306371	0.114157
742	0.120383	0.30761	0.115311
743	0.120553	0.305902	0.115374
744	0.121333	0.306939	0.116187
745	0.122054	0.307205	0.116801
746	0.122796	0.309647	0.117241
747	0.123499	0.309602	0.117963
748	0.124876	0.3104	0.119373
749	0.124912	0.309515	0.11923
750	0.125506	0.307513	0.119945
751	0.126649	0.308004	0.121027
752	0.127237	0.309536	0.12154
753	0.127574	0.308506	0.121751
754	0.128846	0.309292	0.122922
755	0.129005	0.307562	0.122923
756	0.130119	0.309817	0.123954
757	0.130914	0.30811	0.124745
758	0.131593	0.308483	0.125178
759	0.132139	0.305279	0.125788
760	0.133637	0.30664	0.12718
761	0.134294	0.305306	0.128094
762	0.136265	0.309228	0.129752
763	0.136623	0.308085	0.129753
764	0.137773	0.309417	0.130806
765	0.138363	0.307581	0.131508
766	0.139788	0.308136	0.132872
767	0.140483	0.308853	0.133505
768	0.140875	0.308388	0.133787
769	0.142122	0.307634	0.134902
770	0.142411	0.306849	0.135028
771	0.1432	0.307075	0.135622
772	0.145077	0.306692	0.1375
773	0.145494	0.304991	0.137812
774	0.146838	0.30582	0.138994
775	0.147856	0.308114	0.139865
776	0.1487	0.306284	0.140515
777	0.149373	0.305342	0.14109
778	0.150428	0.304821	0.142129
779	0.15216	0.305945	0.143842
780	0.153834	0.307334	0.145515
781	0.154646	0.307045	0.145985
782	0.155083	0.304067	0.146369
783	0.155927	0.304024	0.146849
784	0.15827	0.306241	0.148956
785	0.159012	0.303555	0.149755
786	0.160441	0.302258	0.151311
787	0.163001	0.304965	0.153418
788	0.163891	0.304913	0.15421
789	0.164209	0.303056	0.154438
790	0.166097	0.301333	0.156347
791	0.168122	0.304872	0.157585
792	0.1693	0.30278	0.159067
793	0.169963	0.303931	0.15946
794	0.170999	0.302104	0.160322
795	0.172395	0.301978	0.161476
796	0.175013	0.302983	0.164062
797	0.175646	0.30203	0.16431
798	0.177427	0.302083	0.165641
799	0.178268	0.300899	0.166631
800	0.180114	0.299349	0.168387
801	0.181561	0.299213	0.169644
802	0.183769	0.300393	0.171512
803	0.184803	0.298978	0.172249
804	0.187302	0.299751	0.174622
805	0.188899	0.298383	0.175939
806	0.190804	0.299105	0.177681
807	0.193061	0.299595	0.179548
808	0.19524	0.301375	0.180981
809	0.19512	0.297252	0.181286
810	0.19578	0.296553	0.181644
811	0.19848	0.296607	0.184028
812	0.200759	0.296038	0.186118
813	0.20142	0.296258	0.186372
814	0.203621	0.295749	0.188311
815	0.206253	0.294835	0.1907
816	0.207517	0.295274	0.191278
817	0.208912	0.294368	0.192422
818	0.210158	0.294406	0.193421
819	0.212556	0.294067	0.195696
820	0.214772	0.293325	0.197648
821	0.216148	0.292131	0.198319
822	0.219191	0.292525	0.200748
823	0.221042	0.291935	0.202319
824	0.22443	0.291355	0.205081
825	0.225543	0.289741	0.206199
826	0.227302	0.291725	0.207099
827	0.230823	0.291437	0.210421
828	0.231584	0.290359	0.211164
829	0.233331	0.290963	0.212262
830	0.2352	0.287305	0.213699
831	0.237745	0.289778	0.215392
832	0.239274	0.287835	0.216837
833	0.240869	0.28741	0.217774
834	0.244076	0.287358	0.22098
835	0.246341	0.286965	0.222442
836	0.248405	0.286784	0.224119
837	0.24947	0.285801	0.2247
838	0.252164	0.283422	0.226659
839	0.257025	0.285986	0.230611
840	0.256974	0.283176	0.230132
841	0.261914	0.285623	0.233429
842	0.264504	0.282851	0.236275
843	0.265728	0.282415	0.236243
844	0.268946	0.280032	0.239887
845	0.271428	0.278728	0.241021
846	0.275141	0.278634	0.244287
847	0.277717	0.27813	0.245834
848	0.280282	0.276827	0.247788
849	0.282968	0.278179	0.249222
850	0.286761	0.277162	0.251564
851	0.289541	0.275428	0.253817
852	0.293363	0.273843	0.257548
853	0.294787	0.272338	0.258393
854	0.298185	0.27079	0.260183
855	0.300077	0.269587	0.261167
856	0.304066	0.26822	0.263736
857	0.307512	0.269303	0.266044
858	0.311667	0.267087	0.268748
859	0.315396	0.264228	0.272558
860	0.318688	0.264388	0.273309
861	0.321627	0.264386	0.274412
862	0.322273	0.260996	0.27475
863	0.328098	0.26189	0.279142
864	0.331502	0.261002	0.281434
865	0.335309	0.259121	0.283599
866	0.338021	0.25811	0.285447
867	0.342648	0.256013	0.287311
868	0.344174	0.25596	0.286495
869	0.349971	0.25535	0.289802
870	0.352811	0.251732	0.291918
871	0.358235	0.25086	0.295318
872	0.363993	0.251274	0.29794
873	0.366053	0.248668	0.298475
874	0.369318	0.247498	0.298978
875	0.375113	0.245931	0.301805
876	0.376418	0.242722	0.300877
877	0.38257	0.2407	0.305492
878	0.386828	0.239456	0.307091
879	0.39307	0.237192	0.311364
880	0.396072	0.235837	0.309787
881	0.400703	0.235351	0.312355
882	0.40481	0.232539	0.311664
883	0.410152	0.230209	0.313304
884	0.4138	0.230101	0.312267
885	0.420007	0.228083	0.317126
886	0.4245	0.225829	0.317399
887	0.429566	0.224549	0.318061
888	0.434872	0.222255	0.319287
889	0.436959	0.218602	0.316171
890	0.444422	0.21645	0.319009
891	0.448257	0.214169	0.318782
892	0.453085	0.213063	0.318531
893	0.460489	0.209784	0.321142
894	0.462607	0.209307	0.316817
895	0.469936	0.20723	0.317917
896	0.473095	0.206544	0.316016
897	0.480703	0.202575	0.315337
898	0.487547	0.19824	0.315516
899	0.495756	0.194496	0.313023
900	0.498238	0.193129	0.30881
901	0.505364	0.190439	0.306193
902	0.511296	0.18868	0.302334
903	0.518143	0.184299	0.299705
904	0.524109	0.182094	0.295524
905	0.535414	0.178366	0.293281
906	0.542207	0.175135	0.287948
907	0.54639	0.17517	0.282697
908	0.552889	0.170135	0.27603
909	0.561094	0.169132	0.267818
910	0.566636	0.166063	0.259283
911	0.574988	0.161423	0.252958
912	0.582785	0.157197	0.245208
913	0.59067	0.154961	0.234748
914	0.60132	0.148987	0.223561
915	0.60615	0.147178	0.212204
916	0.614976	0.144954	0.202586
917	0.623177	0.141099	0.201046
918	0.624934	0.142199	0.198104
919	0.627701	0.140344	0.196836
920	0.631958	0.139205	0.196761
921	0.636809	0.138967	0.193641
922	0.635814	0.138895	0.198915
923	0.638949	0.138587	0.198573
924	0.643686	0.13717	0.198719
925	0.643346	0.137951	0.200126
926	0.646084	0.137265	0.200429
927	0.656561	0.136217	0.196622
928	0.652242	0.13672	0.200173
929	0.651588	0.136758	0.197858
930	0.650364	0.137752	0.201306
931	0.658429	0.136187	0.200067
932	0.660764	0.134421	0.202217
933	0.666928	0.13255	0.196733
934	0.660643	0.135797	0.199083
935	0.658262	0.135268	0.196762
936	0.660591	0.136148	0.199868
937	0.655234	0.135684	0.197136
938	0.667444	0.135186	0.195426
939	0.675128	0.133631	0.197577
940	0.675342	0.132173	0.196698
941	0.67309	0.133869	0.200712
942	0.672318	0.133348	0.195002
943	0.671988	0.132866	0.195313
944	0.672576	0.13275	0.197561
945	0.671802	0.134808	0.198425
946	0.666971	0.135894	0.199273
947	0.667374	0.135608	0.201063
948	0.665026	0.135702	0.19945
949	0.667113	0.134841	0.200813
950	0.683478	0.133888	0.201775
951	0.694382	0.130735	0.201546
952	0.693603	0.130148	0.202687
953	0.693285	0.130111	0.199772
954	0.691941	0.131377	0.198184
955	0.688868	0.13219	0.199131
956	0.689283	0.131851	0.199206
957	0.689463	0.131513	0.203093
958	0.687318	0.132918	0.200527
959	0.687187	0.132732	0.200728
960	0.684193	0.134261	0.203191
960	0.684193	0.134261	0.203191
961	0.682904	0.134408	0.200424
962	0.681773	0.133395	0.199474
963	0.684157	0.132824	0.196953
964	0.680066	0.134453	0.200409
965	0.682203	0.133777	0.200738
966	0.682188	0.133435	0.201051
967	0.679118	0.13421	0.199513
968	0.675885	0.135903	0.198723
969	0.674645	0.135163	0.204044
970	0.673947	0.136409	0.204625
971	0.668028	0.137404	0.203995
972	0.674184	0.135945	0.209155
973	0.718063	0.127576	0.208194
974	0.722961	0.126447	0.205719
975	0.72139	0.126749	0.205344
976	0.718144	0.128102	0.205331
977	0.722214	0.12536	0.203378
978	0.716812	0.127743	0.203413
979	0.716436	0.12861	0.207621
980	0.717798	0.126834	0.204141
981	0.716498	0.128026	0.207289
982	0.713133	0.129966	0.208033
983	0.712579	0.128754	0.20665
984	0.713718	0.12946	0.201581
985	0.712343	0.129379	0.199688
986	0.711223	0.128872	0.207518
987	0.710205	0.130385	0.208147
988	0.70958	0.130535	0.205656
989	0.710579	0.128999	0.20058
990	0.7078	0.13007	0.201814
991	0.706536	0.130594	0.201109
992	0.704498	0.131978	0.20515
993	0.702801	0.133788	0.207282
994	0.704707	0.13073	0.201401
995	0.701934	0.132019	0.204629
996	0.702788	0.131846	0.204264
997	0.703961	0.132327	0.202848
998	0.700223	0.132195	0.203323
999	0.699438	0.133824	0.207619
1000	0.696545	0.134077	0.207109
1001	0.698864	0.131992	0.206879
1002	0.697153	0.134113	0.20624
1003	0.696646	0.133497	0.207247
1004	0.695492	0.13394	0.206329
1005	0.692433	0.135666	0.210227
1006	0.691672	0.134352	0.208206
1007	0.69187	0.134607	0.205478
1008	0.691824	0.134349	0.202112
1009	0.690804	0.135512	0.203096
1010	0.692467	0.13488	0.203588
1011	0.688655	0.136657	0.207364
1012	0.688517	0.13603	0.205372
1013	0.683907	0.135711	0.203561
1014	0.688004	0.134825	0.205813
1015	0.686886	0.135902	0.205318
1016	0.684019	0.136472	0.206654
1017	0.682371	0.13854	0.208422
1018	0.681958	0.137804	0.208598
1019	0.683417	0.13596	0.204543
1020	0.680371	0.138637	0.204947
1021	0.679355	0.137893	0.207847
1022	0.677188	0.13931	0.204779
1023	0.674527	0.139431	0.206608
1024	0.674295	0.139103	0.206224
1025	0.676374	0.138828	0.207291
1026	0.750659	0.12394	0.208645
1027	0.778398	0.116598	0.207779
1028	0.777672	0.117147	0.208769
1029	0.775497	0.118865	0.214078
1030	0.777086	0.118224	0.211632
1031	0.77468	0.118798	0.209037
1032	0.772798	0.119724	0.210747
1033	0.774061	0.118703	0.211911
1034	0.772777	0.118698	0.209201
1035	0.772671	0.119357	0.212642
1036	0.770662	0.120319	0.21678
1037	0.769943	0.120085	0.217811
1038	0.766816	0.122844	0.217987
1039	0.768433	0.121734	0.21482
1040	0.766828	0.121379	0.216415
1041	0.7649	0.12311	0.216963
1042	0.767763	0.120799	0.213719
1043	0.764116	0.12242	0.216874
1044	0.765279	0.123811	0.211637
1045	0.763874	0.122345	0.21468
1046	0.761356	0.122342	0.21677
1047	0.76336	0.123022	0.213637
1048	0.760213	0.123512	0.21074
1049	0.762261	0.122699	0.211014
1050	0.763146	0.122456	0.210469
1051	0.762806	0.121055	0.209412
1052	0.760657	0.12391	0.213668
1053	0.760097	0.122684	0.213113
1054	0.756145	0.125684	0.215327
1055	0.757457	0.124645	0.216424
1056	0.755637	0.125646	0.217782
1057	0.754304	0.125361	0.21396
1058	0.753691	0.125248	0.218146
1059	0.75305	0.125748	0.215106
1060	0.754753	0.124522	0.21287
1061	0.753092	0.125581	0.220756
1062	0.750083	0.127363	0.219308
1063	0.75126	0.126602	0.215893
1064	0.749128	0.12817	0.218942
1065	0.752983	0.125644	0.213214
1066	0.748139	0.127501	0.216568
1067	0.747297	0.127484	0.214967
1068	0.74657	0.128123	0.216201
1069	0.745117	0.129548	0.215134
1070	0.748664	0.12514	0.210872
1071	0.748359	0.127043	0.214063
1072	0.745699	0.127952	0.211502
1073	0.748112	0.125884	0.212156
1074	0.745688	0.126972	0.214034
1075	0.742127	0.129093	0.216455
1076	0.741291	0.129704	0.212945
1077	0.738734	0.131108	0.218135
1078	0.741852	0.128209	0.216779
1079	0.738644	0.129736	0.21737
1080	0.740306	0.130094	0.215667
1081	0.739342	0.129981	0.217877
1082	0.738373	0.130794	0.216513
1083	0.738828	0.130061	0.216401
1084	0.73819	0.130196	0.221184
1085	0.7335	0.132431	0.217678
1086	0.735698	0.130837	0.217298
1087	0.736546	0.131524	0.218313
1088	0.732161	0.133793	0.218539
1089	0.729704	0.134129	0.221824
1090	0.733288	0.132416	0.217818
1091	0.730766	0.131895	0.217796
1092	0.729359	0.13392	0.222103
1093	0.728817	0.133725	0.223409
1094	0.728587	0.132405	0.21912
1095	0.72472	0.135403	0.222447
1096	0.725186	0.134867	0.213288
1097	0.726474	0.133803	0.216798
1098	0.724873	0.13383	0.21562
1099	0.728196	0.132095	0.214689
1100	0.727629	0.133673	0.21831
1101	0.723748	0.134093	0.215841
1102	0.721074	0.137073	0.216806
1103	0.720707	0.137256	0.2168
1104	0.722266	0.134323	0.219274
1105	0.718584	0.137421	0.222733
1106	0.720839	0.134989	0.220222
1107	0.719742	0.1352	0.220405
1108	0.714381	0.139098	0.223493
1109	0.717532	0.136991	0.221063
1110	0.71535	0.138694	0.2189
1111	0.71365	0.137666	0.215804
1112	0.713642	0.137999	0.218251
1113	0.712455	0.139025	0.219975
1114	0.712643	0.138545	0.215459
1115	0.712678	0.138452	0.21424
1116	0.713191	0.137726	0.21373
1117	0.709521	0.139927	0.213603
1118	0.709012	0.138027	0.21537
1119	0.712321	0.136502	0.218027
1120	0.711519	0.137935	0.218635
1121	0.7062	0.141027	0.219016
1122	0.707938	0.138999	0.217804
1123	0.705638	0.140553	0.222827
1124	0.703294	0.139245	0.217952
1125	0.705504	0.138989	0.216988
1126	0.702666	0.141806	0.219492
1127	0.702749	0.140435	0.217127
1128	0.702874	0.140201	0.219704
1129	0.697928	0.141851	0.221627
1130	0.69994	0.141226	0.222679
1131	0.700186	0.142048	0.221604
1132	0.696693	0.142373	0.222715
1133	0.696235	0.143342	0.22012
1134	0.695953	0.142942	0.222038
1135	0.692402	0.143348	0.219393
1136	0.695566	0.143586	0.219445
1137	0.693289	0.144508	0.222471
1138	0.692482	0.142503	0.224785
1139	0.69248	0.144081	0.218041
1140	0.692317	0.144803	0.217311
1141	0.693479	0.143094	0.218516
1142	0.691902	0.142847	0.215957
1143	0.690456	0.145981	0.21594
1144	0.689654	0.143957	0.21902
1145	0.688362	0.143839	0.219675
1146	0.688689	0.145822	0.221995
1147	0.687193	0.145984	0.220386
1148	0.683962	0.146833	0.223946
1149	0.683097	0.147014	0.221663
1150	0.68204	0.145839	0.22307
1151	0.679442	0.147138	0.221127
1152	0.683837	0.145931	0.224681
1153	0.680416	0.147803	0.221723
1154	0.679139	0.148187	0.225276
1155	0.677363	0.147826	0.223489
1156	0.676925	0.147365	0.224411
1157	0.673639	0.149436	0.223926
1158	0.676042	0.147928	0.220311
1159	0.677049	0.146719	0.218554
1160	0.674161	0.148759	0.224657
1161	0.674636	0.149662	0.222396
1162	0.673965	0.148125	0.221122
1163	0.673935	0.148992	0.219127
1164	0.674427	0.149873	0.225224
1165	0.669142	0.150605	0.221707
1166	0.670521	0.149092	0.227064
1167	0.668714	0.150345	0.223584
1168	0.668285	0.150934	0.219435
1169	0.667586	0.148884	0.221254
1170	0.668429	0.149233	0.220201
1171	0.664251	0.151833	0.224054
1172	0.664914	0.149864	0.217799
1173	0.661974	0.153753	0.22131
1174	0.667043	0.150763	0.219302
1175	0.663343	0.150526	0.21673
1176	0.661767	0.153176	0.220905
1177	0.659923	0.153954	0.222645
1178	0.661068	0.151482	0.220764
1179	0.663723	0.150918	0.22057
1180	0.659405	0.151349	0.22066
1181	0.65971	0.1523	0.220572
1182	0.658392	0.151516	0.223571
1183	0.656337	0.152538	0.218383
1184	0.657676	0.153236	0.220502
1185	0.654298	0.153884	0.220191
1186	0.655207	0.153013	0.219432
1187	0.655918	0.152262	0.219673
1188	0.654325	0.154633	0.222181
1189	0.652744	0.15386	0.222997
1190	0.652145	0.153423	0.223618
1191	0.649306	0.155109	0.224242
1192	0.645729	0.15627	0.226543
1193	0.642581	0.156063	0.225064
1194	0.646774	0.155019	0.223418
1195	0.644626	0.156331	0.221587
1196	0.646284	0.154062	0.223065
1197	0.645451	0.157278	0.223583
1198	0.644388	0.156104	0.225125
1199	0.642722	0.156958	0.223882
1200	0.640162	0.15722	0.228246
1201	0.63814	0.157239	0.224499
1202	0.639884	0.156709	0.2245
1203	0.641903	0.156567	0.223227
1204	0.640342	0.157224	0.219332
1205	0.639301	0.15746	0.226792
1206	0.638717	0.158055	0.22592
1207	0.637246	0.156651	0.226307
1208	0.634843	0.158494	0.22076
1209	0.635741	0.158462	0.225612
1210	0.634097	0.15777	0.221295
1211	0.63297	0.1582	0.221834
1212	0.632836	0.159376	0.225103
1213	0.632326	0.158588	0.222453
1214	0.630404	0.158407	0.223938
1215	0.63747	0.156686	0.22065
1216	0.911581	0.0599357	0.186407
1217	0.989514	0.0100083	0.267561
1218	0.991638	0.00795993	0.217872
1219	0.993158	0.00649221	0.177176
1220	0.994295	0.0053999	0.143724
1221	0.995162	0.00456664	0.117968
1222	0.995833	0.0039239	0.0973982
1223	0.996362	0.00341674	0.0817876
1224	0.996785	0.00301046	0.069636
1225	0.99713	0.00268063	0.0598874
1226	0.997415	0.00240948	0.0518547
1227	0.997654	0.00218215	0.0454416
1228	0.997856	0.0019903	0.0400697
1229	0.99803	0.00182504	0.0357953
1230	0.998179	0.00168369	0.0319805
1231	0.99831	0.00156008	0.0288261
1232	0.998425	0.00145201	0.0260689
1233	0.998527	0.00135627	0.0237267
1234	0.998617	0.00127111	0.0216952
1235	0.998698	0.00119514	0.0198974
1236	0.998771	0.00112651	0.0183586
1237	0.998837	0.00106478	0.0169656
1238	0.998897	0.00100871	0.0157379
1239	0.998952	0.000957678	0.0146393
1240	0.999002	0.000911496	0.0136048
1241	0.999048	0.000868284	0.0127426
1242	0.999091	0.000828566	0.0119747
1243	0.99913	0.000792308	0.0112419
1244	0.999166	0.000759021	0.010551
1245	0.9992	0.000727874	0.00994257
1246	0.999231	0.000698457	0.00942641
1247	0.99926	0.000670887	0.00894436
1248	0.999288	0.000645485	0.0084903
1249	0.999313	0.000621566	0.00808208
1250	0.999338	0.000599283	0.00768446
1251	0.99936	0.000578375	0.00732333
1252	0.999382	0.000558686	0.00698745
1253	0.999402	0.000540446	0.00665378
1254	0.999421	0.00052291	0.00636492
1255	0.999439	0.000506538	0.00608236
1256	0.999456	0.000490831	0.00583188
1257	0.999472	0.000475963	0.00559686
1258	0.999487	0.000461836	0.00537782
1259	0.999502	0.000448552	0.00516314
1260	0.999515	0.000435835	0.00496437
1261	0.999529	0.000423712	0.00478006
1262	0.999541	0.000412238	0.00460152
1263	0.999553	0.00040112	0.00444289
1264	0.999565	0.00039058	0.00428843
1265	0.999576	0.000380485	0.0041434
1266	0.999586	0.000370856	0.00400195
1267	0.999596	0.000361643	0.00387011
1268	0.999606	0.000352921	0.00373891
1269	0.999615	0.000344486	0.00361764
1270	0.999624	0.000336584	0.00349244
1271	0.999633	0.000328703	0.00338602
1272	0.999641	0.000321261	0.00327944
1273	0.999649	0.000314035	0.00318267
1274	0.999657	0.000307063	0.00309112
1275	0.999664	0.000300407	0.00300084
1276	0.999671	0.000293942	0.00291711
1277	0.999678	0.00028773	0.00283612
1278	0.999684	0.000281736	0.002756
1279	0.999691	0.000275986	0.00268006
1280	0.999697	0.000270392	0.00260954
1281	0.999703	0.000264964	0.00254257
1282	0.999709	0.000259753	0.00247678
1283	0.999714	0.00025476	0.00241138
1284	0.99972	0.000249835	0.00235269
1285	0.999725	0.000245112	0.00229422
1286	0.99973	0.00024023	0.00223458
1287	0.999735	0.000235781	0.00218169
1288	0.99974	0.000231474	0.00213069
1289	0.999745	0.00022718	0.00208077
1290	0.999749	0.000223151	0.00203219
1291	0.999753	0.000219307	0.00198303
1292	0.999758	0.000215541	0.00193672
1293	0.999762	0.000211818	0.0018936
1294	0.999766	0.000208088	0.00185294
1295	0.99977	0.000204561	0.00181418
1296	0.999773	0.000201164	0.00177519
1297	0.999777	0.000197846	0.00173843
1298	0.999781	0.000194622	0.00170281
1299	0.999784	0.00019149	0.00166832
1300	0.999788	0.000188442	0.00163489
