600	0.0611342	0.309703	0.0598589
601	0.0613723	0.310196	0.0600926
602	0.061146	0.308586	0.0598768
603	0.0613789	0.309448	0.0600779
604	0.0615676	0.30976	0.0602663
605	0.0617082	0.309602	0.0603865
606	0.0616086	0.309087	0.0602485
607	0.0619087	0.30815	0.060575
608	0.061975	0.309192	0.0606175
609	0.0617215	0.307117	0.0603765
610	0.0622045	0.308594	0.0608323
611	0.0621207	0.307264	0.0607524
612	0.0620388	0.305411	0.0606991
613	0.0621803	0.306497	0.0608325
614	0.0622813	0.305813	0.0609179
615	0.0624753	0.305704	0.0610691
616	0.0627754	0.306279	0.0613749
617	0.0627852	0.3044	0.0614037
618	0.0633048	0.305953	0.0619207
619	0.0630054	0.303425	0.0616243
620	0.0631767	0.303839	0.0617822
621	0.0631784	0.301708	0.0618042
622	0.063369	0.302785	0.0619476
623	0.0636364	0.303004	0.0622353
624	0.063787	0.304999	0.0623385
625	0.0637311	0.303537	0.0622756
626	0.0639322	0.301898	0.0624962
627	0.0640493	0.303436	0.0625987
628	0.0641106	0.302848	0.0626492
629	0.0641315	0.30171	0.0626728
630	0.0642437	0.301312	0.0627829
631	0.0647885	0.303266	0.0633042
632	0.0646138	0.301781	0.0631394
633	0.0646264	0.300058	0.0631483
634	0.0649921	0.299434	0.0635241
635	0.0653311	0.300786	0.0638729
636	0.0650772	0.298989	0.063563
637	0.0656789	0.299448	0.0641797
638	0.0654926	0.297965	0.0639971
639	0.0655965	0.297164	0.0640914
640	0.0659438	0.298474	0.0644226
641	0.0659747	0.298183	0.0644224
642	0.066139	0.297879	0.0645976
643	0.0664671	0.298757	0.0648895
644	0.0664277	0.296205	0.0648889
645	0.0669032	0.297997	0.065329
646	0.067067	0.298879	0.0654841
647	0.06701	0.297925	0.0654271
648	0.0670543	0.298048	0.0654174
649	0.0673207	0.296893	0.0657039
650	0.0678945	0.299993	0.0662433
651	0.0675419	0.296044	0.0658709
652	0.0679545	0.297457	0.0663075
653	0.0680523	0.298215	0.0663475
654	0.0677039	0.293521	0.0660033
655	0.0684028	0.29584	0.0667451
656	0.0683482	0.296304	0.0666113
657	0.068445	0.295063	0.0667075
658	0.0689093	0.296206	0.0671508
659	0.0690485	0.296029	0.0672779
660	0.0689905	0.294542	0.0672062
661	0.0693533	0.295	0.0675351
662	0.0696267	0.294823	0.0678448
663	0.0702011	0.298006	0.0683116
664	0.0700117	0.295294	0.0681465
665	0.0703067	0.296881	0.0683599
666	0.0708977	0.295664	0.06901
667	0.070826	0.293784	0.068913
668	0.0713507	0.293976	0.0694354
669	0.071803	0.295467	0.0698629
670	0.071859	0.296175	0.069854
671	0.0718336	0.293889	0.0698774
672	0.0720184	0.295682	0.0699281
673	0.0722855	0.292292	0.0702745
674	0.072701	0.295	0.0706049
675	0.0730745	0.294079	0.0709579
676	0.0735098	0.293265	0.0714329
677	0.0736589	0.293026	0.0715595
678	0.0741125	0.29366	0.0719939
679	0.0744599	0.294155	0.0722708
680	0.0749892	0.294271	0.072859
681	0.0753844	0.294845	0.073249
682	0.0758139	0.295735	0.073622
683	0.0760274	0.295109	0.073818
684	0.0762447	0.294428	0.0740243
685	0.0765467	0.295164	0.0743277
686	0.0761311	0.292948	0.0738945
687	0.0763007	0.293512	0.0740285
688	0.0767447	0.294014	0.074459
689	0.0770271	0.294641	0.074692
690	0.0773874	0.292241	0.0750773
691	0.0780427	0.294486	0.0756624
692	0.0783309	0.293704	0.0759836
693	0.0785165	0.292918	0.0761657
694	0.0791638	0.294396	0.0767125
695	0.0794927	0.294019	0.0770356
696	0.0793848	0.293629	0.0768459
697	0.0792722	0.291477	0.0767905
698	0.0800971	0.293737	0.077551
699	0.0799702	0.290484	0.0774826
700	0.0805113	0.291252	0.0780505
701	0.080882	0.290694	0.0784218
702	0.0812992	0.292744	0.0787349
703	0.0814203	0.291937	0.0789155
704	0.0816011	0.293311	0.078949
705	0.0820306	0.291887	0.0794472
706	0.0821198	0.290939	0.0795841
707	0.0827138	0.29076	0.0801407
708	0.0832406	0.29138	0.0805808
709	0.0840073	0.292136	0.0813425
710	0.0840158	0.290367	0.0813272
711	0.0852457	0.295767	0.082442
712	0.0846677	0.290617	0.0819205
713	0.0850923	0.292405	0.0822266
714	0.0857139	0.291803	0.0828383
715	0.0859958	0.290897	0.0831563
716	0.0867306	0.292681	0.0837949
717	0.0873796	0.29177	0.0845172
718	0.0871766	0.291396	0.0842282
719	0.0884113	0.29384	0.0854371
720	0.0889006	0.29456	0.0858178
721	0.089201	0.293742	0.0860515
722	0.0901494	0.295026	0.0869455
723	0.0907901	0.29261	0.0876718
724	0.0910126	0.291822	0.0878201
725	0.091219	0.289543	0.0880655
726	0.0919255	0.290733	0.0887146
727	0.0928605	0.293131	0.0895725
728	0.0929774	0.292683	0.0896713
729	0.0935111	0.293594	0.0901687
730	0.0939661	0.293992	0.0905681
731	0.0946951	0.294091	0.0912693
732	0.0947507	0.291711	0.0913491
733	0.0957751	0.292532	0.0923236
734	0.0960541	0.291605	0.0926303
735	0.0967504	0.293296	0.093281
736	0.0972471	0.293815	0.0936918
737	0.0977524	0.292435	0.0941655
738	0.0982208	0.294158	0.0944888
739	0.0987568	0.29344	0.0949828
740	0.0994284	0.292332	0.0955989
741	0.0996637	0.290553	0.0958159
742	0.100638	0.29051	0.096759
743	0.101485	0.290907	0.0976281
744	0.102702	0.293156	0.0988907
745	0.103249	0.292055	0.0993428
746	0.104105	0.293228	0.100008
747	0.104487	0.293553	0.100325
748	0.10552	0.292962	0.101391
749	0.106034	0.293031	0.101882
750	0.106456	0.293031	0.102261
751	0.107287	0.292944	0.102892
752	0.107596	0.292314	0.103153
753	0.107976	0.291974	0.103426
754	0.109533	0.292272	0.10503
755	0.109756	0.29086	0.10516
756	0.110878	0.291141	0.106259
757	0.11133	0.291919	0.106717
758	0.111991	0.291201	0.107216
759	0.112611	0.290893	0.107787
760	0.113542	0.291419	0.108619
761	0.114933	0.293621	0.109961
762	0.115876	0.294727	0.110782
763	0.116902	0.295358	0.111751
764	0.116863	0.292388	0.111538
765	0.117523	0.291684	0.112223
766	0.119304	0.294287	0.113868
767	0.119516	0.291326	0.114086
768	0.121065	0.291964	0.115615
769	0.122823	0.293743	0.117167
770	0.122878	0.293587	0.11719
771	0.123369	0.2911	0.117681
772	0.12558	0.29335	0.119626
773	0.125917	0.291976	0.119971
774	0.12719	0.294178	0.121014
775	0.127122	0.292019	0.120882
776	0.127928	0.291888	0.121572
777	0.129909	0.291025	0.123594
778	0.131344	0.293698	0.12474
779	0.132191	0.292774	0.12545
780	0.132693	0.292049	0.125797
781	0.133548	0.29077	0.126592
782	0.135665	0.292228	0.128428
783	0.136489	0.291589	0.129355
784	0.137628	0.291945	0.130181
785	0.139032	0.291683	0.131534
786	0.140778	0.290721	0.133365
787	0.141685	0.291909	0.134073
788	0.143467	0.291649	0.135748
789	0.145287	0.294808	0.136887
790	0.145624	0.291626	0.137516
791	0.145838	0.289678	0.137723
792	0.147481	0.289378	0.139333
793	0.149317	0.289223	0.141229
794	0.149912	0.291478	0.141257
795	0.151514	0.291382	0.14273
796	0.153674	0.291864	0.144629
797	0.154291	0.29197	0.144946
798	0.154453	0.288594	0.145283
799	0.15589	0.289559	0.146599
800	0.157559	0.291039	0.147921
801	0.158962	0.28894	0.1495
802	0.159779	0.288456	0.149747
803	0.162359	0.290166	0.152088
804	0.163559	0.290047	0.153098
805	0.16652	0.289259	0.155884
806	0.166368	0.288807	0.15551
807	0.167972	0.288877	0.157206
808	0.170599	0.291222	0.159227
809	0.170817	0.291068	0.159404
810	0.171798	0.29023	0.160223
811	0.174212	0.288908	0.162551
812	0.175197	0.290025	0.163163
813	0.176459	0.28949	0.164129
814	0.177788	0.288026	0.165589
815	0.179758	0.287831	0.167299
816	0.181372	0.287236	0.168465
817	0.18229	0.288731	0.168963
818	0.18385	0.287299	0.17038
819	0.186542	0.287352	0.172798
820	0.188293	0.287759	0.174245
821	0.190239	0.288417	0.175585
822	0.193013	0.288129	0.178213
823	0.193431	0.28553	0.178431
824	0.195755	0.286727	0.180193
825	0.197271	0.284283	0.18156
826	0.200116	0.284818	0.184201
827	0.20211	0.284861	0.185921
828	0.203577	0.284781	0.186982
829	0.206232	0.286763	0.189042
830	0.208166	0.283392	0.191052
831	0.211074	0.284765	0.193134
832	0.212848	0.282713	0.194786
833	0.214581	0.282324	0.196464
834	0.216526	0.280902	0.197689
835	0.218427	0.28138	0.198884
836	0.220898	0.279646	0.20103
837	0.223445	0.281706	0.202909
838	0.225975	0.28032	0.205169
839	0.228946	0.278155	0.207675
840	0.231063	0.278305	0.208937
841	0.233356	0.27929	0.210711
842	0.233987	0.277613	0.210371
843	0.238018	0.278068	0.214526
844	0.240147	0.277175	0.216124
845	0.243221	0.27706	0.218089
846	0.244756	0.275958	0.219063
847	0.24794	0.272881	0.22221
848	0.249099	0.273859	0.222085
849	0.254225	0.273846	0.226136
850	0.255196	0.270655	0.227269
851	0.260429	0.271932	0.230727
852	0.264087	0.271601	0.233774
853	0.265702	0.270176	0.234339
854	0.268654	0.268394	0.236956
855	0.271419	0.269259	0.23772
856	0.272586	0.264659	0.238705
857	0.277866	0.265879	0.243335
858	0.280985	0.26509	0.245394
859	0.284076	0.265826	0.246951
860	0.286494	0.26189	0.249106
861	0.290541	0.262722	0.251377
862	0.293732	0.261918	0.252749
863	0.297777	0.261132	0.256374
864	0.299206	0.257295	0.256766
865	0.303819	0.258918	0.25936
866	0.306877	0.257753	0.261685
867	0.31129	0.257566	0.264399
868	0.313871	0.255548	0.265501
869	0.317274	0.252754	0.267303
870	0.319225	0.251165	0.268851
871	0.324562	0.251759	0.272169
872	0.329097	0.251461	0.274355
873	0.330769	0.250074	0.274617
874	0.33571	0.250117	0.27726
875	0.338331	0.248585	0.278584
876	0.342417	0.244215	0.280648
877	0.34773	0.244629	0.282749
878	0.354128	0.240379	0.28642
879	0.355042	0.240254	0.285475
880	0.36106	0.237316	0.289131
881	0.364665	0.235793	0.289964
882	0.369504	0.233386	0.291639
883	0.37398	0.232637	0.292081
884	0.381012	0.232376	0.294672
885	0.386448	0.231059	0.296787
886	0.389368	0.227697	0.297964
887	0.393841	0.227336	0.296287
888	0.400263	0.224729	0.30016
889	0.40497	0.221746	0.300782
890	0.40997	0.220926	0.299543
891	0.415054	0.218757	0.299757
892	0.421154	0.214989	0.303101
893	0.428825	0.212141	0.303095
894	0.433294	0.210764	0.30286
895	0.440199	0.206942	0.302134
896	0.447951	0.208134	0.301723
897	0.451622	0.203213	0.301342
898	0.456818	0.201257	0.298734
899	0.463807	0.199059	0.298475
900	0.471099	0.195598	0.298697
901	0.474721	0.19445	0.294269
902	0.482468	0.18921	0.295159
903	0.48912	0.185174	0.291564
904	0.494841	0.185865	0.286361
905	0.505655	0.182664	0.283869
906	0.511448	0.180156	0.277239
907	0.519313	0.176432	0.27113
908	0.528047	0.172421	0.270859
909	0.532615	0.17167	0.259925
910	0.540294	0.165661	0.253818
911	0.551501	0.163735	0.245781
912	0.559066	0.158923	0.236454
913	0.563442	0.157764	0.225688
914	0.574199	0.151316	0.218201
915	0.579868	0.149884	0.20746
916	0.586277	0.148106	0.200407
917	0.593035	0.144909	0.195161
918	0.598588	0.144179	0.19447
919	0.602885	0.143666	0.199574
920	0.606474	0.142406	0.191675
921	0.609425	0.140758	0.192909
922	0.614294	0.141298	0.194137
923	0.617892	0.141756	0.196197
924	0.61851	0.14192	0.195794
925	0.619079	0.142197	0.195651
926	0.61962	0.141486	0.196153
927	0.630326	0.140274	0.196446
928	0.62492	0.141427	0.19542
929	0.627869	0.140016	0.194639
930	0.627303	0.139586	0.197428
931	0.636835	0.137959	0.196045
932	0.639608	0.13786	0.194428
933	0.635862	0.138276	0.196202
934	0.636334	0.139908	0.192051
935	0.637137	0.139273	0.19541
936	0.636183	0.138231	0.198062
937	0.633566	0.140315	0.196469
938	0.64487	0.138898	0.199451
939	0.652531	0.136282	0.197597
940	0.651335	0.137575	0.192909
941	0.651532	0.13796	0.198279
942	0.650837	0.136509	0.196468
943	0.650351	0.137761	0.19444
944	0.650239	0.13682	0.195935
945	0.646022	0.138156	0.194805
946	0.642674	0.139014	0.197654
947	0.643202	0.139836	0.198363
948	0.638968	0.139926	0.200855
949	0.639059	0.140826	0.200169
950	0.663922	0.135895	0.203934
951	0.672789	0.134346	0.200418
952	0.670762	0.133928	0.199426
953	0.671345	0.134006	0.202291
954	0.671031	0.133687	0.200461
955	0.667004	0.13451	0.199364
956	0.664935	0.135088	0.20488
957	0.66781	0.133598	0.200044
958	0.666274	0.135822	0.20057
959	0.662967	0.137027	0.201883
960	0.660709	0.136454	0.201439
960	0.660709	0.136454	0.201439
961	0.661728	0.136501	0.197932
962	0.660189	0.137416	0.194421
963	0.660012	0.136417	0.200883
964	0.658415	0.137069	0.203203
965	0.657955	0.137835	0.200551
966	0.657833	0.136388	0.196301
967	0.65595	0.137337	0.197976
968	0.653585	0.138193	0.197724
969	0.651894	0.139494	0.199964
970	0.650932	0.139824	0.19879
971	0.651838	0.13813	0.195916
972	0.650594	0.139936	0.198238
973	0.698074	0.132465	0.202308
974	0.7037	0.131219	0.200726
975	0.700373	0.130987	0.203029
976	0.698804	0.132257	0.205872
977	0.696906	0.133882	0.204168
978	0.698877	0.131709	0.207559
979	0.696855	0.132638	0.20552
980	0.695684	0.133925	0.206678
981	0.695885	0.132871	0.205067
982	0.690791	0.134726	0.207685
983	0.691616	0.134492	0.201981
984	0.694073	0.132944	0.202065
985	0.69065	0.133343	0.204758
986	0.691563	0.1331	0.203861
987	0.690233	0.134852	0.205938
988	0.68953	0.134286	0.202711
989	0.685903	0.135266	0.205411
990	0.686491	0.133474	0.204643
991	0.687631	0.134081	0.202361
992	0.685757	0.135695	0.205467
993	0.682565	0.136282	0.208931
994	0.681723	0.136356	0.205394
995	0.682872	0.135765	0.204005
996	0.681379	0.137549	0.205749
997	0.679863	0.13601	0.203935
998	0.677838	0.137832	0.205833
999	0.674857	0.138459	0.208533
1000	0.67447	0.137132	0.206022
1001	0.675585	0.138517	0.206295
1002	0.673095	0.139728	0.205977
1003	0.6747	0.137442	0.200682
1004	0.6746	0.137057	0.205809
1005	0.673246	0.138207	0.206756
1006	0.671929	0.139093	0.207514
1007	0.66935	0.138504	0.204658
1008	0.667396	0.141277	0.204717
1009	0.670376	0.139169	0.205248
1010	0.666731	0.139222	0.205812
1011	0.667688	0.1376	0.20794
1012	0.66528	0.142158	0.209827
1013	0.662172	0.142221	0.212352
1014	0.66034	0.142731	0.205896
1015	0.661442	0.141701	0.210073
1016	0.660327	0.141616	0.207726
1017	0.659714	0.142033	0.207539
1018	0.660005	0.140741	0.207155
1019	0.656887	0.143195	0.20483
1020	0.657871	0.143514	0.208522
1021	0.654072	0.143027	0.209678
1022	0.654858	0.143266	0.207021
1023	0.653627	0.142794	0.203784
1024	0.650711	0.142931	0.200501
1025	0.654069	0.140706	0.20473
1026	0.735663	0.126605	0.207961
1027	0.761086	0.122165	0.209214
1028	0.759489	0.123799	0.210688
1029	0.757678	0.123182	0.21287
1030	0.757242	0.123594	0.209987
1031	0.755035	0.125048	0.216931
1032	0.756073	0.122492	0.211501
1033	0.752996	0.124878	0.215536
1034	0.752988	0.125054	0.213861
1035	0.755231	0.123741	0.212023
1036	0.752458	0.12602	0.216729
1037	0.75193	0.125747	0.216504
1038	0.74929	0.127071	0.215322
1039	0.749647	0.127127	0.215129
1040	0.75157	0.125309	0.214143
1041	0.749964	0.125748	0.213787
1042	0.746998	0.128046	0.212794
1043	0.747042	0.127276	0.213223
1044	0.745746	0.12843	0.213862
1045	0.747698	0.125324	0.207734
1046	0.748452	0.126168	0.211302
1047	0.745759	0.126774	0.210357
1048	0.74814	0.124905	0.2108
1049	0.745621	0.1259	0.212141
1050	0.742071	0.128371	0.214086
1051	0.741121	0.128991	0.210707
1052	0.738603	0.130704	0.215186
1053	0.74184	0.127683	0.213659
1054	0.738283	0.128247	0.215461
1055	0.740756	0.129061	0.214347
1056	0.738798	0.129673	0.2147
1057	0.738969	0.129055	0.21608
1058	0.739329	0.129786	0.213629
1059	0.736699	0.130422	0.219238
1060	0.733691	0.131402	0.216417
1061	0.73596	0.130631	0.214601
1062	0.734385	0.131362	0.219342
1063	0.731329	0.132109	0.219281
1064	0.730443	0.132837	0.217425
1065	0.733153	0.1311	0.215691
1066	0.729866	0.132095	0.219364
1067	0.728662	0.132471	0.219887
1068	0.728703	0.131847	0.220019
1069	0.728262	0.132859	0.215475
1070	0.723448	0.135083	0.217587
1071	0.725563	0.132465	0.212133
1072	0.726371	0.133019	0.214632
1073	0.725013	0.132617	0.212733
1074	0.728171	0.132715	0.213258
1075	0.726223	0.132208	0.21241
1076	0.721611	0.134559	0.212574
1077	0.719799	0.135262	0.215857
1078	0.721767	0.135184	0.216477
1079	0.718882	0.1358	0.22051
1080	0.720963	0.133433	0.217391
1081	0.72072	0.134587	0.21809
1082	0.714634	0.137004	0.223221
1083	0.716483	0.136039	0.220927
1084	0.716019	0.137176	0.217391
1085	0.7138	0.137238	0.213634
1086	0.712891	0.138289	0.215715
1087	0.712422	0.137869	0.217211
1088	0.71255	0.137592	0.213037
1089	0.712727	0.137689	0.211958
1090	0.713017	0.136542	0.212413
1091	0.709558	0.138604	0.211269
1092	0.708984	0.137048	0.213378
1093	0.712316	0.135493	0.216423
1094	0.711054	0.137559	0.216472
1095	0.706343	0.140724	0.215413
1096	0.708288	0.137627	0.215471
1097	0.705308	0.13938	0.219777
1098	0.703417	0.139073	0.21531
1099	0.706093	0.13788	0.215396
1100	0.702494	0.140719	0.217228
1101	0.702755	0.139173	0.21677
1102	0.70113	0.140578	0.218588
1103	0.697279	0.140854	0.22129
1104	0.699944	0.141063	0.221009
1105	0.700823	0.139931	0.218574
1106	0.69518	0.142973	0.219439
1107	0.696162	0.140741	0.220577
1108	0.693568	0.144079	0.218279
1109	0.694484	0.14146	0.218848
1110	0.694995	0.143139	0.219975
1111	0.691602	0.143606	0.221696
1112	0.693037	0.142838	0.219615
1113	0.693328	0.141249	0.214005
1114	0.692059	0.143342	0.215583
1115	0.692446	0.143104	0.213445
1116	0.691078	0.143367	0.213033
1117	0.689142	0.14372	0.215966
1118	0.688578	0.14267	0.216684
1119	0.688425	0.144437	0.222249
1120	0.687056	0.143594	0.217846
1121	0.685936	0.144971	0.222097
1122	0.68263	0.146149	0.221284
1123	0.683526	0.144442	0.221316
1124	0.678533	0.146099	0.221816
1125	0.683026	0.146356	0.220061
1126	0.681129	0.14661	0.219737
1127	0.67935	0.146683	0.223211
1128	0.678104	0.145576	0.223042
1129	0.676931	0.146737	0.222634
1130	0.673904	0.148197	0.222333
1131	0.67602	0.14744	0.2181
1132	0.676842	0.145988	0.21504
1133	0.674265	0.147525	0.222601
1134	0.674477	0.148425	0.220513
1135	0.673891	0.147101	0.218674
1136	0.673946	0.147892	0.217964
1137	0.673679	0.149058	0.223298
1138	0.669028	0.149515	0.219632
1139	0.670496	0.148288	0.223455
1140	0.668206	0.14984	0.221807
1141	0.668352	0.149435	0.217057
1142	0.668591	0.148037	0.218854
1143	0.666666	0.148612	0.220788
1144	0.664824	0.149431	0.220253
1145	0.66449	0.150157	0.213845
1146	0.664547	0.151286	0.21968
1147	0.664933	0.149718	0.213838
1148	0.6635	0.14954	0.217407
1149	0.660792	0.150973	0.220315
1150	0.658686	0.150973	0.220058
1151	0.66283	0.14979	0.219445
1152	0.661193	0.151203	0.218431
1153	0.659427	0.15198	0.216784
1154	0.658976	0.150789	0.218283
1155	0.655326	0.151726	0.218043
1156	0.658765	0.151494	0.219549
1157	0.655514	0.152447	0.21811
1158	0.653577	0.151821	0.220702
1159	0.655906	0.151064	0.21737
1160	0.65302	0.152565	0.219534
1161	0.653569	0.151647	0.221943
1162	0.651944	0.153347	0.223298
1163	0.650828	0.151937	0.22501
1164	0.645993	0.154687	0.224344
1165	0.642928	0.154952	0.222195
1166	0.644808	0.155933	0.220169
1167	0.64478	0.154948	0.219264
1168	0.645473	0.154728	0.220658
1169	0.645005	0.153623	0.223076
1170	0.643825	0.155253	0.223352
1171	0.642649	0.15515	0.222513
1172	0.639456	0.155918	0.226893
1173	0.637516	0.155968	0.222178
1174	0.639232	0.155341	0.222213
1175	0.640805	0.155393	0.221521
1176	0.639307	0.156108	0.216957
1177	0.63804	0.156745	0.223896
1178	0.637372	0.156794	0.223519
1179	0.635078	0.156607	0.222539
1180	0.633122	0.157014	0.221106
1181	0.634071	0.156152	0.223139
1182	0.631287	0.158531	0.218201
1183	0.630124	0.158033	0.220736
1184	0.629941	0.159459	0.225644
1185	0.628371	0.159303	0.223388
1186	0.625622	0.159275	0.226122
1187	0.630687	0.158738	0.223847
1188	0.626722	0.158776	0.222228
1189	0.62563	0.159404	0.221744
1190	0.625845	0.157692	0.218487
1191	0.628364	0.156437	0.218512
1192	0.623314	0.160147	0.22061
1193	0.62322	0.159765	0.223419
1194	0.620908	0.160475	0.220129
1195	0.621197	0.159923	0.218204
1196	0.622818	0.157133	0.220026
1197	0.619075	0.160033	0.225801
1198	0.62128	0.159759	0.220092
1199	0.620739	0.158956	0.219053
1200	0.618249	0.159142	0.223037
1201	0.616254	0.160431	0.219887
1202	0.613091	0.160977	0.219219
1203	0.613389	0.161274	0.220145
1204	0.615493	0.160452	0.214747
1205	0.612768	0.161084	0.217096
1206	0.614968	0.160698	0.21435
1207	0.612828	0.160752	0.217775
1208	0.612567	0.160369	0.214219
1209	0.613825	0.160965	0.219303
1210	0.609335	0.161348	0.217826
1211	0.612109	0.161503	0.219259
1212	0.6122	0.159341	0.217684
1213	0.607777	0.16034	0.214811
1214	0.607765	0.161572	0.214409
1215	0.613192	0.160047	0.212936
1216	0.906653	0.0613691	0.176628
1217	0.990434	0.00906714	0.242014
1218	0.992554	0.00703703	0.187962
1219	0.99397	0.00568187	0.146732
1220	0.994994	0.00469777	0.117512
1221	0.995753	0.00397468	0.0945415
1222	0.99633	0.00342366	0.0779923
1223	0.996779	0.0029956	0.0653673
1224	0.997138	0.00265682	0.055333
1225	0.997429	0.00238058	0.0477048
1226	0.99767	0.00215332	0.0414847
1227	0.997872	0.00196354	0.0363463
1228	0.998044	0.00180136	0.0322697
1229	0.998192	0.00166288	0.0287675
1230	0.998321	0.00154281	0.025819
1231	0.998433	0.00143676	0.0234239
1232	0.998533	0.00134387	0.0212966
1233	0.998621	0.00126136	0.0194572
1234	0.998701	0.00118694	0.0179232
1235	0.998772	0.00112064	0.01652
1236	0.998836	0.00106029	0.0153229
1237	0.998895	0.00100605	0.014214
1238	0.998948	0.000956324	0.0132512
1239	0.998997	0.000910759	0.0123944
1240	0.999042	0.000869156	0.011604
1241	0.999084	0.000830673	0.0109036
1242	0.999122	0.000794885	0.0102806
1243	0.999158	0.00076177	0.009715
1244	0.999191	0.000731295	0.0091779
1245	0.999221	0.000702897	0.00868807
1246	0.99925	0.00067613	0.00825679
1247	0.999277	0.000651572	0.00782692
1248	0.999302	0.000628568	0.00743009
1249	0.999326	0.000606883	0.00706761
1250	0.999348	0.00058635	0.0067422
1251	0.99937	0.000566708	0.00645804
1252	0.999389	0.000548413	0.00617868
1253	0.999408	0.000531137	0.00591766
1254	0.999426	0.000514846	0.00566973
1255	0.999443	0.000499368	0.00544085
1256	0.999459	0.00048434	0.00522556
1257	0.999475	0.00047043	0.00502195
1258	0.999489	0.000457239	0.00482881
1259	0.999503	0.000444407	0.00465534
1260	0.999516	0.000432322	0.00449016
1261	0.999529	0.000420797	0.00433394
1262	0.999541	0.000409791	0.00418606
1263	0.999552	0.000399372	0.00403974
1264	0.999564	0.000389131	0.00391055
1265	0.999574	0.000379593	0.00377977
1266	0.999584	0.000370458	0.00365557
1267	0.999594	0.00036155	0.00354485
1268	0.999603	0.000353127	0.00343321
1269	0.999612	0.000345062	0.00332587
1270	0.999621	0.000337173	0.00323022
1271	0.999629	0.000329665	0.00313514
1272	0.999637	0.000322418	0.00304518
1273	0.999645	0.000315463	0.00295829
1274	0.999652	0.000308762	0.00287517
1275	0.999659	0.000302305	0.00279313
1276	0.999666	0.000296021	0.00271927
1277	0.999673	0.000289961	0.00264845
1278	0.999679	0.000284181	0.00257577
1279	0.999686	0.000278524	0.00251059
1280	0.999692	0.000273051	0.00244654
1281	0.999698	0.000267744	0.00238634
1282	0.999703	0.0002626	0.00232778
1283	0.999709	0.000257229	0.00226692
1284	0.999715	0.000252321	0.00221637
1285	0.99972	0.000247717	0.00216344
1286	0.999725	0.000243044	0.00211522
1287	0.99973	0.000238719	0.00206594
1288	0.999734	0.00023459	0.00201615
1289	0.999739	0.000230496	0.0019709
1290	0.999743	0.000226489	0.00192876
1291	0.999748	0.000222614	0.00188751
1292	0.999752	0.000218864	0.00184611
1293	0.999756	0.000215244	0.00180605
1294	0.99976	0.0002118	0.00176441
1295	0.999764	0.000208415	0.00172561
1296	0.999768	0.000204869	0.0016902
1297	0.999771	0.000201647	0.00165469
1298	0.999775	0.000198404	0.00162336
1299	0.999778	0.000195369	0.0015891
1300	0.999782	0.000192346	0.0015584
