600	0.0485242	0.28529	0.0476604
601	0.0486573	0.28443	0.0477931
602	0.0488206	0.285599	0.04795
603	0.0488168	0.284566	0.0479209
604	0.0491324	0.284527	0.04826
605	0.0488826	0.283882	0.0479667
606	0.0491241	0.284345	0.0482213
607	0.0491019	0.282603	0.0482186
608	0.0491232	0.282561	0.0482105
609	0.0493469	0.284262	0.0484359
610	0.049291	0.284484	0.0483571
611	0.0493065	0.281806	0.0484155
612	0.0494417	0.282223	0.0485173
613	0.0496344	0.284823	0.0486801
614	0.0495893	0.282847	0.0486599
615	0.0495617	0.281396	0.048633
616	0.0496755	0.281041	0.0487448
617	0.0499111	0.282337	0.0489533
618	0.049895	0.279872	0.0489881
619	0.0498476	0.278468	0.0489469
620	0.0501529	0.27965	0.0492484
621	0.050192	0.279194	0.0492731
622	0.0502437	0.278843	0.0492997
623	0.0503563	0.277256	0.0494358
624	0.0502189	0.276223	0.0492905
625	0.0504901	0.27681	0.0495504
626	0.0504909	0.276092	0.04955
627	0.0505273	0.275245	0.0495781
628	0.0508213	0.276086	0.0498606
629	0.0510063	0.27709	0.0500185
630	0.0511216	0.276138	0.050144
631	0.0511473	0.276264	0.0501416
632	0.0512815	0.277272	0.0502961
633	0.0511472	0.276184	0.0501347
634	0.0513513	0.275813	0.0503271
635	0.0517413	0.27853	0.050678
636	0.051497	0.274413	0.0504552
637	0.0518686	0.27613	0.050831
638	0.0518177	0.275522	0.0507751
639	0.0515273	0.271562	0.050464
640	0.0520405	0.273474	0.0510015
641	0.0520868	0.274913	0.0510001
642	0.0520615	0.273051	0.0509904
643	0.0523316	0.273395	0.0512397
644	0.0524819	0.273171	0.0514253
645	0.0524262	0.272417	0.0513273
646	0.0525227	0.271173	0.0514292
647	0.0528057	0.272374	0.0516808
648	0.053145	0.273605	0.0520232
649	0.0528398	0.270496	0.0517103
650	0.0531236	0.271862	0.0519556
651	0.0535629	0.271778	0.0523827
652	0.0538223	0.270309	0.0526762
653	0.0540175	0.270453	0.0528435
654	0.0542759	0.272249	0.0530808
655	0.0542482	0.271324	0.053072
656	0.0543908	0.271501	0.0531959
657	0.0543775	0.269582	0.0531506
658	0.0544784	0.268821	0.0532536
659	0.0548167	0.270927	0.0535585
660	0.0550599	0.270249	0.0537668
661	0.0552069	0.26934	0.0539502
662	0.0555966	0.270643	0.0543119
663	0.0557483	0.27083	0.0544199
664	0.0561949	0.270954	0.0548999
665	0.0562599	0.271698	0.0549053
666	0.056838	0.272906	0.0554776
667	0.0571452	0.273947	0.0557429
668	0.0570683	0.271338	0.0556739
669	0.0575439	0.274761	0.0560773
670	0.0574493	0.27205	0.0560479
671	0.0575076	0.272461	0.0560877
672	0.0577012	0.272451	0.0562595
673	0.0575913	0.271439	0.0561208
674	0.0577678	0.270135	0.056301
675	0.058532	0.271744	0.0570812
676	0.058817	0.273252	0.0573088
677	0.0589164	0.272521	0.0574133
678	0.0592946	0.272269	0.0577619
679	0.0596179	0.273148	0.0580768
680	0.0597732	0.272891	0.0582061
681	0.059106	0.269308	0.0575163
682	0.0598265	0.26992	0.0582814
683	0.0598851	0.268327	0.0583367
684	0.0602835	0.26969	0.0587342
685	0.0607662	0.270584	0.0592091
686	0.0607657	0.270109	0.0591697
687	0.0611039	0.271421	0.0595024
688	0.0612223	0.271016	0.0596235
689	0.0614085	0.270882	0.0597602
690	0.0613342	0.269112	0.0597571
691	0.0618134	0.268736	0.0602221
692	0.0623643	0.270372	0.0607224
693	0.0629423	0.27232	0.0612703
694	0.0629319	0.270529	0.0612858
695	0.0636685	0.274342	0.0619414
696	0.0633314	0.271071	0.0616015
697	0.0636701	0.272082	0.0618983
698	0.0640055	0.271225	0.0622479
699	0.0638602	0.26789	0.0621338
700	0.0651308	0.273435	0.063331
701	0.0648743	0.270353	0.0630954
702	0.0650595	0.271231	0.0632048
703	0.0658596	0.272682	0.064004
704	0.0662452	0.273374	0.0643759
705	0.0667157	0.27346	0.0648404
706	0.0672557	0.2723	0.0653645
707	0.0673739	0.271595	0.0654342
708	0.0679032	0.271862	0.0659289
709	0.0679085	0.269589	0.0659515
710	0.0683857	0.270676	0.0664175
711	0.0688627	0.271631	0.0668579
712	0.0690598	0.272488	0.067022
713	0.0692749	0.272346	0.0672479
714	0.0700865	0.273146	0.0680375
715	0.0700518	0.271313	0.0680361
716	0.0701979	0.270297	0.0681184
717	0.0711572	0.271952	0.0691106
718	0.0713136	0.272708	0.0692661
719	0.0715221	0.272184	0.0693931
720	0.0720479	0.272258	0.069889
721	0.0725212	0.273617	0.0702685
722	0.0729791	0.273185	0.0707918
723	0.0730717	0.270148	0.0708666
724	0.0733645	0.26994	0.0711378
725	0.0738813	0.270291	0.0715703
726	0.0748938	0.272313	0.0725967
727	0.0755567	0.27341	0.0733092
728	0.0760743	0.273799	0.0737123
729	0.0766053	0.273881	0.074251
730	0.0768661	0.274105	0.0744624
731	0.0774779	0.273487	0.0750597
732	0.0777085	0.272782	0.0753038
733	0.0781566	0.274312	0.0756595
734	0.0785886	0.273072	0.0760146
735	0.0790029	0.272423	0.0764872
736	0.0790058	0.270189	0.0765122
737	0.0800948	0.272147	0.0774816
738	0.0801948	0.270294	0.077593
739	0.0812186	0.272603	0.078595
740	0.0814233	0.271759	0.078778
741	0.081748	0.271304	0.0790972
742	0.0824306	0.271841	0.0797274
743	0.0832899	0.273415	0.0805451
744	0.0842526	0.276296	0.0814258
745	0.0846065	0.27535	0.0818109
746	0.0849534	0.274191	0.082105
747	0.0850132	0.272588	0.0821216
748	0.0859854	0.274572	0.083026
749	0.0871271	0.27517	0.0840896
750	0.0877251	0.273185	0.0847045
751	0.0890176	0.276077	0.0859639
752	0.0895091	0.275338	0.0864105
753	0.0897028	0.274074	0.0866291
754	0.0903864	0.273778	0.0872048
755	0.0914113	0.275304	0.0881759
756	0.0922244	0.276531	0.0888458
757	0.0925989	0.276611	0.0891649
758	0.0927799	0.274516	0.0892862
759	0.0941037	0.274387	0.090708
760	0.0950594	0.27697	0.0914389
761	0.0962774	0.277018	0.0925813
762	0.0964981	0.275201	0.0927282
763	0.0965907	0.273682	0.0928482
764	0.098348	0.275228	0.0944391
765	0.0990865	0.275194	0.0951861
766	0.100008	0.27632	0.0959482
767	0.100966	0.275532	0.096906
768	0.102405	0.276416	0.0983043
769	0.103007	0.277057	0.0987744
770	0.104209	0.277808	0.0998185
771	0.105725	0.278472	0.101128
772	0.106313	0.278228	0.101668
773	0.106198	0.275674	0.10165
774	0.107277	0.275109	0.102713
775	0.108991	0.277486	0.104356
776	0.109201	0.278297	0.10434
777	0.110443	0.278207	0.105518
778	0.112063	0.278572	0.106984
779	0.111865	0.277295	0.106777
780	0.11252	0.276466	0.107375
781	0.11302	0.276262	0.107791
782	0.114051	0.277008	0.108763
783	0.114932	0.276705	0.109509
784	0.11606	0.274971	0.110637
785	0.118105	0.278113	0.112476
786	0.118239	0.276896	0.112435
787	0.119778	0.275623	0.114066
788	0.120443	0.277462	0.114572
789	0.121359	0.277505	0.115268
790	0.122939	0.280368	0.116689
791	0.123193	0.278585	0.117056
792	0.124293	0.278462	0.117932
793	0.125569	0.277712	0.119211
794	0.126232	0.277581	0.119798
795	0.127429	0.278928	0.120724
796	0.128282	0.27676	0.121525
797	0.129869	0.277446	0.12306
798	0.130915	0.278662	0.123957
799	0.131533	0.277539	0.12447
800	0.133079	0.276317	0.125967
801	0.134453	0.276054	0.127237
802	0.13556	0.27828	0.128043
803	0.138095	0.279921	0.130296
804	0.139129	0.278862	0.13131
805	0.139448	0.277235	0.131516
806	0.141695	0.278319	0.133316
807	0.143248	0.279278	0.134719
808	0.14477	0.278956	0.136454
809	0.145359	0.279521	0.136666
810	0.147311	0.279768	0.138551
811	0.148124	0.277991	0.139255
812	0.150184	0.278179	0.141146
813	0.151877	0.278664	0.142419
814	0.152717	0.277814	0.143223
815	0.153943	0.277974	0.144059
816	0.155616	0.277133	0.145774
817	0.157356	0.276638	0.147247
818	0.15949	0.279583	0.149043
819	0.160945	0.27752	0.150326
820	0.163364	0.27708	0.15258
821	0.164422	0.277756	0.153066
822	0.165939	0.278933	0.15443
823	0.166788	0.276497	0.15517
824	0.169027	0.278219	0.157274
825	0.170348	0.276827	0.158277
826	0.172294	0.277282	0.159678
827	0.17386	0.278294	0.161036
828	0.176589	0.27732	0.163815
829	0.176891	0.275888	0.163682
830	0.179702	0.27465	0.16621
831	0.180723	0.273222	0.166907
832	0.184831	0.276062	0.170325
833	0.186652	0.27532	0.171533
834	0.188293	0.273841	0.173361
835	0.191643	0.276011	0.175918
836	0.191822	0.270577	0.176255
837	0.19435	0.271513	0.178488
838	0.196925	0.273598	0.18042
839	0.20013	0.273047	0.183092
840	0.201111	0.271251	0.183605
841	0.203641	0.273096	0.185166
842	0.205933	0.270674	0.18734
843	0.208652	0.270672	0.18961
844	0.209673	0.270002	0.190081
845	0.21294	0.271057	0.192648
846	0.21475	0.268906	0.194356
847	0.217447	0.270484	0.19643
848	0.220975	0.269902	0.199874
849	0.221887	0.265953	0.200335
850	0.223779	0.266503	0.201506
851	0.227321	0.267636	0.204347
852	0.229745	0.268535	0.205747
853	0.232222	0.267663	0.207265
854	0.234589	0.267082	0.209282
855	0.237729	0.267684	0.211638
856	0.239692	0.264275	0.212886
857	0.244072	0.26569	0.215801
858	0.247899	0.260987	0.219431
859	0.248608	0.26053	0.219571
860	0.252674	0.259491	0.222709
861	0.255223	0.258511	0.224625
862	0.258803	0.25728	0.227327
863	0.262194	0.257013	0.228945
864	0.267003	0.25814	0.231856
865	0.27035	0.256848	0.23436
866	0.273093	0.253623	0.236746
867	0.276194	0.255422	0.236959
868	0.280934	0.253131	0.241936
869	0.284122	0.252257	0.243436
870	0.287216	0.250922	0.244904
871	0.28953	0.24867	0.246344
872	0.295722	0.248687	0.252071
873	0.300075	0.247222	0.254256
874	0.303425	0.247699	0.254208
875	0.3087	0.245488	0.258091
876	0.312296	0.245436	0.259269
877	0.315108	0.242913	0.261207
878	0.319302	0.243241	0.261975
879	0.325079	0.240515	0.266415
880	0.32918	0.239082	0.268003
881	0.331397	0.237636	0.267941
882	0.33691	0.233682	0.271901
883	0.341625	0.234381	0.273465
884	0.346441	0.232915	0.274648
885	0.353093	0.231473	0.276297
886	0.356927	0.228325	0.278745
887	0.363637	0.225171	0.282378
888	0.368152	0.226351	0.282415
889	0.37234	0.223908	0.282325
890	0.377595	0.219298	0.284075
891	0.386378	0.217634	0.289161
892	0.38719	0.216503	0.284994
893	0.394771	0.213655	0.287801
894	0.400633	0.212722	0.288774
895	0.406148	0.210984	0.287873
896	0.411243	0.206755	0.288241
897	0.419289	0.205551	0.2891
898	0.424794	0.203924	0.28787
899	0.430955	0.199421	0.287869
900	0.438351	0.198087	0.284156
901	0.446182	0.194211	0.284596
902	0.454973	0.191989	0.282992
903	0.458477	0.189619	0.279172
904	0.466161	0.187383	0.276056
905	0.4728	0.18371	0.273715
906	0.482601	0.181221	0.270952
907	0.486543	0.177971	0.265454
908	0.496134	0.17578	0.259337
909	0.506568	0.172748	0.25706
910	0.510891	0.168805	0.248247
911	0.51968	0.165951	0.240833
912	0.526925	0.165055	0.232956
913	0.537443	0.158342	0.225243
914	0.546177	0.156482	0.213667
915	0.55401	0.153157	0.203127
916	0.557513	0.153335	0.196658
917	0.567043	0.150953	0.193817
918	0.569948	0.148268	0.192235
919	0.577533	0.146875	0.185203
920	0.580103	0.146615	0.194336
921	0.583834	0.146366	0.192088
922	0.588639	0.144416	0.192635
923	0.588748	0.144921	0.190404
924	0.593707	0.144594	0.19003
925	0.591223	0.144919	0.193893
926	0.593997	0.143634	0.194561
927	0.597957	0.144773	0.195563
928	0.600332	0.143537	0.198157
929	0.602219	0.143049	0.195604
930	0.600891	0.141515	0.194951
931	0.613932	0.141033	0.194199
932	0.613656	0.141381	0.192549
933	0.612956	0.140235	0.19291
934	0.60912	0.14364	0.196253
935	0.610183	0.140874	0.19414
936	0.612173	0.141394	0.194305
937	0.606721	0.143456	0.196469
938	0.619571	0.140932	0.196744
939	0.628401	0.140057	0.194956
940	0.627028	0.139019	0.190552
941	0.627273	0.140279	0.196082
942	0.625875	0.140441	0.199463
943	0.626047	0.139395	0.195431
944	0.625107	0.139121	0.194388
945	0.623122	0.140978	0.195785
946	0.620122	0.141979	0.194951
947	0.61768	0.143511	0.196255
948	0.617864	0.142845	0.192523
949	0.617329	0.142163	0.192399
950	0.639029	0.139753	0.195347
951	0.651048	0.138069	0.198578
952	0.651209	0.137671	0.195421
953	0.647673	0.138732	0.196736
954	0.643939	0.138689	0.198857
955	0.643616	0.139752	0.199638
956	0.643356	0.139412	0.199705
957	0.639974	0.140862	0.201239
958	0.643369	0.138417	0.19994
959	0.639889	0.140262	0.200334
960	0.636538	0.140281	0.20115
960	0.636538	0.140281	0.20115
961	0.63576	0.140309	0.198816
962	0.637783	0.138887	0.194701
963	0.635302	0.140977	0.196495
964	0.638527	0.139699	0.196726
965	0.63418	0.141436	0.199435
966	0.634762	0.140568	0.197055
967	0.629118	0.140245	0.197598
968	0.633272	0.140881	0.196142
969	0.631049	0.141992	0.198264
970	0.627233	0.142648	0.198513
971	0.626106	0.143967	0.198572
972	0.627791	0.14328	0.200983
973	0.6765	0.134562	0.200535
974	0.679822	0.137153	0.199214
975	0.678243	0.136846	0.2059
976	0.675183	0.137484	0.208079
977	0.674701	0.135943	0.20404
978	0.676019	0.137652	0.204664
979	0.67379	0.138632	0.203328
980	0.675052	0.13642	0.199717
981	0.674791	0.136078	0.201686
982	0.673945	0.137891	0.203291
983	0.671465	0.1377	0.206836
984	0.670259	0.137177	0.203097
985	0.667114	0.140165	0.20454
986	0.6703	0.137998	0.203401
987	0.666652	0.138301	0.203058
988	0.667594	0.136563	0.206175
989	0.665233	0.140934	0.20834
990	0.662	0.140952	0.210811
991	0.660214	0.141358	0.204051
992	0.66138	0.14108	0.208114
993	0.659814	0.140655	0.205898
994	0.659937	0.140061	0.205144
995	0.659374	0.139235	0.207205
996	0.656913	0.141944	0.20206
997	0.657051	0.140748	0.207342
998	0.653655	0.142509	0.20549
999	0.655763	0.141406	0.206633
1000	0.65204	0.141891	0.199589
1001	0.650929	0.140854	0.198792
1002	0.65332	0.140425	0.204011
1003	0.654322	0.139721	0.202169
1004	0.651088	0.144343	0.203533
1005	0.650718	0.140886	0.201568
1006	0.645525	0.143729	0.206258
1007	0.644667	0.143944	0.207852
1008	0.642098	0.144641	0.206144
1009	0.640294	0.14363	0.206836
1010	0.642708	0.14363	0.207832
1011	0.642662	0.143457	0.206178
1012	0.640017	0.14476	0.203342
1013	0.639243	0.144038	0.209065
1014	0.637955	0.146591	0.208449
1015	0.637234	0.14492	0.206021
1016	0.635141	0.146571	0.207476
1017	0.638797	0.143281	0.204189
1018	0.632937	0.145392	0.204445
1019	0.634132	0.144355	0.202681
1020	0.631732	0.144286	0.202895
1021	0.63352	0.144871	0.200785
1022	0.633199	0.144975	0.202884
1023	0.629848	0.145819	0.205668
1024	0.632698	0.144838	0.202487
1025	0.629721	0.145648	0.20208
1026	0.712578	0.132897	0.208934
1027	0.740889	0.1282	0.208469
1028	0.73875	0.129604	0.213285
1029	0.741465	0.126587	0.212843
1030	0.738276	0.127649	0.213737
1031	0.740572	0.128219	0.212384
1032	0.738659	0.128653	0.212919
1033	0.738839	0.128088	0.214667
1034	0.739369	0.12884	0.211615
1035	0.736292	0.129488	0.216738
1036	0.733296	0.130881	0.213724
1037	0.73654	0.129484	0.213827
1038	0.733068	0.131728	0.216474
1039	0.730951	0.131462	0.218093
1040	0.731385	0.130496	0.213828
1041	0.732343	0.130398	0.214581
1042	0.729269	0.131822	0.219168
1043	0.72802	0.132381	0.21784
1044	0.728851	0.130944	0.214023
1045	0.725758	0.132439	0.2173
1046	0.724306	0.133122	0.210995
1047	0.725956	0.131927	0.211915
1048	0.725242	0.13316	0.2107
1049	0.727584	0.130017	0.211929
1050	0.727615	0.131926	0.213933
1051	0.723737	0.13249	0.210997
1052	0.721007	0.135135	0.213649
1053	0.721287	0.135147	0.213193
1054	0.721474	0.133505	0.214092
1055	0.718235	0.134789	0.217088
1056	0.721375	0.133074	0.217395
1057	0.717222	0.135629	0.215174
1058	0.714797	0.136504	0.216871
1059	0.718002	0.134657	0.216436
1060	0.714016	0.136038	0.215308
1061	0.713042	0.136673	0.215048
1062	0.712911	0.136212	0.216924
1063	0.7112	0.136721	0.210847
1064	0.713108	0.136728	0.210149
1065	0.712903	0.135073	0.21082
1066	0.710152	0.137517	0.207612
1067	0.708607	0.135614	0.212295
1068	0.710988	0.134785	0.212014
1069	0.711929	0.135585	0.214315
1070	0.706051	0.138897	0.215235
1071	0.707746	0.137109	0.213856
1072	0.705421	0.138335	0.219134
1073	0.703233	0.137756	0.213184
1074	0.705915	0.137075	0.213001
1075	0.702514	0.139649	0.215135
1076	0.702561	0.138278	0.214758
1077	0.700737	0.139383	0.216845
1078	0.697629	0.139418	0.219522
1079	0.700284	0.139532	0.220177
1080	0.700196	0.138301	0.216472
1081	0.694886	0.141909	0.217452
1082	0.696642	0.140124	0.219696
1083	0.692629	0.142864	0.217316
1084	0.694939	0.140191	0.21613
1085	0.694477	0.142348	0.217611
1086	0.691986	0.141132	0.220747
1087	0.692695	0.142676	0.216586
1088	0.692028	0.14093	0.214365
1089	0.693065	0.141458	0.21419
1090	0.6918	0.141523	0.211398
1091	0.690646	0.143713	0.211957
1092	0.689472	0.141894	0.214977
1093	0.688368	0.14177	0.216343
1094	0.687873	0.143569	0.217069
1095	0.686718	0.143113	0.21997
1096	0.68334	0.144924	0.219998
1097	0.683835	0.143889	0.217796
1098	0.680573	0.145056	0.220733
1099	0.680074	0.146159	0.218787
1100	0.683017	0.144423	0.218417
1101	0.679894	0.144308	0.218679
1102	0.678446	0.146051	0.220129
1103	0.677317	0.147046	0.220612
1104	0.674693	0.146031	0.220307
1105	0.675411	0.147576	0.219418
1106	0.676685	0.14445	0.213185
1107	0.67603	0.145639	0.220241
1108	0.674154	0.147693	0.220733
1109	0.673898	0.144571	0.217163
1110	0.673316	0.146304	0.213328
1111	0.674409	0.147295	0.220606
1112	0.66908	0.1484	0.21813
1113	0.670236	0.147014	0.222792
1114	0.668384	0.148254	0.219781
1115	0.668076	0.148725	0.2151
1116	0.66834	0.146833	0.217187
1117	0.666826	0.14748	0.218677
1118	0.664663	0.148392	0.218291
1119	0.664349	0.148707	0.212633
1120	0.665148	0.149876	0.217839
1121	0.663987	0.148524	0.212986
1122	0.66309	0.149112	0.215357
1123	0.660512	0.149613	0.220204
1124	0.658626	0.150323	0.217089
1125	0.663216	0.149188	0.215041
1126	0.659475	0.149847	0.215963
1127	0.659358	0.15168	0.216191
1128	0.659049	0.149054	0.219026
1129	0.655619	0.150623	0.212841
1130	0.658283	0.150536	0.217413
1131	0.653885	0.151731	0.216208
1132	0.654601	0.150682	0.215776
1133	0.655534	0.149893	0.215291
1134	0.65384	0.152157	0.218493
1135	0.651931	0.151809	0.21965
1136	0.651244	0.150644	0.21996
1137	0.648113	0.153259	0.219498
1138	0.644048	0.153263	0.221446
1139	0.642974	0.153838	0.223054
1140	0.646325	0.1533	0.216979
1141	0.644029	0.15306	0.219698
1142	0.645489	0.15223	0.218951
1143	0.642717	0.153859	0.218629
1144	0.643864	0.152267	0.218997
1145	0.640472	0.154566	0.22212
1146	0.636729	0.154774	0.219968
1147	0.638318	0.153552	0.220312
1148	0.640161	0.15425	0.221877
1149	0.640172	0.15503	0.21536
1150	0.637302	0.154497	0.220345
1151	0.637322	0.155466	0.222949
1152	0.636672	0.154134	0.222254
1153	0.633196	0.156561	0.216249
1154	0.633442	0.156222	0.22235
1155	0.631683	0.155929	0.217395
1156	0.629966	0.156022	0.219465
1157	0.6294	0.157319	0.223505
1158	0.628051	0.15828	0.220428
1159	0.625286	0.158001	0.22398
1160	0.630216	0.157158	0.222594
1161	0.626357	0.157556	0.220176
1162	0.625201	0.158261	0.219634
1163	0.625571	0.156331	0.21693
1164	0.6275	0.155154	0.215382
1165	0.622957	0.158443	0.219012
1166	0.622332	0.159476	0.220925
1167	0.620192	0.158098	0.219657
1168	0.620815	0.157227	0.21732
1169	0.620714	0.15669	0.218798
1170	0.618129	0.158104	0.222227
1171	0.620622	0.157011	0.215094
1172	0.619512	0.159171	0.216698
1173	0.615907	0.16021	0.21917
1174	0.614267	0.160596	0.217219
1175	0.612198	0.159413	0.21628
1176	0.613459	0.159938	0.220176
1177	0.613628	0.15824	0.214734
1178	0.612479	0.160026	0.214629
1179	0.61179	0.158795	0.214971
1180	0.610331	0.160519	0.213323
1181	0.61044	0.159501	0.21618
1182	0.609945	0.161212	0.218417
1183	0.607051	0.160987	0.216475
1184	0.609861	0.161162	0.217868
1185	0.605595	0.160551	0.212747
1186	0.602333	0.161446	0.215654
1187	0.603433	0.162527	0.218872
1188	0.604302	0.161575	0.218728
1189	0.603943	0.161492	0.217113
1190	0.602626	0.162585	0.222693
1191	0.599469	0.163027	0.21733
1192	0.598366	0.165231	0.219429
1193	0.596066	0.165148	0.218526
1194	0.593233	0.165097	0.222281
1195	0.588999	0.166257	0.222702
1196	0.590934	0.165569	0.220946
1197	0.593465	0.163252	0.216602
1198	0.596066	0.163888	0.220067
1199	0.591408	0.165481	0.218194
1200	0.590794	0.164821	0.219012
1201	0.586413	0.166713	0.215758
1202	0.588706	0.165353	0.2178
1203	0.587832	0.166006	0.220707
1204	0.586043	0.164491	0.218528
1205	0.589159	0.164511	0.215282
1206	0.584931	0.165078	0.216554
1207	0.584984	0.16404	0.213826
1208	0.583538	0.163618	0.213522
1209	0.584506	0.166583	0.215063
1210	0.586929	0.163239	0.210979
1211	0.583512	0.163546	0.213993
1212	0.581642	0.165481	0.215577
1213	0.582358	0.164688	0.21354
1214	0.58101	0.164179	0.212575
1215	0.585618	0.162713	0.21239
1216	0.899114	0.0651018	0.176924
1217	0.989803	0.00962386	0.235774
1218	0.991996	0.00752738	0.188634
1219	0.993411	0.00617732	0.1544
1220	0.994444	0.00519397	0.126785
1221	0.995236	0.0044422	0.104382
1222	0.995855	0.00385314	0.0870624
1223	0.996348	0.0033851	0.0734178
1224	0.996747	0.00300772	0.0625114
1225	0.997075	0.00269811	0.0538273
1226	0.997349	0.00244264	0.0465099
1227	0.997579	0.00222571	0.0407993
1228	0.997776	0.00203963	0.036213
1229	0.997946	0.00188022	0.032305
1230	0.998094	0.00174115	0.0290776
1231	0.998224	0.00161902	0.0263682
1232	0.998338	0.00151218	0.0239434
1233	0.99844	0.00141762	0.0218153
1234	0.998531	0.00133256	0.0200206
1235	0.998613	0.00125652	0.0184147
1236	0.998688	0.00118774	0.0170155
1237	0.998755	0.00112556	0.0157608
1238	0.998816	0.0010695	0.0145996
1239	0.998872	0.00101793	0.0135908
1240	0.998924	0.000970374	0.0127061
1241	0.998971	0.000926536	0.0119148
1242	0.999015	0.000886205	0.0111891
1243	0.999056	0.000848657	0.0105468
1244	0.999094	0.000814073	0.00994309
1245	0.999129	0.000781918	0.00939055
1246	0.999162	0.000751511	0.00890997
1247	0.999192	0.000723334	0.00845571
1248	0.999221	0.000697182	0.00802319
1249	0.999248	0.000672435	0.00763565
1250	0.999273	0.000649369	0.007267
1251	0.999297	0.000627453	0.00693577
1252	0.99932	0.000606849	0.00662522
1253	0.999341	0.000587227	0.00634554
1254	0.999362	0.000568375	0.00607552
1255	0.999381	0.000550695	0.00583804
1256	0.999399	0.000534255	0.00559936
1257	0.999417	0.000518346	0.00538527
1258	0.999433	0.000503653	0.00516784
1259	0.999449	0.000489325	0.0049816
1260	0.999464	0.000475862	0.00479701
1261	0.999478	0.000463029	0.00462272
1262	0.999491	0.000450813	0.00445663
1263	0.999504	0.000439275	0.00429313
1264	0.999517	0.00042807	0.00414704
1265	0.999528	0.000417381	0.00400732
1266	0.99954	0.000407052	0.00387808
1267	0.999551	0.00039697	0.00375856
1268	0.999561	0.000387618	0.00363621
1269	0.999571	0.000378545	0.00352386
1270	0.999581	0.00036986	0.00341582
1271	0.99959	0.000361473	0.00331468
1272	0.999599	0.000353426	0.00321718
1273	0.999608	0.000345594	0.00312757
1274	0.999616	0.00033811	0.00303554
1275	0.999624	0.000330973	0.00294858
1276	0.999632	0.000323971	0.00286945
1277	0.99964	0.000317008	0.00279182
1278	0.999647	0.000310619	0.00271453
1279	0.999654	0.000304364	0.00264408
1280	0.999661	0.000298302	0.00257715
1281	0.999667	0.000292443	0.00250932
1282	0.999674	0.000286764	0.00244823
1283	0.99968	0.000281286	0.00238745
1284	0.999686	0.000275877	0.00233025
1285	0.999691	0.000270829	0.00227141
1286	0.999697	0.000265932	0.00221537
1287	0.999702	0.000261092	0.00216492
1288	0.999708	0.000256367	0.00211512
1289	0.999713	0.00025188	0.00206593
1290	0.999718	0.000247423	0.00201949
1291	0.999722	0.00024318	0.00197416
1292	0.999727	0.000238961	0.00193086
1293	0.999732	0.000234858	0.00189206
1294	0.999736	0.000230953	0.00185152
1295	0.99974	0.000227107	0.00181426
1296	0.999745	0.000223433	0.00177578
1297	0.999749	0.00021982	0.00173936
1298	0.999753	0.000216297	0.00170463
1299	0.999756	0.000212827	0.00167138
1300	0.99976	0.000209539	0.00163657
