600	0.0382856	0.26046	0.037696
601	0.0380779	0.258385	0.0374712
602	0.0380494	0.257081	0.037453
603	0.0384674	0.25935	0.0378694
604	0.0383818	0.258489	0.0377827
605	0.0382896	0.256929	0.0376894
606	0.0385104	0.257645	0.0379062
607	0.0386516	0.257579	0.0380558
608	0.0385511	0.256228	0.0379449
609	0.0385676	0.255656	0.0379438
610	0.0384706	0.254226	0.0378569
611	0.0386901	0.255234	0.0380638
612	0.0387108	0.254399	0.038079
613	0.0385873	0.252531	0.0379588
614	0.0388508	0.253856	0.0382225
615	0.0390636	0.254293	0.0384295
616	0.0391065	0.252938	0.0384757
617	0.0390784	0.252291	0.0384387
618	0.0391418	0.254445	0.038486
619	0.0391468	0.253591	0.0384787
620	0.0393022	0.252943	0.0386343
621	0.0396128	0.255101	0.0389355
622	0.0394377	0.252294	0.0387701
623	0.0395184	0.252945	0.0388527
624	0.039456	0.252244	0.0387648
625	0.0393317	0.248286	0.0386499
626	0.0397405	0.251611	0.0390497
627	0.0397897	0.252311	0.0391006
628	0.0397018	0.249296	0.0390089
629	0.0399635	0.250649	0.0392654
630	0.0399259	0.249799	0.0392261
631	0.0401589	0.249567	0.0394641
632	0.0400189	0.247895	0.0393161
633	0.0402855	0.249335	0.0395761
634	0.0401973	0.24766	0.039494
635	0.0401491	0.24802	0.0394236
636	0.0405641	0.247671	0.0398535
637	0.0410573	0.249846	0.0403309
638	0.040913	0.247117	0.0401795
639	0.0413647	0.249702	0.0406047
640	0.0413123	0.248488	0.0405629
641	0.0414183	0.247462	0.0406938
642	0.041434	0.248678	0.0406777
643	0.0414035	0.246237	0.0406352
644	0.0415672	0.248061	0.040792
645	0.041777	0.2484	0.0409863
646	0.0418667	0.246875	0.0410937
647	0.0420749	0.247174	0.0412933
648	0.042069	0.245788	0.0412842
649	0.0426261	0.249161	0.0418143
650	0.0426574	0.247996	0.0418519
651	0.0427534	0.247976	0.0419366
652	0.0433012	0.250931	0.0424582
653	0.0430099	0.247176	0.0421674
654	0.0434999	0.250792	0.042634
655	0.0435328	0.249902	0.0426741
656	0.0434438	0.248946	0.0425934
657	0.043675	0.250087	0.0428071
658	0.0436089	0.249299	0.0427233
659	0.0434953	0.246065	0.042633
660	0.0441671	0.24895	0.0432818
661	0.0443566	0.249645	0.0434667
662	0.0445056	0.250345	0.0435777
663	0.0446016	0.248953	0.0436588
664	0.0449533	0.250332	0.0440112
665	0.0449771	0.250273	0.044018
666	0.044494	0.245766	0.0435477
667	0.0449522	0.246834	0.0440177
668	0.0450398	0.245546	0.0441133
669	0.0453234	0.247354	0.0443727
670	0.0455747	0.247642	0.0446206
671	0.0458529	0.249471	0.0448636
672	0.045728	0.24939	0.0447257
673	0.0457821	0.248434	0.0447787
674	0.0458881	0.248283	0.0448787
675	0.0460365	0.247012	0.0450505
676	0.0464107	0.247636	0.0454012
677	0.0468413	0.249069	0.0458096
678	0.0469596	0.2498	0.0458936
679	0.0473079	0.250409	0.046238
680	0.0473499	0.250379	0.0462629
681	0.0474747	0.250696	0.0463793
682	0.0473645	0.247616	0.0462748
683	0.0476833	0.247626	0.0465719
684	0.0480596	0.249804	0.0469194
685	0.0486197	0.25008	0.0474801
686	0.0482016	0.246975	0.0470788
687	0.0488139	0.249506	0.0476634
688	0.049265	0.250808	0.0480789
689	0.0495575	0.250855	0.04838
690	0.0499949	0.251004	0.0487897
691	0.0502027	0.250626	0.048989
692	0.0503486	0.25044	0.0491012
693	0.0503327	0.247781	0.049102
694	0.0506311	0.248605	0.0493955
695	0.0508072	0.247954	0.0495654
696	0.051104	0.249349	0.0498504
697	0.051191	0.249958	0.0499072
698	0.0519535	0.252989	0.0506448
699	0.0515197	0.247338	0.0502542
700	0.0517213	0.246472	0.0504492
701	0.0525806	0.250045	0.0512756
702	0.0527803	0.250826	0.0514771
703	0.05261	0.24811	0.0513047
704	0.0530445	0.249099	0.0516787
705	0.0535537	0.249891	0.0522177
706	0.0537117	0.249473	0.0523806
707	0.0537714	0.246278	0.0524142
708	0.0540357	0.246047	0.0527007
709	0.0544405	0.246299	0.0530599
710	0.0553029	0.249417	0.0538903
711	0.0556715	0.250303	0.0542696
712	0.0559218	0.249926	0.0544697
713	0.0565529	0.252795	0.0550704
714	0.0564887	0.251071	0.054975
715	0.0572774	0.251869	0.0558067
716	0.0572433	0.25068	0.0557692
717	0.0575943	0.252052	0.0560753
718	0.05783	0.250136	0.0562808
719	0.058141	0.251551	0.0565136
720	0.0582668	0.24973	0.0566633
721	0.0589166	0.249614	0.0573202
722	0.0593183	0.249478	0.0577174
723	0.0597351	0.251304	0.0580906
724	0.06022	0.251407	0.0585488
725	0.0602303	0.249001	0.0586188
726	0.0607089	0.251071	0.0590282
727	0.0612335	0.252407	0.0595069
728	0.0617704	0.252963	0.0600383
729	0.0620678	0.253361	0.0603032
730	0.0623685	0.252894	0.0605375
731	0.0625678	0.251142	0.0607744
732	0.0634261	0.252328	0.0616165
733	0.0635741	0.249888	0.061754
734	0.0645645	0.252651	0.0626937
735	0.0654143	0.253179	0.0635434
736	0.0653903	0.253896	0.0634299
737	0.0659794	0.252179	0.0640675
738	0.0665603	0.252865	0.0645668
739	0.0670219	0.252371	0.0650567
740	0.0675558	0.253937	0.0654706
741	0.0678247	0.253293	0.0657244
742	0.0682019	0.251684	0.0661359
743	0.0692008	0.254588	0.0670263
744	0.0700461	0.25488	0.067795
745	0.0702689	0.252208	0.0681106
746	0.0701397	0.251693	0.0678742
747	0.0714203	0.252372	0.0691269
748	0.0722107	0.254325	0.0698501
749	0.0727067	0.254154	0.07035
750	0.073503	0.253304	0.0711273
751	0.0744308	0.25352	0.0720775
752	0.0748448	0.25471	0.0723506
753	0.075971	0.255841	0.0733926
754	0.0772189	0.25755	0.0745484
755	0.0772767	0.256396	0.0745637
756	0.0772126	0.25443	0.0745008
757	0.0783547	0.255065	0.0756195
758	0.0792667	0.256216	0.0765043
759	0.0790664	0.254515	0.0762707
760	0.0807897	0.257393	0.077867
761	0.0812747	0.255102	0.0783422
762	0.081598	0.256072	0.078598
763	0.08197	0.255728	0.0789922
764	0.0824298	0.254749	0.0794437
765	0.0830393	0.255487	0.0799108
766	0.0837554	0.255504	0.0805956
767	0.0850244	0.256576	0.0817682
768	0.0856288	0.258026	0.0822225
769	0.0864771	0.25674	0.0831192
770	0.0868632	0.256552	0.0833797
771	0.0876614	0.257732	0.0841889
772	0.0891667	0.261256	0.0855743
773	0.0891279	0.259936	0.0856233
774	0.0893083	0.259011	0.0856615
775	0.0904487	0.258655	0.0868678
776	0.0912782	0.260152	0.0875188
777	0.0919181	0.26059	0.0881223
778	0.0921614	0.258221	0.0884063
779	0.0931058	0.259132	0.0892129
780	0.0938939	0.259821	0.0898026
781	0.0945052	0.260134	0.0904335
782	0.0953009	0.25804	0.0913029
783	0.0964224	0.258914	0.0922187
784	0.0967219	0.258316	0.0924918
785	0.098943	0.261053	0.0946106
786	0.0995671	0.260102	0.0952052
787	0.0998921	0.259684	0.0954444
788	0.101541	0.260923	0.0969355
789	0.10256	0.261249	0.0978403
790	0.103366	0.262617	0.098529
791	0.10391	0.262128	0.0990783
792	0.105203	0.264071	0.100165
793	0.105978	0.26283	0.100871
794	0.107344	0.26361	0.102101
795	0.108295	0.260756	0.103156
796	0.109331	0.262968	0.104027
797	0.11021	0.264489	0.104589
798	0.110975	0.26202	0.105393
799	0.112198	0.261492	0.106597
800	0.113503	0.264471	0.107732
801	0.115046	0.264389	0.109097
802	0.116426	0.264628	0.110396
803	0.116914	0.263608	0.110813
804	0.117923	0.26545	0.111492
805	0.118717	0.264702	0.112107
806	0.120301	0.266215	0.113762
807	0.12189	0.266514	0.115101
808	0.122294	0.265441	0.115421
809	0.124335	0.267409	0.117229
810	0.123874	0.26378	0.11669
811	0.126569	0.265866	0.119259
812	0.126975	0.263702	0.119529
813	0.12917	0.264863	0.121533
814	0.131359	0.265464	0.123407
815	0.13263	0.263851	0.124846
816	0.134081	0.265216	0.126122
817	0.135237	0.26561	0.126957
818	0.135368	0.261135	0.127052
819	0.138249	0.26684	0.129461
820	0.139957	0.266078	0.131121
821	0.141312	0.266066	0.132259
822	0.14239	0.265579	0.132826
823	0.144611	0.267252	0.134929
824	0.14572	0.265127	0.135777
825	0.14708	0.265081	0.137179
826	0.148931	0.266557	0.138501
827	0.149907	0.263888	0.139628
828	0.152076	0.266053	0.141447
829	0.154261	0.266697	0.143573
830	0.154711	0.263466	0.143786
831	0.156934	0.264148	0.145774
832	0.158383	0.265672	0.146639
833	0.15968	0.263885	0.148097
834	0.162108	0.26552	0.149859
835	0.163518	0.263541	0.151448
836	0.165708	0.26543	0.152873
837	0.167593	0.263703	0.154606
838	0.170134	0.264553	0.156637
839	0.172791	0.261513	0.159212
840	0.17288	0.261245	0.158728
841	0.175845	0.260948	0.161459
842	0.177331	0.260675	0.162549
843	0.17984	0.260867	0.164574
844	0.182501	0.261346	0.166809
845	0.1857	0.262338	0.169066
846	0.187475	0.260879	0.170976
847	0.190078	0.260698	0.173013
848	0.192711	0.261491	0.174739
849	0.195585	0.260154	0.177592
850	0.197771	0.260198	0.178997
851	0.198807	0.258715	0.179737
852	0.20198	0.257612	0.182563
853	0.206251	0.259648	0.185653
854	0.208146	0.259633	0.18684
855	0.210947	0.257536	0.189133
856	0.21452	0.258679	0.191867
857	0.215902	0.257687	0.192818
858	0.21835	0.257992	0.194231
859	0.222757	0.259351	0.197676
860	0.226046	0.25635	0.200824
861	0.226999	0.256517	0.200768
862	0.231161	0.25405	0.203814
863	0.233322	0.251531	0.205794
864	0.236963	0.252689	0.208272
865	0.241626	0.252497	0.21076
866	0.244514	0.251757	0.212073
867	0.24901	0.250419	0.216138
868	0.252581	0.250723	0.218474
869	0.254508	0.248546	0.219418
870	0.258203	0.245459	0.222495
871	0.264758	0.247562	0.227032
872	0.265426	0.244198	0.226546
873	0.269547	0.243432	0.229508
874	0.274389	0.241943	0.232988
875	0.277506	0.242018	0.234237
876	0.281176	0.239616	0.236107
877	0.286408	0.240477	0.23814
878	0.290184	0.238319	0.241042
879	0.294839	0.236675	0.243722
880	0.299582	0.235031	0.245855
881	0.305547	0.233684	0.248558
882	0.311144	0.232498	0.252159
883	0.313306	0.232656	0.249984
884	0.318883	0.229246	0.254253
885	0.323778	0.228109	0.255484
886	0.329562	0.226453	0.25831
887	0.333547	0.222707	0.259721
888	0.340249	0.223721	0.26234
889	0.346618	0.222083	0.264538
890	0.348237	0.217912	0.263966
891	0.354321	0.217112	0.265224
892	0.359908	0.216105	0.266065
893	0.366931	0.215216	0.268668
894	0.372509	0.211874	0.269941
895	0.378094	0.208196	0.270668
896	0.38304	0.207984	0.27079
897	0.389905	0.205202	0.270958
898	0.396932	0.203051	0.27093
899	0.404402	0.200422	0.270478
900	0.409001	0.198515	0.268736
901	0.416918	0.194807	0.27016
902	0.424266	0.193003	0.269678
903	0.430284	0.189469	0.267383
904	0.435763	0.189291	0.262741
905	0.443222	0.186119	0.262525
906	0.449443	0.184439	0.257198
907	0.458552	0.18015	0.254666
908	0.467491	0.17641	0.251679
909	0.479045	0.173232	0.245693
910	0.486218	0.168181	0.24041
911	0.493285	0.165649	0.2338
912	0.502027	0.163465	0.222903
913	0.508141	0.160405	0.216685
914	0.517695	0.157907	0.203935
915	0.52734	0.154403	0.199227
916	0.533237	0.15316	0.197
917	0.538292	0.150084	0.19352
918	0.544638	0.149727	0.187588
919	0.548334	0.147925	0.184467
920	0.555074	0.146743	0.188534
921	0.557865	0.149149	0.191691
922	0.561563	0.14541	0.189201
923	0.564411	0.145267	0.187316
924	0.569743	0.145176	0.190808
925	0.566888	0.146087	0.188157
926	0.567486	0.148304	0.191989
927	0.577466	0.14483	0.187998
928	0.575625	0.145823	0.188504
929	0.576392	0.144784	0.19055
930	0.577386	0.145379	0.190748
931	0.587149	0.144088	0.189008
932	0.590577	0.143309	0.191229
933	0.585921	0.145603	0.192373
934	0.586546	0.144797	0.194209
935	0.584867	0.145956	0.193852
936	0.584072	0.145772	0.193021
937	0.584778	0.144696	0.191933
938	0.594342	0.146557	0.197034
939	0.602369	0.142794	0.195147
940	0.60165	0.14285	0.193
941	0.602044	0.143215	0.191718
942	0.602177	0.143564	0.189662
943	0.601763	0.143904	0.192653
944	0.600668	0.14349	0.189661
945	0.597195	0.144698	0.193001
946	0.597427	0.142924	0.194008
947	0.597157	0.142664	0.191839
948	0.593331	0.145378	0.195383
949	0.591451	0.146975	0.19429
950	0.616096	0.14173	0.195865
951	0.62789	0.1412	0.191887
952	0.625448	0.141915	0.193774
953	0.621371	0.142783	0.197938
954	0.619854	0.143978	0.195159
955	0.61891	0.142019	0.196294
956	0.617977	0.143316	0.198325
957	0.618599	0.142977	0.197967
958	0.618322	0.142247	0.195205
959	0.618167	0.142695	0.194335
960	0.614856	0.144307	0.196165
960	0.614856	0.144307	0.196165
961	0.615111	0.143986	0.199286
962	0.612322	0.145821	0.196026
963	0.60964	0.145477	0.198937
964	0.613019	0.143396	0.197831
965	0.608801	0.1438	0.195831
966	0.610304	0.143053	0.197419
967	0.606875	0.146727	0.199687
968	0.604051	0.146049	0.202949
969	0.602084	0.146149	0.197796
970	0.603516	0.146724	0.198985
971	0.600224	0.145033	0.19971
972	0.603827	0.144797	0.198201
973	0.653583	0.140013	0.202732
974	0.656845	0.140808	0.200448
975	0.656491	0.140953	0.202668
976	0.652809	0.140331	0.203651
977	0.656181	0.139802	0.204565
978	0.650584	0.140822	0.197251
979	0.651565	0.140629	0.199208
980	0.653858	0.139494	0.203954
981	0.653537	0.138923	0.199924
982	0.651092	0.141838	0.202679
983	0.647821	0.1426	0.201224
984	0.646505	0.142112	0.203726
985	0.642319	0.145352	0.205524
986	0.642696	0.142345	0.202973
987	0.640305	0.144571	0.204942
988	0.642996	0.142371	0.202801
989	0.641912	0.142152	0.204195
990	0.640102	0.144192	0.206344
991	0.636931	0.142595	0.205261
992	0.637475	0.144414	0.206031
993	0.635896	0.145874	0.20562
994	0.639919	0.142013	0.2014
995	0.633703	0.144085	0.20272
996	0.634347	0.142181	0.202562
997	0.632436	0.144411	0.199489
998	0.631856	0.143807	0.202443
999	0.63406	0.14254	0.201088
1000	0.629444	0.144307	0.205142
1001	0.633361	0.1426	0.201266
1002	0.629193	0.145353	0.199709
1003	0.628242	0.144214	0.199995
1004	0.627295	0.145809	0.199198
1005	0.622028	0.147737	0.201935
1006	0.624094	0.145451	0.204416
1007	0.623467	0.145542	0.201837
1008	0.622147	0.146719	0.202619
1009	0.620889	0.147705	0.203248
1010	0.620069	0.147098	0.203757
1011	0.6208	0.147656	0.202107
1012	0.617062	0.148841	0.20447
1013	0.613995	0.147722	0.204321
1014	0.617596	0.146233	0.203827
1015	0.612083	0.148211	0.206132
1016	0.611455	0.149355	0.206514
1017	0.612485	0.149018	0.198162
1018	0.611161	0.147009	0.203371
1019	0.609811	0.150355	0.20646
1020	0.606883	0.149762	0.208553
1021	0.607758	0.148034	0.20473
1022	0.604131	0.150356	0.204237
1023	0.605212	0.148885	0.201584
1024	0.603428	0.149767	0.202224
1025	0.603071	0.146719	0.200113
1026	0.696119	0.133984	0.207537
1027	0.725975	0.130099	0.210996
1028	0.721883	0.132053	0.209599
1029	0.719507	0.133186	0.212946
1030	0.721248	0.1337	0.211902
1031	0.718779	0.133715	0.216291
1032	0.720661	0.131505	0.214061
1033	0.720244	0.132516	0.215186
1034	0.714289	0.135365	0.218759
1035	0.716913	0.134469	0.21557
1036	0.715415	0.135738	0.213228
1037	0.713177	0.135059	0.210765
1038	0.714194	0.134372	0.213251
1039	0.711471	0.136018	0.212268
1040	0.712906	0.135623	0.208647
1041	0.712754	0.136058	0.206428
1042	0.711666	0.134521	0.208984
1043	0.708938	0.135416	0.210631
1044	0.709865	0.13397	0.208194
1045	0.713412	0.134	0.210122
1046	0.707422	0.137367	0.213929
1047	0.707036	0.137234	0.214903
1048	0.705827	0.138436	0.214819
1049	0.703157	0.136293	0.21181
1050	0.705368	0.135774	0.211592
1051	0.702692	0.138582	0.213222
1052	0.702951	0.137257	0.212184
1053	0.701044	0.138641	0.214768
1054	0.697502	0.138541	0.218125
1055	0.700225	0.138619	0.218088
1056	0.7001	0.13732	0.214812
1057	0.694871	0.141038	0.215216
1058	0.696597	0.13912	0.218662
1059	0.69251	0.140987	0.216305
1060	0.694931	0.139273	0.214555
1061	0.694023	0.140719	0.217447
1062	0.692156	0.139761	0.219823
1063	0.692313	0.141182	0.213557
1064	0.692217	0.141373	0.212015
1065	0.693336	0.140358	0.210741
1066	0.691616	0.139827	0.209749
1067	0.689767	0.142613	0.21262
1068	0.689866	0.141074	0.212656
1069	0.688082	0.141875	0.215173
1070	0.686935	0.142534	0.212883
1071	0.685816	0.14246	0.217572
1072	0.683095	0.143604	0.218635
1073	0.684034	0.142471	0.215703
1074	0.678527	0.144586	0.218414
1075	0.682831	0.143943	0.217056
1076	0.680727	0.144512	0.216788
1077	0.678919	0.145012	0.219436
1078	0.676917	0.14453	0.218309
1079	0.676043	0.144307	0.218395
1080	0.673739	0.145836	0.217938
1081	0.675962	0.14387	0.212069
1082	0.677428	0.142879	0.216533
1083	0.673427	0.146917	0.220365
1084	0.675072	0.144976	0.214529
1085	0.673693	0.145392	0.210203
1086	0.674567	0.145836	0.216471
1087	0.670662	0.147071	0.216862
1088	0.669809	0.148322	0.218683
1089	0.668782	0.147075	0.216754
1090	0.668452	0.147368	0.214289
1091	0.667414	0.145504	0.215888
1092	0.66774	0.146217	0.214605
1093	0.664093	0.148148	0.218474
1094	0.664339	0.147286	0.210638
1095	0.663871	0.149283	0.215875
1096	0.665086	0.147359	0.210273
1097	0.663044	0.147595	0.213747
1098	0.660529	0.148458	0.217815
1099	0.658641	0.149212	0.2152
1100	0.663137	0.148043	0.213626
1101	0.659382	0.148804	0.213931
1102	0.659495	0.150198	0.215402
1103	0.658902	0.148559	0.216899
1104	0.655735	0.14918	0.211005
1105	0.657406	0.149766	0.2149
1106	0.653779	0.150503	0.214469
1107	0.654821	0.149646	0.213333
1108	0.654477	0.149391	0.214676
1109	0.653325	0.150004	0.217818
1110	0.651093	0.150195	0.221116
1111	0.651539	0.15013	0.219394
1112	0.647174	0.153423	0.217055
1113	0.643074	0.15181	0.218366
1114	0.644038	0.153599	0.218495
1115	0.644979	0.151279	0.216829
1116	0.64476	0.153076	0.21675
1117	0.644597	0.151239	0.219063
1118	0.643699	0.153014	0.219292
1119	0.642137	0.152902	0.219142
1120	0.639143	0.153956	0.222442
1121	0.637214	0.153391	0.218948
1122	0.638502	0.153209	0.216914
1123	0.641116	0.152782	0.214463
1124	0.637656	0.153477	0.214775
1125	0.63767	0.155194	0.219758
1126	0.636576	0.154953	0.218805
1127	0.634495	0.153405	0.217859
1128	0.632871	0.155794	0.219506
1129	0.632499	0.15435	0.218297
1130	0.63064	0.155114	0.21908
1131	0.629344	0.156669	0.220415
1132	0.629056	0.156029	0.218067
1133	0.625267	0.156634	0.221163
1134	0.62893	0.155673	0.2211
1135	0.627346	0.156097	0.219264
1136	0.625772	0.155789	0.21775
1137	0.624346	0.155812	0.213024
1138	0.627576	0.154214	0.215553
1139	0.622885	0.15707	0.217635
1140	0.622554	0.157533	0.219585
1141	0.62015	0.15779	0.216836
1142	0.620629	0.15658	0.21516
1143	0.620634	0.15533	0.21676
1144	0.617909	0.156903	0.220461
1145	0.620472	0.155549	0.213544
1146	0.619399	0.157948	0.215035
1147	0.615455	0.158529	0.217886
1148	0.61383	0.16018	0.214705
1149	0.612288	0.158738	0.21493
1150	0.613498	0.158798	0.218746
1151	0.612359	0.156342	0.214073
1152	0.611922	0.158997	0.211827
1153	0.61127	0.159393	0.212907
1154	0.610592	0.159695	0.209318
1155	0.611598	0.158727	0.215266
1156	0.606884	0.161253	0.214144
1157	0.608807	0.160564	0.214195
1158	0.609	0.157996	0.215505
1159	0.603235	0.159136	0.214032
1160	0.602067	0.160619	0.214794
1161	0.60343	0.160947	0.215389
1162	0.603357	0.160253	0.218866
1163	0.602951	0.158527	0.217813
1164	0.602675	0.159734	0.217293
1165	0.596789	0.162259	0.219359
1166	0.597357	0.162182	0.220272
1167	0.594759	0.162986	0.220835
1168	0.589703	0.164635	0.216995
1169	0.590407	0.164749	0.217251
1170	0.591082	0.162211	0.218181
1171	0.593843	0.162526	0.216171
1172	0.593664	0.162573	0.218467
1173	0.589751	0.164182	0.217246
1174	0.58724	0.165057	0.216
1175	0.587303	0.165289	0.21733
1176	0.585745	0.164458	0.216888
1177	0.586707	0.164096	0.217843
1178	0.587458	0.162232	0.214309
1179	0.584318	0.164672	0.213946
1180	0.583972	0.162578	0.212075
1181	0.582302	0.162677	0.211634
1182	0.582055	0.165046	0.214244
1183	0.584414	0.163178	0.209975
1184	0.58166	0.161618	0.212222
1185	0.578948	0.164141	0.21383
1186	0.578794	0.164987	0.211734
1187	0.576738	0.16474	0.212237
1188	0.577491	0.164343	0.213503
1189	0.578781	0.162933	0.210677
1190	0.578235	0.164001	0.213011
1191	0.573062	0.165681	0.212213
1192	0.572555	0.166768	0.212904
1193	0.574031	0.16615	0.212057
1194	0.570775	0.165243	0.212589
1195	0.570914	0.165841	0.216178
1196	0.567911	0.167864	0.214865
1197	0.568514	0.165254	0.214805
1198	0.565779	0.167694	0.212168
1199	0.567579	0.166454	0.214753
1200	0.562807	0.169127	0.213727
1201	0.564647	0.168465	0.214494
1202	0.56179	0.166964	0.211483
1203	0.561229	0.167844	0.21344
1204	0.562376	0.169933	0.214365
1205	0.56058	0.168899	0.212848
1206	0.557724	0.169363	0.21304
1207	0.559694	0.169123	0.211918
1208	0.561095	0.166904	0.212429
1209	0.556888	0.1695	0.213337
1210	0.556935	0.169197	0.210898
1211	0.557501	0.165813	0.21
1212	0.557965	0.167036	0.213677
1213	0.558188	0.166681	0.211183
1214	0.551841	0.168241	0.211851
1215	0.558287	0.169966	0.205522
1216	0.89072	0.0689477	0.184125
1217	0.988675	0.0106908	0.25892
1218	0.991109	0.00836956	0.202777
1219	0.992786	0.006763	0.160301
1220	0.994004	0.00559758	0.128401
1221	0.994911	0.00473355	0.104316
1222	0.995604	0.00407423	0.0863639
1223	0.996147	0.00355842	0.0728014
1224	0.99658	0.00315043	0.0616361
1225	0.996933	0.00281772	0.0530172
1226	0.997226	0.0025412	0.0463003
1227	0.997472	0.00231205	0.0405151
1228	0.99768	0.00211655	0.0359018
1229	0.99786	0.00194923	0.0320074
1230	0.998015	0.00180429	0.0287366
1231	0.998151	0.0016781	0.0259135
1232	0.998272	0.00156665	0.0235318
1233	0.998378	0.00146787	0.021474
1234	0.998473	0.00137935	0.0197206
1235	0.998559	0.00129988	0.0181903
1236	0.998636	0.0012285	0.0168166
1237	0.998706	0.00116363	0.0156172
1238	0.99877	0.00110502	0.0145135
1239	0.998829	0.00105141	0.0135332
1240	0.998882	0.00100176	0.0126935
1241	0.998932	0.000956195	0.0119281
1242	0.998977	0.000914357	0.0112205
1243	0.999019	0.000875684	0.0105754
1244	0.999059	0.000840131	0.00996558
1245	0.999095	0.000806815	0.00942583
1246	0.999129	0.000775648	0.00893245
1247	0.999161	0.000746383	0.00849411
1248	0.999191	0.000719346	0.00806771
1249	0.999219	0.000693888	0.00766551
1250	0.999245	0.000670262	0.00729069
1251	0.99927	0.000647465	0.00697528
1252	0.999294	0.000626181	0.00666643
1253	0.999316	0.000606198	0.00637606
1254	0.999336	0.000587421	0.00609899
1255	0.999356	0.000569336	0.00585227
1256	0.999375	0.000552273	0.00562056
1257	0.999393	0.000536285	0.00539305
1258	0.99941	0.000520878	0.00518998
1259	0.999426	0.000506611	0.0049779
1260	0.999442	0.000492776	0.00479242
1261	0.999456	0.00047967	0.00461056
1262	0.99947	0.000466949	0.00445169
1263	0.999484	0.000454761	0.00429996
1264	0.999497	0.000443072	0.00416087
1265	0.999509	0.000432103	0.00401951
1266	0.999521	0.000421546	0.00388752
1267	0.999532	0.000411457	0.00376099
1268	0.999543	0.000401751	0.0036416
1269	0.999553	0.00039244	0.00352796
1270	0.999563	0.000383482	0.00341965
1271	0.999573	0.000374715	0.0033228
1272	0.999582	0.000366525	0.00322125
1273	0.999591	0.000358646	0.00312435
1274	0.9996	0.000350704	0.00304507
1275	0.999608	0.000343208	0.00296337
1276	0.999616	0.000336124	0.0028788
1277	0.999624	0.000329084	0.00280614
1278	0.999631	0.000322474	0.0027297
1279	0.999638	0.000316089	0.00265639
1280	0.999645	0.000309922	0.00258601
1281	0.999652	0.000303895	0.00252043
1282	0.999659	0.000297954	0.00246136
1283	0.999665	0.000292318	0.00239997
1284	0.999671	0.000286852	0.00234214
1285	0.999677	0.00028161	0.00228458
1286	0.999683	0.000276447	0.00223214
1287	0.999688	0.000271434	0.00218157
1288	0.999694	0.000266625	0.00213103
1289	0.999699	0.000261969	0.00208173
1290	0.999704	0.000257409	0.00203577
1291	0.999709	0.000252902	0.00199345
1292	0.999714	0.000248642	0.00194945
1293	0.999719	0.000244344	0.00191031
1294	0.999723	0.000240292	0.00187007
1295	0.999728	0.000236344	0.00183113
1296	0.999732	0.000232528	0.00179297
1297	0.999736	0.00022882	0.00175549
1298	0.999741	0.000225182	0.00172013
1299	0.999745	0.000221639	0.00168631
1300	0.999748	0.000218232	0.00165136
