600	0.0294948	0.232748	0.0290886
601	0.0298072	0.23545	0.0293909
602	0.0296406	0.23184	0.0292297
603	0.0297742	0.232112	0.0293638
604	0.0297252	0.23247	0.0293173
605	0.0297536	0.232899	0.029328
606	0.0297321	0.231356	0.0293215
607	0.0298727	0.231547	0.0294529
608	0.0299299	0.232057	0.0294961
609	0.0299911	0.232665	0.0295631
610	0.029947	0.231923	0.0295154
611	0.0298143	0.228349	0.0293887
612	0.0300252	0.229283	0.0295946
613	0.0300161	0.231138	0.0295632
614	0.0300191	0.229542	0.0295822
615	0.0301495	0.228536	0.0297204
616	0.0301112	0.228753	0.0296749
617	0.0303174	0.229765	0.029874
618	0.0302534	0.227636	0.0298161
619	0.0302435	0.227683	0.0298034
620	0.0301816	0.227391	0.0297217
621	0.0301106	0.225689	0.0296594
622	0.0302564	0.225707	0.0298044
623	0.0308478	0.22938	0.0303738
624	0.0306752	0.226455	0.03021
625	0.030869	0.22664	0.0303935
626	0.0309404	0.227747	0.0304535
627	0.0309818	0.226253	0.0305081
628	0.0311204	0.228478	0.0306277
629	0.0309493	0.22514	0.0304508
630	0.03113	0.226695	0.0306435
631	0.031359	0.227658	0.0308547
632	0.0313829	0.226379	0.0308706
633	0.0314433	0.22506	0.030951
634	0.0315632	0.224512	0.0310701
635	0.0318629	0.226587	0.0313621
636	0.0317973	0.225214	0.0312858
637	0.0320506	0.22727	0.0315177
638	0.0322925	0.227506	0.0317619
639	0.0321846	0.226376	0.0316382
640	0.0325832	0.229642	0.0320252
641	0.0323857	0.227245	0.031837
642	0.0324254	0.226969	0.0318839
643	0.0325893	0.227552	0.0320475
644	0.0324715	0.226954	0.0319136
645	0.0324815	0.224001	0.0319301
646	0.0328869	0.226417	0.0323241
647	0.033074	0.227025	0.032518
648	0.0329052	0.225265	0.0323223
649	0.0332896	0.225886	0.0326988
650	0.0333207	0.225817	0.0327295
651	0.033242	0.223931	0.0326694
652	0.0332232	0.223486	0.0326314
653	0.0333144	0.22258	0.0327277
654	0.0336156	0.224055	0.0330261
655	0.0339574	0.227131	0.03334
656	0.0337987	0.22507	0.0331806
657	0.0340195	0.227248	0.0334034
658	0.0340107	0.226329	0.0333835
659	0.0339023	0.224907	0.0332603
660	0.0341944	0.225868	0.0335752
661	0.0341908	0.223552	0.0335699
662	0.0346266	0.224767	0.0340083
663	0.0349896	0.227613	0.0343533
664	0.0348058	0.225791	0.0341488
665	0.0351236	0.227955	0.0344646
666	0.0352178	0.228156	0.0345379
667	0.0350885	0.225504	0.034418
668	0.0353107	0.22555	0.0346259
669	0.0354363	0.225825	0.0347381
670	0.035959	0.227376	0.0352546
671	0.0356026	0.223458	0.0349113
672	0.0361602	0.227282	0.0354416
673	0.0363841	0.227441	0.0356545
674	0.0365833	0.228422	0.0358595
675	0.0369476	0.228318	0.0362093
676	0.0371212	0.228152	0.0363651
677	0.0372734	0.228693	0.036488
678	0.0372417	0.226247	0.0364734
679	0.0374861	0.227823	0.0367116
680	0.0374725	0.226044	0.0366953
681	0.0378941	0.228932	0.0370918
682	0.037679	0.226434	0.0369021
683	0.0384217	0.230423	0.0376343
684	0.037953	0.226143	0.0371663
685	0.0382284	0.226265	0.0374217
686	0.0387159	0.227912	0.0379043
687	0.038742	0.227827	0.0379287
688	0.038879	0.227124	0.0380588
689	0.0390716	0.226954	0.0382397
690	0.0394546	0.228737	0.0385972
691	0.0395819	0.22568	0.0387661
692	0.0397356	0.225042	0.038901
693	0.0397672	0.224517	0.0389103
694	0.0404175	0.227201	0.0395525
695	0.0407293	0.227741	0.0398892
696	0.0411681	0.229155	0.0403029
697	0.0411394	0.227239	0.0402516
698	0.0414088	0.229176	0.0405087
699	0.0418965	0.230019	0.0409832
700	0.0421339	0.229255	0.0412581
701	0.0420906	0.229281	0.0411748
702	0.042343	0.228448	0.0414187
703	0.0425772	0.229277	0.0416313
704	0.0425164	0.227474	0.0415629
705	0.0430162	0.22879	0.0420245
706	0.0430604	0.226482	0.042083
707	0.0435078	0.227759	0.0425494
708	0.0438049	0.229206	0.0427866
709	0.0438365	0.228008	0.042826
710	0.0440413	0.227482	0.0430568
711	0.0444667	0.230034	0.0434238
712	0.0449753	0.231952	0.0439067
713	0.0450273	0.230126	0.0439975
714	0.0451724	0.229572	0.0440858
715	0.0453796	0.228569	0.0443101
716	0.0460911	0.230713	0.0449867
717	0.0462029	0.227895	0.0451185
718	0.0467778	0.230082	0.0456371
719	0.0474791	0.231457	0.0463474
720	0.047509	0.232107	0.0463353
721	0.0478214	0.230465	0.0466577
722	0.0482005	0.231913	0.0469754
723	0.0485427	0.231549	0.0473138
724	0.0488201	0.232176	0.0475597
725	0.0491603	0.231724	0.0479235
726	0.049516	0.230436	0.0482819
727	0.0500931	0.232455	0.0487852
728	0.0506818	0.233615	0.0493285
729	0.05074	0.231865	0.0494048
730	0.0507793	0.230483	0.0494534
731	0.0515905	0.23029	0.0502387
732	0.0518748	0.23174	0.0504844
733	0.052381	0.231219	0.0509936
734	0.0531515	0.232908	0.0517243
735	0.0537824	0.233686	0.0523132
736	0.0540674	0.233646	0.052579
737	0.0550173	0.234655	0.0534771
738	0.0554917	0.234173	0.0539476
739	0.0553093	0.232315	0.0537478
740	0.0557741	0.232559	0.0541998
741	0.0564973	0.233643	0.0548609
742	0.0569513	0.234722	0.0553341
743	0.0573522	0.234853	0.0557181
744	0.058375	0.235722	0.0566777
745	0.0582475	0.233711	0.056549
746	0.0585328	0.234941	0.0568198
747	0.0588366	0.236077	0.0570447
748	0.0591969	0.234343	0.0574132
749	0.0595357	0.23466	0.0577148
750	0.0604098	0.234865	0.0585323
751	0.0613493	0.237365	0.0594875
752	0.0613055	0.235895	0.0593929
753	0.062047	0.236885	0.0600672
754	0.0624618	0.238526	0.0604041
755	0.063346	0.240247	0.0612795
756	0.0636311	0.240103	0.0615823
757	0.0635463	0.238692	0.061449
758	0.0639574	0.238015	0.0618373
759	0.0648078	0.239424	0.0626459
760	0.0656042	0.240431	0.0634347
761	0.0656303	0.239209	0.0634366
762	0.0662406	0.238834	0.064028
763	0.0669784	0.240158	0.064678
764	0.0673971	0.240676	0.0650657
765	0.0680684	0.23975	0.0657206
766	0.0689315	0.240679	0.0665135
767	0.068735	0.238847	0.0663148
768	0.070604	0.242054	0.0681089
769	0.0710272	0.24247	0.0685005
770	0.0710293	0.241349	0.0684245
771	0.0723163	0.243076	0.0696391
772	0.0727479	0.242135	0.0700791
773	0.0731204	0.243619	0.0703211
774	0.0740419	0.244227	0.0712245
775	0.074574	0.244943	0.0717118
776	0.0752141	0.24473	0.0723025
777	0.0758334	0.244454	0.0728589
778	0.0766228	0.243241	0.0735993
779	0.0773045	0.245142	0.0742761
780	0.0781661	0.246029	0.0750905
781	0.0789543	0.245083	0.0758274
782	0.0798896	0.245261	0.0767426
783	0.0801208	0.246147	0.0768892
784	0.0815531	0.2461	0.0782843
785	0.0820229	0.247214	0.0786346
786	0.0827002	0.247082	0.079246
787	0.0827711	0.244874	0.0792641
788	0.0844167	0.248774	0.0808551
789	0.0849881	0.249355	0.0813157
790	0.0863477	0.249588	0.0826092
791	0.0866694	0.249648	0.0828538
792	0.0874407	0.24859	0.0835278
793	0.0877849	0.247216	0.0839043
794	0.0893929	0.249218	0.0853588
795	0.0895894	0.247385	0.0854315
796	0.0916223	0.249187	0.0873975
797	0.0929056	0.249705	0.0886893
798	0.09357	0.249329	0.089306
799	0.0944635	0.250629	0.0899055
800	0.0947871	0.246646	0.0903526
801	0.0961167	0.250223	0.0915316
802	0.0977731	0.252641	0.0929881
803	0.09846	0.251128	0.0937156
804	0.0993016	0.249394	0.0944085
805	0.100624	0.251443	0.0956106
806	0.101554	0.249316	0.0964143
807	0.102473	0.251169	0.0971708
808	0.103877	0.252254	0.0984705
809	0.10449	0.250343	0.0991375
810	0.106047	0.252713	0.100521
811	0.107594	0.255283	0.10174
812	0.107749	0.25101	0.102038
813	0.108766	0.250824	0.102938
814	0.109805	0.251524	0.103852
815	0.111744	0.253387	0.105736
816	0.112653	0.252815	0.106452
817	0.114351	0.25336	0.108072
818	0.115722	0.254378	0.109261
819	0.116909	0.253679	0.110088
820	0.118088	0.252197	0.111217
821	0.120046	0.252983	0.113
822	0.12032	0.251741	0.113179
823	0.122293	0.253599	0.115009
824	0.123108	0.252748	0.115711
825	0.124789	0.255131	0.116767
826	0.12666	0.25307	0.118728
827	0.128831	0.254244	0.120739
828	0.129668	0.254933	0.121185
829	0.131698	0.254253	0.123132
830	0.133061	0.254774	0.124196
831	0.135186	0.254602	0.126357
832	0.13681	0.256136	0.127443
833	0.137524	0.254165	0.128136
834	0.139844	0.255636	0.129947
835	0.142192	0.255729	0.132051
836	0.144275	0.256775	0.133864
837	0.146146	0.255807	0.135697
838	0.147416	0.255888	0.136577
839	0.14867	0.254841	0.137657
840	0.151125	0.25671	0.139693
841	0.154077	0.255691	0.142336
842	0.154709	0.255179	0.142654
843	0.157399	0.25507	0.144984
844	0.159091	0.253884	0.146382
845	0.161008	0.253878	0.148234
846	0.163803	0.254066	0.150178
847	0.165565	0.253899	0.151461
848	0.168421	0.253542	0.154211
849	0.171372	0.256255	0.156254
850	0.172105	0.252674	0.156806
851	0.174319	0.250899	0.158554
852	0.178898	0.253254	0.162849
853	0.180041	0.251634	0.163404
854	0.182102	0.251171	0.164922
855	0.185601	0.250821	0.167781
856	0.187495	0.251289	0.16867
857	0.190185	0.250156	0.170872
858	0.193061	0.249449	0.173367
859	0.196088	0.25045	0.17537
860	0.199872	0.24961	0.178323
861	0.202693	0.246859	0.180724
862	0.206988	0.247077	0.183871
863	0.209654	0.246624	0.18592
864	0.211288	0.245458	0.186261
865	0.215124	0.246094	0.189248
866	0.219251	0.245716	0.192966
867	0.221737	0.245462	0.193482
868	0.226885	0.24418	0.198417
869	0.229437	0.24437	0.199911
870	0.2333	0.242572	0.202664
871	0.235774	0.241153	0.203471
872	0.23916	0.241072	0.205718
873	0.243163	0.238939	0.208892
874	0.248255	0.240395	0.212261
875	0.252874	0.240178	0.214527
876	0.254585	0.237724	0.214931
877	0.259025	0.235544	0.21827
878	0.264055	0.235149	0.222102
879	0.267564	0.231011	0.223397
880	0.271866	0.234655	0.225283
881	0.276509	0.229978	0.229449
882	0.281091	0.230028	0.231347
883	0.285518	0.226884	0.234428
884	0.289924	0.227247	0.235186
885	0.294472	0.224195	0.238337
886	0.299323	0.224465	0.240236
887	0.304195	0.223308	0.241188
888	0.30992	0.221847	0.244401
889	0.318323	0.220614	0.248966
890	0.321952	0.217151	0.249402
891	0.328605	0.215274	0.253454
892	0.332914	0.21396	0.252338
893	0.336902	0.212543	0.252268
894	0.342446	0.209961	0.253088
895	0.350473	0.209647	0.257367
896	0.356151	0.207771	0.258285
897	0.361217	0.204587	0.258695
898	0.367234	0.200645	0.256765
899	0.37485	0.199863	0.255653
900	0.384245	0.19671	0.258567
901	0.389281	0.195398	0.256366
902	0.396343	0.192027	0.254992
903	0.404292	0.188333	0.254157
904	0.412093	0.187055	0.251647
905	0.416655	0.183774	0.249053
906	0.42487	0.183	0.246414
907	0.431924	0.17777	0.242482
908	0.440163	0.176317	0.237769
909	0.450415	0.172931	0.234625
910	0.458999	0.169206	0.230156
911	0.466918	0.167362	0.222098
912	0.475348	0.162383	0.219856
913	0.48307	0.161349	0.211075
914	0.491916	0.156887	0.201614
915	0.499467	0.157287	0.193401
916	0.508139	0.153307	0.188453
917	0.513536	0.152236	0.184478
918	0.516686	0.14959	0.18645
919	0.520673	0.150122	0.184149
920	0.529563	0.147699	0.183459
921	0.530734	0.147525	0.182075
922	0.53707	0.147597	0.186629
923	0.539044	0.147783	0.18586
924	0.543697	0.146379	0.184367
925	0.540063	0.146369	0.187669
926	0.547005	0.147906	0.183321
927	0.554166	0.147191	0.184148
928	0.549152	0.148788	0.186478
929	0.548878	0.148189	0.187245
930	0.549957	0.147175	0.18769
931	0.562711	0.146281	0.18808
932	0.56398	0.14527	0.187477
933	0.560613	0.148359	0.186949
934	0.559549	0.147612	0.187981
935	0.557074	0.147129	0.188606
936	0.559595	0.147297	0.189816
937	0.55857	0.14692	0.188066
938	0.575492	0.145281	0.188907
939	0.579682	0.145143	0.190991
940	0.578504	0.145199	0.193558
941	0.577331	0.146429	0.190521
942	0.574145	0.147394	0.191721
943	0.57695	0.146342	0.190834
944	0.573192	0.145138	0.191131
945	0.574648	0.145252	0.191787
946	0.571103	0.148929	0.19397
947	0.567929	0.148445	0.194802
948	0.566519	0.148332	0.19257
949	0.567855	0.148255	0.191426
950	0.590092	0.145004	0.196265
951	0.602622	0.144219	0.194609
952	0.598396	0.145514	0.194471
953	0.597838	0.145079	0.19515
954	0.596607	0.146888	0.193526
955	0.595219	0.144697	0.195939
956	0.595507	0.145421	0.195777
957	0.590932	0.145727	0.189048
958	0.594187	0.144528	0.191508
959	0.594414	0.144368	0.19526
960	0.593856	0.144959	0.192704
960	0.593856	0.144959	0.192704
961	0.591328	0.144306	0.192644
962	0.586885	0.145243	0.195552
963	0.584622	0.146086	0.195671
964	0.583657	0.147109	0.19565
965	0.581083	0.145049	0.195715
966	0.583008	0.147752	0.196097
967	0.582532	0.147963	0.194649
968	0.580639	0.148533	0.192277
969	0.578938	0.146836	0.199098
970	0.577225	0.148542	0.199725
971	0.575583	0.14919	0.197238
972	0.579188	0.1479	0.196254
973	0.631357	0.142192	0.201215
974	0.63392	0.143088	0.20065
975	0.633796	0.141139	0.200145
976	0.631395	0.142916	0.200309
977	0.634236	0.140253	0.196641
978	0.630845	0.144126	0.203139
979	0.630662	0.141928	0.198761
980	0.630945	0.144028	0.197497
981	0.627949	0.143173	0.198692
982	0.628281	0.14442	0.198658
983	0.622586	0.146201	0.200949
984	0.623621	0.145172	0.203525
985	0.624083	0.144417	0.199557
986	0.622128	0.145867	0.19946
987	0.621132	0.146592	0.201586
988	0.620118	0.14585	0.202125
989	0.620853	0.146704	0.200141
990	0.617138	0.147846	0.202495
991	0.61384	0.146773	0.202457
992	0.617392	0.145532	0.202013
993	0.611922	0.146991	0.203673
994	0.611505	0.148552	0.204471
995	0.612847	0.146756	0.197679
996	0.61071	0.146406	0.201398
997	0.609981	0.148355	0.20458
998	0.607346	0.149049	0.205386
999	0.607963	0.147231	0.200936
1000	0.603615	0.149043	0.201951
1001	0.605451	0.147111	0.19844
1002	0.603207	0.148612	0.200308
1003	0.602411	0.147217	0.197369
1004	0.604308	0.147458	0.200503
1005	0.602407	0.147839	0.201111
1006	0.598778	0.149079	0.19821
1007	0.59861	0.148719	0.198241
1008	0.597601	0.150641	0.200331
1009	0.595507	0.149653	0.202126
1010	0.59757	0.148309	0.199298
1011	0.595737	0.150045	0.201138
1012	0.592011	0.150196	0.200329
1013	0.594561	0.149263	0.200046
1014	0.58915	0.149114	0.199893
1015	0.586643	0.152021	0.199009
1016	0.58696	0.150061	0.197244
1017	0.587811	0.151709	0.194275
1018	0.58679	0.151696	0.194549
1019	0.587831	0.150309	0.197291
1020	0.582313	0.15102	0.198534
1021	0.583355	0.14953	0.196983
1022	0.585661	0.149485	0.197624
1023	0.582236	0.152668	0.201829
1024	0.580063	0.150566	0.200708
1025	0.581921	0.15174	0.198294
1026	0.671188	0.141418	0.206174
1027	0.70453	0.135752	0.209435
1028	0.702135	0.137828	0.211611
1029	0.702642	0.135824	0.210228
1030	0.701897	0.137103	0.212512
1031	0.697184	0.137264	0.216814
1032	0.699676	0.137916	0.215968
1033	0.700155	0.136662	0.213063
1034	0.694718	0.140323	0.213398
1035	0.696555	0.138129	0.21689
1036	0.692414	0.139778	0.214695
1037	0.694877	0.138661	0.21257
1038	0.693807	0.140032	0.215447
1039	0.692231	0.138945	0.217612
1040	0.692405	0.139803	0.210022
1041	0.69232	0.140644	0.210344
1042	0.693049	0.1395	0.209396
1043	0.691028	0.139423	0.207433
1044	0.689923	0.14043	0.212361
1045	0.688562	0.139496	0.211294
1046	0.688144	0.141429	0.216188
1047	0.687048	0.140328	0.212991
1048	0.685176	0.142435	0.215716
1049	0.682656	0.142754	0.215434
1050	0.681964	0.141206	0.216161
1051	0.679457	0.14321	0.213131
1052	0.683014	0.14193	0.216503
1053	0.679525	0.142904	0.213721
1054	0.678315	0.144578	0.216496
1055	0.677295	0.145297	0.216592
1056	0.674705	0.143882	0.216479
1057	0.675549	0.145259	0.21606
1058	0.676758	0.142917	0.208766
1059	0.674855	0.143985	0.216942
1060	0.674035	0.145599	0.214835
1061	0.673604	0.143635	0.213821
1062	0.674273	0.144607	0.213406
1063	0.672668	0.145149	0.218661
1064	0.669182	0.146806	0.213812
1065	0.670243	0.145311	0.214711
1066	0.668047	0.146606	0.216008
1067	0.668947	0.143932	0.216954
1068	0.668118	0.144606	0.213295
1069	0.664951	0.147802	0.215865
1070	0.664857	0.145691	0.211398
1071	0.661942	0.149216	0.213301
1072	0.6663	0.146455	0.209498
1073	0.663039	0.146569	0.210427
1074	0.660841	0.147433	0.214029
1075	0.658651	0.147517	0.214179
1076	0.662727	0.14676	0.212794
1077	0.659672	0.147719	0.212666
1078	0.659143	0.149424	0.21304
1079	0.658842	0.147176	0.21514
1080	0.655695	0.148245	0.208908
1081	0.657155	0.148767	0.213068
1082	0.653584	0.149215	0.212906
1083	0.654784	0.148983	0.210603
1084	0.653846	0.149176	0.212557
1085	0.653521	0.1489	0.215502
1086	0.651278	0.149156	0.219343
1087	0.651357	0.14919	0.218694
1088	0.646125	0.151443	0.218513
1089	0.642743	0.151362	0.216538
1090	0.64494	0.152211	0.214635
1091	0.644426	0.15163	0.213838
1092	0.64562	0.149247	0.216107
1093	0.643983	0.152794	0.215288
1094	0.643322	0.150673	0.218294
1095	0.6414	0.152559	0.217649
1096	0.63761	0.153033	0.215811
1097	0.637432	0.152423	0.217584
1098	0.639692	0.152478	0.21694
1099	0.640173	0.152819	0.211751
1100	0.637285	0.152258	0.216739
1101	0.637623	0.15311	0.218867
1102	0.636039	0.152026	0.218174
1103	0.6327	0.153639	0.214819
1104	0.633609	0.152349	0.217662
1105	0.630493	0.154798	0.21363
1106	0.629055	0.153982	0.216997
1107	0.630126	0.155116	0.217887
1108	0.626679	0.155761	0.219323
1109	0.626571	0.156034	0.219859
1110	0.628285	0.154514	0.217685
1111	0.626692	0.154487	0.214935
1112	0.623584	0.155358	0.21401
1113	0.627325	0.153729	0.213598
1114	0.624455	0.156086	0.214196
1115	0.622739	0.154889	0.216034
1116	0.620014	0.156895	0.215393
1117	0.620609	0.15641	0.213204
1118	0.62194	0.153904	0.214442
1119	0.618151	0.156124	0.219857
1120	0.620022	0.155262	0.212363
1121	0.619154	0.156179	0.214098
1122	0.615758	0.157383	0.215998
1123	0.613863	0.158735	0.213057
1124	0.612122	0.157445	0.212866
1125	0.613414	0.157727	0.216767
1126	0.612143	0.154998	0.212389
1127	0.611892	0.157081	0.210593
1128	0.610853	0.157936	0.21185
1129	0.610551	0.157666	0.207865
1130	0.611287	0.158293	0.21306
1131	0.606733	0.158311	0.212658
1132	0.608921	0.158485	0.21398
1133	0.607794	0.157268	0.21183
1134	0.602905	0.158616	0.209803
1135	0.601823	0.159696	0.214575
1136	0.603374	0.158118	0.213628
1137	0.60451	0.158556	0.215054
1138	0.602138	0.159115	0.216094
1139	0.600289	0.158797	0.212393
1140	0.597203	0.162373	0.216648
1141	0.596251	0.1625	0.214881
1142	0.592825	0.162332	0.220246
1143	0.588572	0.164146	0.218916
1144	0.590191	0.16306	0.217085
1145	0.592863	0.160276	0.212827
1146	0.595199	0.161111	0.216547
1147	0.59011	0.162099	0.216223
1148	0.58889	0.163341	0.213236
1149	0.585663	0.162866	0.214403
1150	0.586371	0.162687	0.213745
1151	0.586328	0.162179	0.220487
1152	0.58518	0.161631	0.212762
1153	0.586142	0.162845	0.214109
1154	0.584219	0.161854	0.21259
1155	0.582172	0.162534	0.2111
1156	0.581591	0.163567	0.213316
1157	0.583326	0.164284	0.210046
1158	0.581921	0.161548	0.207043
1159	0.578892	0.163005	0.213029
1160	0.578536	0.163504	0.213223
1161	0.5776	0.163585	0.210505
1162	0.577025	0.163316	0.212247
1163	0.578415	0.162585	0.209284
1164	0.578089	0.164142	0.208684
1165	0.57281	0.163819	0.210353
1166	0.572037	0.16572	0.211138
1167	0.573711	0.164983	0.209936
1168	0.570297	0.164069	0.210714
1169	0.570208	0.164453	0.214407
1170	0.567434	0.166444	0.212662
1171	0.56789	0.163673	0.212919
1172	0.565193	0.16584	0.210948
1173	0.566467	0.165476	0.213064
1174	0.562221	0.167518	0.21127
1175	0.563614	0.167958	0.211948
1176	0.560724	0.164438	0.211055
1177	0.560711	0.166903	0.211424
1178	0.56104	0.167752	0.211461
1179	0.558975	0.167714	0.210923
1180	0.556889	0.166917	0.20871
1181	0.559477	0.167602	0.212746
1182	0.557481	0.166091	0.210898
1183	0.554554	0.16753	0.2127
1184	0.555585	0.166889	0.209622
1185	0.554152	0.16613	0.208088
1186	0.555545	0.165757	0.212547
1187	0.551253	0.168226	0.211546
1188	0.547285	0.168751	0.210468
1189	0.547176	0.168788	0.212491
1190	0.549223	0.169459	0.212748
1191	0.548618	0.165502	0.209616
1192	0.547466	0.167974	0.20811
1193	0.546469	0.167489	0.20781
1194	0.548631	0.169482	0.212454
1195	0.544053	0.170344	0.212069
1196	0.54509	0.169714	0.20955
1197	0.542133	0.168582	0.209398
1198	0.544054	0.167601	0.206883
1199	0.53836	0.170221	0.209694
1200	0.543406	0.167945	0.208077
1201	0.539358	0.167413	0.207564
1202	0.535021	0.170513	0.205332
1203	0.534855	0.17056	0.209226
1204	0.534645	0.16984	0.206528
1205	0.536099	0.171136	0.210706
1206	0.534047	0.170117	0.209656
1207	0.533909	0.17229	0.205357
1208	0.533927	0.167425	0.206301
1209	0.528425	0.171037	0.208255
1210	0.531738	0.171121	0.208596
1211	0.529037	0.173315	0.209556
1212	0.529814	0.170872	0.208081
1213	0.532348	0.170095	0.206531
1214	0.528934	0.169461	0.205308
1215	0.535385	0.167905	0.201575
1216	0.885783	0.0696209	0.183232
1217	0.987933	0.011351	0.268294
1218	0.990478	0.00893196	0.208959
1219	0.99228	0.00721545	0.162837
1220	0.993589	0.00596809	0.12936
1221	0.994566	0.00504037	0.104518
1222	0.995313	0.00433411	0.0855673
1223	0.995898	0.00378309	0.071146
1224	0.996364	0.00334275	0.0602022
1225	0.996744	0.00298403	0.0517857
1226	0.997057	0.00268873	0.0449849
1227	0.99732	0.00244146	0.0395029
1228	0.997544	0.00223432	0.0347455
1229	0.997735	0.00205627	0.0308775
1230	0.997901	0.00190156	0.0277068
1231	0.998046	0.0017665	0.025025
1232	0.998174	0.00164759	0.0227454
1233	0.998288	0.00154311	0.0207095
1234	0.998389	0.00144958	0.0189777
1235	0.99848	0.00136546	0.0174885
1236	0.998562	0.00128996	0.0161554
1237	0.998636	0.00122192	0.0149565
1238	0.998704	0.00115985	0.0139065
1239	0.998766	0.001103	0.0129825
1240	0.998822	0.00105114	0.012138
1241	0.998875	0.00100329	0.0113896
1242	0.998923	0.000959097	0.0107169
1243	0.998967	0.000918606	0.0100847
1244	0.999009	0.000880661	0.00953155
1245	0.999047	0.000845435	0.00902422
1246	0.999083	0.000812584	0.0085603
1247	0.999117	0.000782271	0.00811507
1248	0.999148	0.000753428	0.00773002
1249	0.999178	0.000726619	0.00736184
1250	0.999205	0.000701466	0.00702012
1251	0.999232	0.000677737	0.00670633
1252	0.999256	0.000655595	0.0064043
1253	0.999279	0.000634773	0.00611897
1254	0.999301	0.000614965	0.00585936
1255	0.999322	0.00059604	0.00562444
1256	0.999342	0.000578395	0.00539144
1257	0.999361	0.000561392	0.00518462
1258	0.999379	0.000545188	0.0049928
1259	0.999396	0.000529919	0.00480504
1260	0.999412	0.000515533	0.00462273
1261	0.999428	0.000501569	0.00446068
1262	0.999442	0.000488298	0.00430611
1263	0.999456	0.000475558	0.00416204
1264	0.99947	0.000463451	0.00402313
1265	0.999483	0.000451826	0.00389125
1266	0.999495	0.00044079	0.00376391
1267	0.999507	0.000430256	0.0036419
1268	0.999519	0.000420046	0.00352961
1269	0.99953	0.000410192	0.00342327
1270	0.99954	0.000400857	0.00331851
1271	0.99955	0.000391871	0.00321859
1272	0.99956	0.000383128	0.00312732
1273	0.999569	0.000374786	0.00303765
1274	0.999578	0.000366736	0.00295266
1275	0.999587	0.000358975	0.00287126
1276	0.999596	0.000351516	0.00279256
1277	0.999604	0.000344241	0.00271997
1278	0.999612	0.000337262	0.00264893
1279	0.999619	0.0003305	0.00258138
1280	0.999626	0.000323972	0.00251584
1281	0.999634	0.000317764	0.0024503
1282	0.99964	0.000311591	0.00239219
1283	0.999647	0.000305625	0.00233629
1284	0.999654	0.000299914	0.00228009
1285	0.99966	0.000294435	0.00222479
1286	0.999666	0.000289074	0.00217263
1287	0.999672	0.000283827	0.00212233
1288	0.999678	0.000278755	0.00207538
1289	0.999683	0.000273908	0.00202695
1290	0.999689	0.000269125	0.00198321
1291	0.999694	0.000264318	0.0019414
1292	0.999699	0.000259937	0.00189665
1293	0.999704	0.00025544	0.00185983
1294	0.999709	0.000251234	0.00181954
1295	0.999713	0.000247114	0.00178208
1296	0.999718	0.000243285	0.00174066
1297	0.999722	0.000239352	0.00170648
1298	0.999727	0.000235544	0.00167295
1299	0.999731	0.000231848	0.00164005
1300	0.999735	0.000228363	0.00160495
