600	0.0223651	0.210712	0.0220835
601	0.0223324	0.208681	0.0220576
602	0.0224267	0.209063	0.0221472
603	0.0224201	0.208411	0.0221486
604	0.0226071	0.210232	0.0223253
605	0.0224669	0.207713	0.0221889
606	0.0225267	0.208902	0.0222331
607	0.022394	0.206593	0.0221071
608	0.0224086	0.207245	0.0221124
609	0.0227501	0.20865	0.0224558
610	0.0228263	0.208952	0.0225286
611	0.0228107	0.206993	0.0225103
612	0.0230166	0.209707	0.0226983
613	0.0229022	0.20753	0.0225922
614	0.0230415	0.20864	0.0227318
615	0.0229848	0.207067	0.0226786
616	0.0228924	0.205831	0.0225832
617	0.0231759	0.210029	0.0228466
618	0.0232962	0.209313	0.0229725
619	0.0231224	0.204857	0.0228052
620	0.0232792	0.206677	0.0229544
621	0.0233778	0.20761	0.0230399
622	0.0235033	0.208425	0.0231694
623	0.0234858	0.207634	0.023144
624	0.0237154	0.209112	0.0233659
625	0.0238227	0.208791	0.0234771
626	0.0238989	0.209783	0.0235408
627	0.0239555	0.209298	0.0235984
628	0.0237598	0.207059	0.0234103
629	0.0239907	0.208825	0.0236387
630	0.023956	0.208636	0.0236008
631	0.0237932	0.205534	0.0234368
632	0.0241472	0.207373	0.0237933
633	0.0242716	0.209397	0.0238964
634	0.0241922	0.207672	0.0238117
635	0.0244572	0.207612	0.0240829
636	0.0244801	0.207572	0.0241054
637	0.0244995	0.206374	0.0241441
638	0.0243579	0.204317	0.0239957
639	0.024373	0.204069	0.0240011
640	0.0245537	0.205338	0.0241759
641	0.0248183	0.207573	0.0244347
642	0.0246673	0.204902	0.0242972
643	0.0248186	0.208114	0.0244319
644	0.0247701	0.206558	0.024385
645	0.0248112	0.20571	0.0244246
646	0.0248797	0.20454	0.0245033
647	0.0250135	0.204265	0.0246296
648	0.0254053	0.207688	0.0250031
649	0.0255809	0.208587	0.0251813
650	0.0255044	0.20733	0.0250994
651	0.0257052	0.209148	0.0252928
652	0.0257175	0.208426	0.0253007
653	0.0256443	0.206449	0.0252183
654	0.0257697	0.205645	0.0253386
655	0.0259905	0.207174	0.0255645
656	0.0261706	0.206173	0.0257449
657	0.0261198	0.205016	0.0256904
658	0.0265237	0.208584	0.0260701
659	0.0265325	0.207869	0.0260794
660	0.0267469	0.208371	0.0262911
661	0.0269682	0.208184	0.026514
662	0.0269548	0.206947	0.0264892
663	0.0272832	0.208583	0.0268063
664	0.0273712	0.208821	0.0268896
665	0.0274383	0.20898	0.0269528
666	0.0274706	0.206806	0.0269966
667	0.0275501	0.207302	0.0270749
668	0.0277333	0.208067	0.0272636
669	0.027982	0.210683	0.0274892
670	0.0276688	0.2054	0.0271856
671	0.0281958	0.208728	0.0276956
672	0.0282549	0.208781	0.0277532
673	0.0281325	0.206638	0.0276267
674	0.0284104	0.207369	0.0278981
675	0.0286715	0.207695	0.028164
676	0.0289489	0.209153	0.0284347
677	0.0288882	0.204934	0.0283717
678	0.0289601	0.205109	0.028441
679	0.0293933	0.207977	0.028848
680	0.029718	0.209708	0.0291684
681	0.0297829	0.209469	0.0292288
682	0.0299758	0.207893	0.0294315
683	0.0301776	0.209979	0.0296264
684	0.0305074	0.210385	0.0299444
685	0.0308298	0.212182	0.0302748
686	0.0306365	0.209282	0.0300738
687	0.0307541	0.209669	0.030176
688	0.0309299	0.209275	0.0303509
689	0.0307465	0.207257	0.030156
690	0.0313446	0.208918	0.030753
691	0.0314181	0.206358	0.0308443
692	0.031652	0.208261	0.0310672
693	0.0319595	0.210053	0.0313412
694	0.0319764	0.208665	0.0313733
695	0.0321989	0.209336	0.0315955
696	0.0324924	0.210697	0.0318721
697	0.0327912	0.211311	0.0321708
698	0.0330307	0.211795	0.0324181
699	0.032984	0.210462	0.032337
700	0.0330622	0.209429	0.0324329
701	0.0336118	0.210814	0.0329573
702	0.0337123	0.208075	0.0330741
703	0.0342213	0.210072	0.0335757
704	0.0344417	0.211113	0.0337626
705	0.0344637	0.209978	0.0337888
706	0.0348851	0.211975	0.0341757
707	0.035235	0.212801	0.0345145
708	0.0352919	0.210482	0.0345779
709	0.0354356	0.210663	0.0347222
710	0.0359466	0.213576	0.0351995
711	0.0361217	0.211558	0.0353842
712	0.0364486	0.213891	0.0356591
713	0.0368538	0.213712	0.0360743
714	0.0367907	0.212527	0.0360109
715	0.0370711	0.211427	0.0362601
716	0.0374838	0.212956	0.0366718
717	0.0376329	0.212464	0.0368235
718	0.0380235	0.212147	0.0372155
719	0.0384981	0.213543	0.0376321
720	0.0387796	0.213335	0.0379511
721	0.0391009	0.213056	0.0382349
722	0.0398326	0.214573	0.038967
723	0.0397044	0.213411	0.0387957
724	0.0397914	0.212204	0.0388942
725	0.0403596	0.213958	0.0394046
726	0.0406754	0.213802	0.0397121
727	0.0409883	0.214785	0.0400294
728	0.0420848	0.216511	0.0411325
729	0.0417265	0.212487	0.0407655
730	0.0419735	0.214577	0.0410048
731	0.0421687	0.215712	0.0411456
732	0.0424101	0.213888	0.0414155
733	0.042585	0.213237	0.041565
734	0.0432902	0.21433	0.0422489
735	0.0438011	0.216179	0.0427346
736	0.0436736	0.213619	0.0426095
737	0.0443509	0.215502	0.0432688
738	0.0447505	0.218261	0.0435917
739	0.0451388	0.218817	0.0439856
740	0.0451501	0.217577	0.0440101
741	0.045173	0.215782	0.0440366
742	0.0456588	0.216962	0.0444906
743	0.0461319	0.218087	0.0449372
744	0.0465113	0.21797	0.0453453
745	0.0467476	0.217741	0.0455219
746	0.0471078	0.216891	0.0458882
747	0.0477983	0.219997	0.0465238
748	0.0478495	0.217567	0.0466026
749	0.0482929	0.21776	0.0469997
750	0.0487374	0.21812	0.0474395
751	0.0489897	0.218119	0.0476598
752	0.0502762	0.22167	0.0488989
753	0.0500586	0.219994	0.0487048
754	0.0507022	0.220964	0.0492899
755	0.0514775	0.222983	0.0499835
756	0.0514573	0.221007	0.0500122
757	0.0518099	0.222614	0.0502671
758	0.0525814	0.223101	0.0510722
759	0.0529197	0.223083	0.0513948
760	0.0531473	0.222278	0.0515988
761	0.0538309	0.222735	0.0522518
762	0.0541724	0.223275	0.0525383
763	0.0546026	0.224094	0.0529802
764	0.0552183	0.223722	0.0535355
765	0.0555906	0.223113	0.0539117
766	0.0561426	0.224919	0.0543532
767	0.0571632	0.225428	0.0553949
768	0.0577371	0.226316	0.0559329
769	0.0577332	0.224605	0.0558901
770	0.0582315	0.225432	0.056349
771	0.058785	0.225883	0.0568521
772	0.0595649	0.228569	0.0576138
773	0.0606181	0.228709	0.0586223
774	0.0605707	0.227387	0.0585647
775	0.0611065	0.227041	0.0589927
776	0.0611402	0.224145	0.0591204
777	0.0623884	0.227031	0.0602983
778	0.0626511	0.227258	0.0603983
779	0.0640089	0.228001	0.0617746
780	0.0648906	0.22824	0.062685
781	0.0653136	0.228783	0.0630069
782	0.0660397	0.228835	0.063721
783	0.0660616	0.225584	0.0637176
784	0.0671856	0.229907	0.0647325
785	0.0682874	0.230964	0.065782
786	0.0687663	0.230788	0.0662074
787	0.0691775	0.22844	0.0666087
788	0.0700347	0.230559	0.0673118
789	0.0706953	0.228425	0.0679805
790	0.0711628	0.229578	0.0683983
791	0.0723106	0.232067	0.0694237
792	0.072341	0.228258	0.069577
793	0.07351	0.231975	0.0706571
794	0.0744973	0.233985	0.071494
795	0.0749962	0.23096	0.0720773
796	0.0752878	0.230366	0.0723149
797	0.0764676	0.233345	0.0733036
798	0.077546	0.233556	0.0744055
799	0.0780716	0.233851	0.0748469
800	0.079219	0.235516	0.0758294
801	0.0803185	0.235516	0.0769105
802	0.0805066	0.233483	0.0770173
803	0.0824838	0.235578	0.0789213
804	0.0825841	0.234575	0.0789295
805	0.0834408	0.233856	0.0798257
806	0.0840697	0.234364	0.0803601
807	0.085166	0.235273	0.0812039
808	0.0864614	0.236037	0.0824287
809	0.0877518	0.235892	0.0837105
810	0.0887105	0.236947	0.084519
811	0.0898071	0.236645	0.0855367
812	0.0910056	0.236441	0.0866729
813	0.0918692	0.23677	0.0874394
814	0.0933037	0.238836	0.0887201
815	0.0938	0.238887	0.0890774
816	0.0948668	0.238546	0.0900274
817	0.0966658	0.238848	0.0917865
818	0.0980614	0.241727	0.0928776
819	0.0993339	0.240562	0.0940644
820	0.10034	0.241349	0.0950049
821	0.100762	0.240163	0.0952578
822	0.102892	0.243266	0.0972229
823	0.104465	0.242407	0.098684
824	0.105307	0.241478	0.099475
825	0.107032	0.241317	0.10097
826	0.108582	0.242315	0.102345
827	0.109264	0.242169	0.102856
828	0.111142	0.242443	0.104441
829	0.11247	0.241011	0.105667
830	0.114575	0.243208	0.107637
831	0.116068	0.244276	0.10878
832	0.116899	0.242099	0.109342
833	0.118711	0.24253	0.11092
834	0.121507	0.243717	0.113559
835	0.121515	0.24004	0.113471
836	0.124102	0.242603	0.11567
837	0.125698	0.241681	0.117147
838	0.12668	0.24107	0.117646
839	0.129394	0.242813	0.120043
840	0.131386	0.242503	0.121758
841	0.133981	0.243578	0.12436
842	0.135457	0.241943	0.125222
843	0.137703	0.241373	0.127139
844	0.140636	0.240834	0.129783
845	0.141876	0.242641	0.13064
846	0.143783	0.241556	0.132185
847	0.146195	0.24134	0.134771
848	0.148859	0.242295	0.136768
849	0.150027	0.24193	0.137555
850	0.153408	0.242273	0.140559
851	0.155735	0.244017	0.142142
852	0.157063	0.241853	0.143197
853	0.159401	0.240597	0.145091
854	0.162247	0.240898	0.147575
855	0.164923	0.242261	0.149908
856	0.167962	0.242109	0.152332
857	0.170385	0.240576	0.15422
858	0.172469	0.239694	0.155769
859	0.175331	0.239412	0.158392
860	0.177705	0.239017	0.159457
861	0.180913	0.240885	0.16198
862	0.184186	0.240046	0.164943
863	0.18748	0.239325	0.167603
864	0.190202	0.238616	0.169586
865	0.192884	0.236142	0.171742
866	0.195416	0.236238	0.173286
867	0.199162	0.237345	0.176095
868	0.201302	0.235931	0.177124
869	0.205398	0.236635	0.179954
870	0.211349	0.235196	0.185236
871	0.213343	0.233065	0.185945
872	0.218229	0.234407	0.189641
873	0.220573	0.231622	0.191169
874	0.223626	0.231753	0.192713
875	0.227272	0.22945	0.195348
876	0.231888	0.229776	0.198863
877	0.236669	0.230382	0.202129
878	0.239508	0.228043	0.202734
879	0.243317	0.226287	0.204623
880	0.247683	0.224974	0.207511
881	0.254262	0.223525	0.212247
882	0.257336	0.223255	0.21323
883	0.262263	0.221495	0.21629
884	0.268015	0.221695	0.218685
885	0.27208	0.218921	0.220684
886	0.275428	0.217786	0.221512
887	0.280986	0.216774	0.22405
888	0.28608	0.21602	0.226025
889	0.291987	0.213273	0.229981
890	0.298338	0.213214	0.232034
891	0.303487	0.210829	0.234209
892	0.308037	0.210675	0.233796
893	0.312981	0.207033	0.237006
894	0.318091	0.206221	0.238122
895	0.322989	0.206056	0.236856
896	0.328945	0.20454	0.23686
897	0.336963	0.200689	0.240096
898	0.341272	0.199591	0.239961
899	0.348075	0.196562	0.241971
900	0.354585	0.194489	0.241536
901	0.363678	0.19194	0.24093
902	0.370663	0.190589	0.241593
903	0.378956	0.188765	0.242772
904	0.385734	0.18485	0.239344
905	0.390725	0.186008	0.238076
906	0.399937	0.180546	0.235846
907	0.407452	0.177822	0.231837
908	0.414155	0.175217	0.227046
909	0.422191	0.173382	0.223809
910	0.431952	0.17133	0.218409
911	0.440024	0.165096	0.213455
912	0.448245	0.162172	0.208383
913	0.455639	0.16048	0.20005
914	0.463973	0.159014	0.193255
915	0.47118	0.154565	0.186358
916	0.480922	0.153965	0.183939
917	0.487468	0.153362	0.178572
918	0.49502	0.149604	0.179823
919	0.497213	0.150801	0.17876
920	0.501569	0.14937	0.181386
921	0.505253	0.15076	0.180571
922	0.507059	0.14975	0.182484
923	0.512657	0.150437	0.180939
924	0.516395	0.148846	0.182313
925	0.517583	0.148395	0.184115
926	0.518301	0.149561	0.185333
927	0.525187	0.151081	0.184929
928	0.52298	0.150006	0.185443
929	0.524551	0.149688	0.184014
930	0.520508	0.149054	0.183788
931	0.536267	0.148127	0.186171
932	0.535012	0.149549	0.185792
933	0.537731	0.14847	0.187657
934	0.534911	0.149032	0.184944
935	0.532843	0.149832	0.185207
936	0.532477	0.149164	0.182906
937	0.530156	0.14796	0.180842
938	0.551408	0.145582	0.18682
939	0.558039	0.145459	0.185455
940	0.555032	0.147913	0.188616
941	0.552293	0.146833	0.185922
942	0.548968	0.148327	0.185584
943	0.546574	0.149897	0.18892
944	0.546036	0.148602	0.187548
945	0.544094	0.14881	0.1865
946	0.546445	0.148696	0.188779
947	0.543786	0.148608	0.186658
948	0.543269	0.149983	0.18911
949	0.539405	0.148634	0.189049
950	0.567508	0.148605	0.191027
951	0.574621	0.146813	0.194825
952	0.578488	0.145867	0.192455
953	0.571833	0.14785	0.19193
954	0.571996	0.147531	0.19139
955	0.570518	0.14678	0.191486
956	0.572405	0.144426	0.188378
957	0.568699	0.148217	0.191716
958	0.568219	0.146959	0.190109
959	0.569845	0.147721	0.191538
960	0.566105	0.148032	0.188616
960	0.566105	0.148032	0.188616
961	0.566585	0.148927	0.190221
962	0.561563	0.148778	0.192656
963	0.560791	0.148986	0.193489
964	0.562003	0.14798	0.190789
965	0.560304	0.148718	0.190514
966	0.556907	0.149774	0.191337
967	0.558251	0.14955	0.191643
968	0.557831	0.149306	0.192245
969	0.553668	0.15025	0.191845
970	0.551023	0.150936	0.192462
971	0.555039	0.148542	0.191198
972	0.552285	0.150371	0.194416
973	0.606225	0.148286	0.20118
974	0.612829	0.144189	0.199236
975	0.610663	0.145313	0.201351
976	0.609461	0.147724	0.201422
977	0.607508	0.146035	0.204582
978	0.60711	0.145791	0.200581
979	0.602686	0.147808	0.198626
980	0.60506	0.146957	0.197763
981	0.602658	0.148905	0.19562
982	0.60334	0.14633	0.197483
983	0.603558	0.14731	0.199918
984	0.601257	0.146852	0.197655
985	0.598012	0.14602	0.197138
986	0.598937	0.149316	0.199171
987	0.594699	0.147069	0.202948
988	0.59663	0.147202	0.196353
989	0.598226	0.148089	0.197383
990	0.59028	0.150764	0.201915
991	0.595215	0.14688	0.201955
992	0.590865	0.149274	0.196437
993	0.588164	0.149229	0.197634
994	0.587468	0.150698	0.197504
995	0.586589	0.14907	0.194076
996	0.586752	0.150702	0.195042
997	0.587709	0.148542	0.195825
998	0.584074	0.149582	0.192356
999	0.582423	0.149507	0.193677
1000	0.585104	0.149311	0.197136
1001	0.583271	0.150085	0.198508
1002	0.58016	0.149531	0.199726
1003	0.58044	0.149881	0.196522
1004	0.577469	0.150823	0.197837
1005	0.576572	0.149934	0.196528
1006	0.574444	0.152651	0.197734
1007	0.573586	0.150748	0.194782
1008	0.574812	0.151039	0.19643
1009	0.567524	0.151634	0.198284
1010	0.568939	0.152643	0.1985
1011	0.571446	0.151626	0.197509
1012	0.566155	0.152909	0.196882
1013	0.566755	0.153861	0.199018
1014	0.56389	0.153059	0.198692
1015	0.564006	0.153877	0.194925
1016	0.562414	0.152996	0.199176
1017	0.561029	0.154388	0.195556
1018	0.560524	0.151472	0.194169
1019	0.559282	0.152817	0.196988
1020	0.562398	0.152518	0.194627
1021	0.558432	0.153353	0.192675
1022	0.556968	0.154681	0.194097
1023	0.555517	0.152271	0.198293
1024	0.5566	0.153625	0.196757
1025	0.554253	0.154216	0.195541
1026	0.649758	0.144827	0.209632
1027	0.683235	0.140913	0.212973
1028	0.679533	0.142881	0.215344
1029	0.681122	0.143054	0.212945
1030	0.68195	0.142151	0.211801
1031	0.679151	0.1425	0.21494
1032	0.677736	0.141368	0.216329
1033	0.676208	0.142033	0.216305
1034	0.673421	0.143742	0.214944
1035	0.675747	0.14173	0.209009
1036	0.677036	0.14093	0.21347
1037	0.673439	0.144275	0.217247
1038	0.67436	0.142919	0.210713
1039	0.673242	0.142415	0.208199
1040	0.674117	0.143301	0.215649
1041	0.669041	0.14567	0.212157
1042	0.670022	0.144144	0.216701
1043	0.667927	0.145401	0.21535
1044	0.668464	0.14489	0.209712
1045	0.667544	0.143672	0.213022
1046	0.665956	0.145495	0.214237
1047	0.666132	0.144629	0.21123
1048	0.66172	0.146713	0.20973
1049	0.66566	0.14494	0.212831
1050	0.662923	0.145059	0.207335
1051	0.661226	0.146767	0.211696
1052	0.658832	0.146553	0.214759
1053	0.662194	0.145347	0.212503
1054	0.660467	0.147176	0.210826
1055	0.658762	0.148915	0.210318
1056	0.658647	0.146036	0.213078
1057	0.655619	0.146843	0.207796
1058	0.657113	0.147548	0.211698
1059	0.653473	0.148271	0.211078
1060	0.654979	0.148248	0.207835
1061	0.65387	0.14839	0.211139
1062	0.653625	0.147681	0.213648
1063	0.651534	0.148775	0.216221
1064	0.65065	0.147518	0.217818
1065	0.645344	0.150033	0.217735
1066	0.642084	0.149893	0.215821
1067	0.645583	0.149991	0.213205
1068	0.643941	0.15017	0.213296
1069	0.64551	0.148871	0.21366
1070	0.642708	0.150393	0.213105
1071	0.643746	0.14897	0.214398
1072	0.639822	0.152074	0.217213
1073	0.636774	0.151173	0.214201
1074	0.639083	0.150709	0.21521
1075	0.640197	0.150939	0.214495
1076	0.638236	0.151963	0.2094
1077	0.637094	0.153356	0.215587
1078	0.636589	0.152485	0.215098
1079	0.634135	0.151467	0.214523
1080	0.632805	0.153392	0.216329
1081	0.632506	0.151752	0.214843
1082	0.63039	0.152589	0.215235
1083	0.629473	0.154147	0.217009
1084	0.628037	0.154651	0.214041
1085	0.625268	0.154329	0.218787
1086	0.629916	0.153872	0.216858
1087	0.625596	0.153191	0.21514
1088	0.624436	0.154945	0.213225
1089	0.625459	0.152817	0.211223
1090	0.625731	0.152439	0.2114
1091	0.623193	0.154052	0.213338
1092	0.619686	0.155271	0.215538
1093	0.620277	0.153947	0.21501
1094	0.6226	0.152751	0.214048
1095	0.618293	0.155708	0.218152
1096	0.620582	0.155051	0.21275
1097	0.619839	0.154127	0.211641
1098	0.616447	0.155676	0.214841
1099	0.614114	0.156404	0.211794
1100	0.611914	0.155449	0.211675
1101	0.613307	0.156067	0.215723
1102	0.612222	0.15426	0.210133
1103	0.611693	0.155804	0.209351
1104	0.610799	0.156566	0.210375
1105	0.610537	0.156291	0.206278
1106	0.611247	0.157193	0.211319
1107	0.60666	0.15677	0.210733
1108	0.608561	0.156831	0.213367
1109	0.607384	0.156502	0.20847
1110	0.602222	0.157573	0.208307
1111	0.602323	0.158887	0.213195
1112	0.603838	0.156402	0.213626
1113	0.604124	0.157778	0.212465
1114	0.602208	0.158439	0.2172
1115	0.598858	0.158766	0.213732
1116	0.597493	0.160989	0.214693
1117	0.595326	0.161768	0.212766
1118	0.590803	0.162237	0.214427
1119	0.590141	0.160277	0.214437
1120	0.590572	0.161547	0.215487
1121	0.593051	0.159839	0.211296
1122	0.593999	0.160613	0.214851
1123	0.589415	0.161105	0.214478
1124	0.587194	0.162615	0.212282
1125	0.586987	0.162676	0.213971
1126	0.585783	0.161978	0.213669
1127	0.58588	0.161848	0.213327
1128	0.587006	0.160703	0.210009
1129	0.58353	0.160732	0.211704
1130	0.583267	0.160232	0.208582
1131	0.581899	0.160443	0.208068
1132	0.583343	0.16342	0.210001
1133	0.583124	0.159416	0.206372
1134	0.57964	0.160602	0.209618
1135	0.577965	0.160835	0.213006
1136	0.578988	0.1612	0.209329
1137	0.575904	0.162027	0.210312
1138	0.577758	0.162326	0.208925
1139	0.578748	0.16141	0.207532
1140	0.573801	0.162528	0.209024
1141	0.570983	0.164707	0.209958
1142	0.573611	0.163911	0.208863
1143	0.571087	0.162137	0.21015
1144	0.569406	0.163165	0.212053
1145	0.567463	0.165348	0.211561
1146	0.56778	0.162749	0.211311
1147	0.565155	0.164575	0.209327
1148	0.566413	0.164135	0.210747
1149	0.561947	0.166463	0.20944
1150	0.563319	0.166805	0.209964
1151	0.560367	0.163185	0.209494
1152	0.560601	0.165389	0.209982
1153	0.560689	0.165141	0.210707
1154	0.558735	0.166118	0.208587
1155	0.556673	0.16535	0.206721
1156	0.559379	0.167075	0.211731
1157	0.556843	0.165328	0.20923
1158	0.554205	0.166026	0.209234
1159	0.555023	0.1652	0.208339
1160	0.553357	0.163703	0.210063
1161	0.555229	0.164605	0.21072
1162	0.548693	0.165752	0.210065
1163	0.54794	0.167086	0.209093
1164	0.546586	0.167213	0.207999
1165	0.547439	0.167673	0.209483
1166	0.547342	0.164666	0.207351
1167	0.546792	0.167513	0.206205
1168	0.549029	0.165831	0.207647
1169	0.544457	0.168061	0.209647
1170	0.54441	0.168954	0.210355
1171	0.542495	0.167365	0.2066
1172	0.543604	0.16738	0.204986
1173	0.540821	0.167528	0.208601
1174	0.540199	0.16719	0.208583
1175	0.54081	0.167549	0.205607
1176	0.534595	0.166769	0.203926
1177	0.535215	0.169738	0.205285
1178	0.532231	0.168441	0.206544
1179	0.533991	0.169618	0.207284
1180	0.534205	0.169444	0.207756
1181	0.531982	0.169786	0.205058
1182	0.532317	0.165127	0.206
1183	0.528514	0.169565	0.20761
1184	0.526577	0.17209	0.207916
1185	0.528438	0.171061	0.208838
1186	0.525347	0.170638	0.206004
1187	0.52798	0.168717	0.208951
1188	0.523843	0.16917	0.206377
1189	0.524665	0.170038	0.204701
1190	0.523325	0.168413	0.206641
1191	0.520886	0.170623	0.205596
1192	0.520626	0.169813	0.206212
1193	0.517131	0.171074	0.207865
1194	0.5197	0.171394	0.203649
1195	0.517278	0.169056	0.20614
1196	0.513662	0.172078	0.209559
1197	0.512513	0.169729	0.208858
1198	0.514244	0.171075	0.205553
1199	0.514802	0.168933	0.205293
1200	0.512975	0.17193	0.205435
1201	0.511372	0.172101	0.205971
1202	0.511334	0.170551	0.207453
1203	0.506285	0.171274	0.205871
1204	0.508479	0.170144	0.206099
1205	0.506629	0.171286	0.205101
1206	0.506516	0.170241	0.203432
1207	0.50393	0.172623	0.204634
1208	0.504482	0.174456	0.202646
1209	0.507156	0.170103	0.201262
1210	0.503181	0.171948	0.203046
1211	0.504461	0.171837	0.202105
1212	0.505038	0.171478	0.203545
1213	0.503398	0.170493	0.201376
1214	0.5046	0.170073	0.196608
1215	0.504957	0.172202	0.196064
1216	0.87954	0.071644	0.173375
1217	0.988018	0.0112437	0.247695
1218	0.99044	0.00894311	0.195946
1219	0.992124	0.00733682	0.158358
1220	0.993358	0.00616607	0.12986
1221	0.994289	0.00528359	0.108685
1222	0.995013	0.00459696	0.092673
1223	0.995591	0.00405009	0.0799864
1224	0.996061	0.00360743	0.0694408
1225	0.99645	0.0032407	0.0609596
1226	0.996776	0.00293406	0.053863
1227	0.997052	0.00267671	0.0476075
1228	0.99729	0.0024559	0.0424244
1229	0.997495	0.00226537	0.0380074
1230	0.997674	0.00209862	0.0343279
1231	0.997831	0.00195264	0.0311226
1232	0.997971	0.0018245	0.0282632
1233	0.998095	0.00171116	0.0257247
1234	0.998206	0.00160819	0.0236567
1235	0.998306	0.00151546	0.0218514
1236	0.998397	0.0014331	0.0201334
1237	0.998479	0.00135766	0.0186707
1238	0.998554	0.00128905	0.0173556
1239	0.998623	0.00122562	0.0162336
1240	0.998686	0.00116814	0.0151686
1241	0.998744	0.00111525	0.0142095
1242	0.998798	0.00106599	0.0133685
1243	0.998848	0.0010207	0.0125849
1244	0.998894	0.000978936	0.0118535
1245	0.998937	0.000939509	0.0112223
1246	0.998978	0.00090299	0.0106279
1247	0.999015	0.000868854	0.0100831
1248	0.99905	0.00083702	0.0095737
1249	0.999084	0.000807284	0.00909665
1250	0.999115	0.000778901	0.00868041
1251	0.999144	0.000752516	0.0082755
1252	0.999172	0.000727319	0.00791725
1253	0.999198	0.000703589	0.0075802
1254	0.999222	0.000681345	0.00725621
1255	0.999246	0.00066029	0.00695282
1256	0.999268	0.000640342	0.00666823
1257	0.999289	0.000621204	0.00641211
1258	0.999309	0.000603187	0.00616381
1259	0.999328	0.000585938	0.00593331
1260	0.999347	0.000569632	0.0057125
1261	0.999364	0.000554284	0.00549459
1262	0.999381	0.000539399	0.00530078
1263	0.999396	0.000525247	0.00511001
1264	0.999412	0.000511521	0.00494052
1265	0.999426	0.000498839	0.00476233
1266	0.99944	0.000486371	0.004606
1267	0.999453	0.000474444	0.00445877
1268	0.999466	0.00046297	0.00431982
1269	0.999479	0.000452004	0.00418633
1270	0.99949	0.000441685	0.00405021
1271	0.999502	0.000431596	0.00392801
1272	0.999513	0.000421729	0.0038175
1273	0.999523	0.000412522	0.00370087
1274	0.999533	0.000403513	0.00359522
1275	0.999543	0.000394858	0.00349319
1276	0.999552	0.000386416	0.00339824
1277	0.999562	0.00037849	0.00330019
1278	0.99957	0.000370759	0.00320803
1279	0.999579	0.000363241	0.00312293
1280	0.999587	0.000355937	0.00304282
1281	0.999595	0.000349008	0.00296121
1282	0.999603	0.000342186	0.00288732
1283	0.99961	0.00033577	0.00280967
1284	0.999617	0.000329424	0.00274003
1285	0.999624	0.000323292	0.00267227
1286	0.999631	0.000317412	0.00260505
1287	0.999638	0.000311596	0.00254418
1288	0.999644	0.000306213	0.00247732
1289	0.99965	0.000300739	0.0024209
1290	0.999656	0.000295421	0.00236702
1291	0.999662	0.000290306	0.00231323
1292	0.999668	0.000285339	0.00226128
1293	0.999673	0.0002805	0.00221162
1294	0.999679	0.000275855	0.00216202
1295	0.999684	0.000271339	0.00211407
1296	0.999689	0.000266844	0.00207025
1297	0.999694	0.00026257	0.00202533
1298	0.999699	0.00025838	0.00198283
1299	0.999703	0.000254317	0.00194116
1300	0.999708	0.000250298	0.00190267
