600	0.0170928	0.185575	0.0169159
601	0.0171213	0.186447	0.0169388
602	0.0171337	0.187041	0.0169432
603	0.0170831	0.185185	0.0168957
604	0.0171885	0.187038	0.0170014
605	0.0173079	0.188451	0.0171062
606	0.0172424	0.185041	0.0170509
607	0.0173645	0.187353	0.0171736
608	0.0172835	0.185827	0.0170899
609	0.0173971	0.187524	0.0171977
610	0.017371	0.18651	0.0171667
611	0.0175221	0.187299	0.0173189
612	0.017589	0.186959	0.0173839
613	0.0176247	0.187439	0.0174122
614	0.0177052	0.187101	0.0175025
615	0.0175384	0.185575	0.0173288
616	0.0177134	0.187433	0.0174958
617	0.0176265	0.18628	0.0174159
618	0.0175902	0.184707	0.0173684
619	0.0177516	0.185961	0.0175308
620	0.0178644	0.186838	0.0176414
621	0.0177707	0.185343	0.017539
622	0.0179809	0.185592	0.0177509
623	0.0179997	0.185349	0.0177769
624	0.0180368	0.186171	0.0178057
625	0.0180013	0.183839	0.0177732
626	0.0179336	0.18294	0.0176975
627	0.0180176	0.182882	0.017783
628	0.0181844	0.183649	0.0179551
629	0.0182449	0.184651	0.0180134
630	0.0181549	0.18418	0.017923
631	0.0181672	0.182652	0.0179368
632	0.0182683	0.183403	0.0180369
633	0.0183317	0.182872	0.0180939
634	0.0184959	0.183044	0.018265
635	0.0187299	0.184499	0.0184984
636	0.0186744	0.184677	0.0184279
637	0.0188502	0.186607	0.0185955
638	0.0188314	0.185575	0.0185844
639	0.0188738	0.185636	0.0186162
640	0.0189888	0.185001	0.0187376
641	0.0190149	0.184204	0.0187609
642	0.0193214	0.186609	0.0190599
643	0.0190837	0.181735	0.0188313
644	0.0194145	0.185968	0.0191498
645	0.0194146	0.185337	0.0191448
646	0.019528	0.185171	0.0192599
647	0.0197823	0.187186	0.0194974
648	0.0197787	0.185733	0.0194979
649	0.0199709	0.186141	0.0196861
650	0.020021	0.186791	0.0197324
651	0.0200942	0.186683	0.0197999
652	0.0201182	0.185436	0.0198253
653	0.0202497	0.187793	0.019949
654	0.0201935	0.185769	0.0198922
655	0.0205124	0.189204	0.0202065
656	0.0202554	0.183961	0.019957
657	0.0206168	0.186705	0.0203128
658	0.0207697	0.187666	0.0204644
659	0.0206644	0.185272	0.0203626
660	0.0207753	0.184885	0.0204719
661	0.0209511	0.185767	0.0206425
662	0.0211674	0.186851	0.0208558
663	0.0211324	0.183975	0.0208113
664	0.0210973	0.182956	0.0207765
665	0.0215006	0.187428	0.0211604
666	0.0215285	0.186077	0.0212026
667	0.0216472	0.18576	0.021315
668	0.0217547	0.18579	0.0214247
669	0.0218457	0.186931	0.0215102
670	0.022274	0.188469	0.0219418
671	0.0222864	0.18804	0.0219422
672	0.0220491	0.184848	0.0217143
673	0.0223618	0.186814	0.022008
674	0.0222682	0.186112	0.0219045
675	0.0223782	0.184281	0.0220349
676	0.0227747	0.185276	0.0224213
677	0.0227971	0.184682	0.0224418
678	0.0230025	0.185773	0.0226446
679	0.0231056	0.185675	0.022734
680	0.0230151	0.184045	0.0226535
681	0.0233154	0.185392	0.0229449
682	0.023618	0.187634	0.0232522
683	0.0239713	0.189351	0.0236022
684	0.023803	0.186917	0.0234194
685	0.0237733	0.185323	0.0233927
686	0.0242038	0.187653	0.0238092
687	0.024338	0.186711	0.0239401
688	0.0244953	0.186495	0.0240981
689	0.0249617	0.18982	0.02454
690	0.024697	0.186336	0.0242913
691	0.0248461	0.185967	0.0244296
692	0.0253327	0.18864	0.0249125
693	0.0254498	0.18925	0.0250054
694	0.0254117	0.18757	0.0249759
695	0.0256876	0.187739	0.0252691
696	0.0258472	0.188155	0.0254032
697	0.0260623	0.188645	0.0256118
698	0.0262768	0.188816	0.0258213
699	0.026331	0.187683	0.0258892
700	0.0264606	0.187459	0.0259818
701	0.026826	0.189069	0.0263453
702	0.02693	0.18969	0.0264391
703	0.0271865	0.188236	0.0267002
704	0.0275433	0.189481	0.027054
705	0.027651	0.190001	0.0271511
706	0.0278703	0.189583	0.0273424
707	0.0283832	0.190972	0.0278724
708	0.0282708	0.188892	0.0277489
709	0.0284527	0.188596	0.0279331
710	0.0289244	0.190869	0.0283672
711	0.0290772	0.190549	0.0285284
712	0.0293764	0.19165	0.0288111
713	0.030021	0.193186	0.0294588
714	0.0296859	0.190417	0.0291025
715	0.0298836	0.191586	0.0292917
716	0.0300496	0.191737	0.0294529
717	0.0302681	0.190816	0.0296735
718	0.0304009	0.190238	0.029811
719	0.0310043	0.192603	0.0303943
720	0.031056	0.192592	0.0304313
721	0.0312177	0.190228	0.0306093
722	0.0313996	0.192671	0.0307575
723	0.0316832	0.192909	0.0310317
724	0.0321223	0.195132	0.0314913
725	0.0318563	0.192563	0.0312189
726	0.0319429	0.192131	0.0313073
727	0.0323086	0.193667	0.0316441
728	0.0326837	0.195182	0.0320133
729	0.0327984	0.193614	0.0321321
730	0.0330059	0.193795	0.0323314
731	0.0334575	0.196267	0.0327595
732	0.0333062	0.194155	0.0326003
733	0.0336959	0.194568	0.0329767
734	0.0341073	0.195781	0.0333767
735	0.0338704	0.192433	0.033161
736	0.0348145	0.195524	0.034075
737	0.0351239	0.196829	0.0343566
738	0.0352026	0.196514	0.0344261
739	0.035911	0.19786	0.0351212
740	0.035797	0.196419	0.0349917
741	0.0361477	0.198605	0.0352973
742	0.0365772	0.19985	0.0357161
743	0.036795	0.200791	0.0359473
744	0.036718	0.197696	0.0358584
745	0.0374155	0.200268	0.0365238
746	0.0376427	0.200307	0.0367341
747	0.037885	0.200624	0.0369668
748	0.0383662	0.200956	0.0374454
749	0.0387353	0.201017	0.0378083
750	0.0386319	0.199053	0.0376692
751	0.0395799	0.201397	0.0386064
752	0.039859	0.202045	0.0388703
753	0.0398652	0.201976	0.0388434
754	0.0401185	0.20038	0.0391047
755	0.0404816	0.20123	0.0394432
756	0.0409869	0.20299	0.039937
757	0.0416167	0.203296	0.0405424
758	0.0415343	0.20234	0.0404303
759	0.0419047	0.201798	0.0407892
760	0.0419385	0.200426	0.040809
761	0.042696	0.203002	0.0415306
762	0.0430675	0.201215	0.0419017
763	0.0440496	0.204903	0.0428298
764	0.0444123	0.202976	0.0431911
765	0.0449342	0.204349	0.0436762
766	0.0449115	0.202187	0.0436187
767	0.0452921	0.201145	0.0440501
768	0.0462425	0.207072	0.0448635
769	0.0468538	0.205932	0.0455075
770	0.0471761	0.204374	0.0458119
771	0.0474213	0.20418	0.0460341
772	0.0479094	0.204777	0.0464774
773	0.0486203	0.205982	0.047161
774	0.0489163	0.205457	0.0474302
775	0.0492884	0.205687	0.0477874
776	0.0496562	0.205377	0.0481428
777	0.0506433	0.209406	0.0491073
778	0.0503386	0.204563	0.0488438
779	0.0510967	0.206154	0.0495381
780	0.0513508	0.206492	0.0497376
781	0.0521405	0.208769	0.0504585
782	0.0528919	0.210505	0.0511546
783	0.0534337	0.209819	0.0517404
784	0.0540895	0.211064	0.0523439
785	0.0545472	0.210607	0.0527383
786	0.0552374	0.210098	0.0534121
787	0.0560578	0.212309	0.0541522
788	0.0560869	0.209518	0.0542197
789	0.0566366	0.210396	0.0547625
790	0.0567936	0.209295	0.0548035
791	0.0578512	0.21068	0.0557638
792	0.0587498	0.211465	0.0566736
793	0.059312	0.211978	0.0571651
794	0.0602027	0.212825	0.0579832
795	0.0608581	0.212231	0.0586467
796	0.0615967	0.213398	0.0592552
797	0.0621766	0.215292	0.059736
798	0.0628109	0.21549	0.0603714
799	0.0634967	0.215702	0.0610265
800	0.0646796	0.215832	0.0621365
801	0.0655937	0.218257	0.0629591
802	0.066608	0.217416	0.0639369
803	0.0670859	0.217394	0.0644024
804	0.0675507	0.21841	0.064728
805	0.0686216	0.218646	0.0658325
806	0.0698522	0.220223	0.0669203
807	0.0701702	0.219234	0.0671751
808	0.0713499	0.218506	0.0683364
809	0.0717113	0.219009	0.0685859
810	0.0728759	0.220215	0.0696599
811	0.0738721	0.219765	0.0705428
812	0.0744454	0.219146	0.0710531
813	0.0760365	0.22222	0.0725703
814	0.0765969	0.222768	0.072958
815	0.0776504	0.221054	0.0739711
816	0.0792482	0.22218	0.0755002
817	0.0805687	0.222454	0.0766101
818	0.0809186	0.221227	0.0768261
819	0.0825815	0.223009	0.078389
820	0.0831893	0.221085	0.0790038
821	0.084194	0.220411	0.0799544
822	0.085592	0.221519	0.0811783
823	0.087491	0.224094	0.0828903
824	0.0889349	0.224915	0.0840951
825	0.090116	0.224155	0.0851624
826	0.0918229	0.224353	0.0868445
827	0.0933943	0.224701	0.0882413
828	0.0937168	0.223221	0.0884047
829	0.0953126	0.223314	0.089916
830	0.0973538	0.225559	0.0917946
831	0.0981152	0.224625	0.09237
832	0.100616	0.226396	0.0946386
833	0.101056	0.224432	0.0949819
834	0.103244	0.225772	0.0969112
835	0.10415	0.225609	0.0975972
836	0.106125	0.226929	0.0994455
837	0.107826	0.227359	0.100962
838	0.109893	0.228582	0.102673
839	0.111383	0.227855	0.10405
840	0.113276	0.226712	0.105864
841	0.114561	0.22757	0.106647
842	0.116338	0.226398	0.108387
843	0.118682	0.230008	0.11018
844	0.12075	0.230258	0.112215
845	0.12292	0.22928	0.11424
846	0.124454	0.229405	0.115472
847	0.126077	0.229702	0.116454
848	0.127459	0.227409	0.117848
849	0.130274	0.230287	0.120201
850	0.131208	0.227684	0.120847
851	0.134186	0.230417	0.123343
852	0.137649	0.229074	0.126559
853	0.138663	0.227858	0.127069
854	0.141845	0.230413	0.12999
855	0.143753	0.229387	0.131263
856	0.145408	0.22909	0.13254
857	0.147439	0.22826	0.134349
858	0.151379	0.229226	0.137511
859	0.153711	0.229876	0.139656
860	0.156377	0.229522	0.141357
861	0.158503	0.227266	0.142967
862	0.161575	0.228066	0.145223
863	0.165125	0.230239	0.148018
864	0.167163	0.226931	0.150042
865	0.171367	0.228816	0.153304
866	0.173619	0.227793	0.154647
867	0.175535	0.225885	0.156164
868	0.179552	0.227196	0.159326
869	0.182648	0.22563	0.161838
870	0.185979	0.227844	0.16362
871	0.1892	0.226133	0.16623
872	0.193151	0.225249	0.169245
873	0.195834	0.222636	0.171326
874	0.198991	0.223659	0.173487
875	0.20295	0.223886	0.175888
876	0.206363	0.221477	0.17834
877	0.209229	0.222926	0.179206
878	0.214047	0.220662	0.183322
879	0.217719	0.220008	0.185344
880	0.221655	0.219207	0.18754
881	0.225502	0.218783	0.189534
882	0.232347	0.218139	0.194339
883	0.236392	0.217753	0.195547
884	0.240962	0.216252	0.199008
885	0.245577	0.2135	0.201629
886	0.249326	0.214681	0.203145
887	0.254817	0.211659	0.20547
888	0.259702	0.210361	0.207619
889	0.264418	0.208506	0.209386
890	0.268934	0.206404	0.211539
891	0.275252	0.207432	0.213656
892	0.28102	0.204496	0.21644
893	0.286803	0.20276	0.219762
894	0.290762	0.20173	0.220351
895	0.29676	0.202741	0.222702
896	0.3	0.198452	0.221242
897	0.308114	0.199417	0.22426
898	0.315833	0.197944	0.225393
899	0.321258	0.193366	0.227245
900	0.328539	0.192274	0.228
901	0.333877	0.190456	0.228169
902	0.34088	0.188005	0.22819
903	0.347242	0.185287	0.227521
904	0.356883	0.186215	0.228494
905	0.361157	0.184466	0.223607
906	0.37077	0.181088	0.225721
907	0.376381	0.176471	0.225297
908	0.383934	0.175815	0.220283
909	0.391659	0.172521	0.216941
910	0.401247	0.169072	0.214239
911	0.408709	0.168009	0.210123
912	0.417271	0.165463	0.202773
913	0.425499	0.163017	0.196396
914	0.436064	0.158702	0.189999
915	0.442043	0.156151	0.181737
916	0.452665	0.156138	0.177187
917	0.457519	0.152015	0.171389
918	0.464673	0.149388	0.170845
919	0.471548	0.147977	0.176047
920	0.478224	0.149687	0.174026
921	0.477309	0.149409	0.175477
922	0.479237	0.148896	0.176636
923	0.481792	0.151019	0.174733
924	0.486585	0.150381	0.178282
925	0.48578	0.149058	0.178338
926	0.490648	0.149862	0.180048
927	0.500242	0.15076	0.176909
928	0.49896	0.150511	0.179475
929	0.495976	0.147359	0.181966
930	0.494667	0.150397	0.179723
931	0.50785	0.149215	0.179056
932	0.515669	0.148141	0.181141
933	0.50782	0.149193	0.181201
934	0.509033	0.14938	0.180765
935	0.507349	0.148511	0.179949
936	0.507382	0.146863	0.177418
937	0.504803	0.149156	0.180965
938	0.520936	0.148412	0.182828
939	0.531312	0.14855	0.184197
940	0.527757	0.149872	0.181761
941	0.527446	0.149579	0.182986
942	0.522538	0.149354	0.183361
943	0.5234	0.14828	0.186369
944	0.521767	0.148804	0.184306
945	0.521074	0.149283	0.184293
946	0.518311	0.149537	0.183217
947	0.519161	0.148648	0.183554
948	0.519084	0.149383	0.182991
949	0.513676	0.150317	0.183361
950	0.541117	0.150383	0.189497
951	0.554697	0.148873	0.188877
952	0.550035	0.150167	0.191504
953	0.548656	0.149709	0.190007
954	0.549399	0.148073	0.187846
955	0.547433	0.150592	0.190884
956	0.543986	0.150756	0.190605
957	0.544501	0.150231	0.190035
958	0.539816	0.149841	0.186491
959	0.539723	0.149668	0.186699
960	0.538398	0.149585	0.188687
960	0.538398	0.149585	0.188687
961	0.537579	0.147504	0.184501
962	0.538882	0.149708	0.185259
963	0.537223	0.151581	0.187164
964	0.533168	0.151249	0.185903
965	0.534056	0.149972	0.185892
966	0.532806	0.151658	0.187675
967	0.528288	0.151513	0.188429
968	0.532936	0.14894	0.188247
969	0.529064	0.150938	0.187417
970	0.52807	0.150512	0.188279
971	0.526965	0.151174	0.186026
972	0.525263	0.151118	0.184522
973	0.580822	0.14942	0.195799
974	0.586956	0.147938	0.194862
975	0.587085	0.150624	0.191074
976	0.587056	0.148539	0.191779
977	0.585224	0.148511	0.191892
978	0.582202	0.147885	0.193479
979	0.584616	0.148227	0.195142
980	0.583709	0.148517	0.19469
981	0.580329	0.150291	0.195408
982	0.580262	0.148793	0.194663
983	0.577965	0.149806	0.196739
984	0.576539	0.148789	0.194815
985	0.574368	0.151299	0.196254
986	0.573666	0.149338	0.193658
987	0.574771	0.149531	0.195442
988	0.567272	0.150327	0.197143
989	0.569023	0.152021	0.195996
990	0.571098	0.150272	0.19585
991	0.566324	0.15184	0.195034
992	0.566192	0.152476	0.199159
993	0.564084	0.150507	0.197907
994	0.563314	0.153307	0.192386
995	0.561633	0.152737	0.194823
996	0.561187	0.151702	0.193202
997	0.560541	0.149698	0.192671
998	0.559479	0.152834	0.193789
999	0.561792	0.151639	0.19151
1000	0.558363	0.152738	0.191363
1001	0.557054	0.153009	0.194603
1002	0.555162	0.153033	0.194337
1003	0.555689	0.153489	0.190425
1004	0.5529	0.152115	0.195757
1005	0.551263	0.153962	0.196765
1006	0.550879	0.152861	0.19329
1007	0.546214	0.153494	0.193488
1008	0.549095	0.153634	0.198382
1009	0.546221	0.15249	0.1969
1010	0.545275	0.15318	0.195869
1011	0.541068	0.156066	0.19498
1012	0.540019	0.154108	0.193987
1013	0.538948	0.154115	0.194158
1014	0.540975	0.154303	0.190697
1015	0.537746	0.155288	0.195102
1016	0.537963	0.1566	0.193345
1017	0.535742	0.154067	0.19046
1018	0.537839	0.154702	0.193238
1019	0.533117	0.153965	0.193053
1020	0.528912	0.157428	0.193661
1021	0.531882	0.155686	0.19361
1022	0.531699	0.154543	0.190392
1023	0.529035	0.155089	0.192094
1024	0.527547	0.15531	0.194659
1025	0.527878	0.154706	0.192993
1026	0.627076	0.147995	0.202915
1027	0.664929	0.143993	0.212669
1028	0.662215	0.144513	0.205167
1029	0.66172	0.14611	0.209339
1030	0.659087	0.146043	0.213129
1031	0.661852	0.144624	0.210202
1032	0.660774	0.146152	0.209489
1033	0.658615	0.147494	0.209015
1034	0.658495	0.145141	0.211176
1035	0.655585	0.146055	0.205676
1036	0.65679	0.146336	0.210217
1037	0.653449	0.1465	0.210724
1038	0.655183	0.146492	0.206376
1039	0.653577	0.147943	0.210072
1040	0.653303	0.145923	0.213684
1041	0.651672	0.148519	0.212789
1042	0.649249	0.147256	0.215273
1043	0.644753	0.149595	0.215082
1044	0.642471	0.149988	0.215355
1045	0.64611	0.148497	0.211216
1046	0.644244	0.149213	0.213113
1047	0.644772	0.148266	0.213814
1048	0.643419	0.149461	0.214994
1049	0.642388	0.149067	0.21425
1050	0.63901	0.15042	0.217991
1051	0.637024	0.150408	0.213541
1052	0.638467	0.149808	0.210724
1053	0.641216	0.149507	0.208772
1054	0.636813	0.149824	0.212546
1055	0.637278	0.150391	0.216158
1056	0.636375	0.149658	0.214971
1057	0.632731	0.151802	0.210743
1058	0.633432	0.150378	0.214333
1059	0.630362	0.152435	0.210823
1060	0.628805	0.152009	0.214419
1061	0.629922	0.151716	0.214656
1062	0.625257	0.152268	0.217542
1063	0.627507	0.153055	0.215942
1064	0.627416	0.152808	0.213992
1065	0.625528	0.15224	0.212753
1066	0.624614	0.152317	0.20911
1067	0.626858	0.151278	0.208127
1068	0.62265	0.152915	0.212576
1069	0.620563	0.154654	0.212672
1070	0.619238	0.153564	0.212719
1071	0.622128	0.151626	0.212352
1072	0.618889	0.154324	0.215659
1073	0.619747	0.153743	0.212318
1074	0.620443	0.152697	0.209479
1075	0.617069	0.153425	0.213578
1076	0.614418	0.155247	0.210188
1077	0.611791	0.154463	0.210053
1078	0.613072	0.155117	0.213482
1079	0.612546	0.153421	0.207804
1080	0.611581	0.155252	0.207144
1081	0.610778	0.155431	0.208628
1082	0.610433	0.155147	0.204635
1083	0.611055	0.155746	0.210307
1084	0.606265	0.156317	0.207981
1085	0.608504	0.156298	0.21124
1086	0.606932	0.155553	0.205588
1087	0.60195	0.156312	0.207371
1088	0.602664	0.15788	0.210919
1089	0.603569	0.156242	0.212621
1090	0.602955	0.156146	0.211854
1091	0.602043	0.156711	0.216644
1092	0.597599	0.158957	0.214765
1093	0.597155	0.159337	0.214158
1094	0.594575	0.15947	0.214696
1095	0.589554	0.161011	0.212433
1096	0.589609	0.161143	0.212757
1097	0.591289	0.157942	0.212361
1098	0.594735	0.158327	0.212838
1099	0.591079	0.159487	0.212821
1100	0.589601	0.159864	0.212715
1101	0.585459	0.161042	0.209273
1102	0.586469	0.160887	0.209768
1103	0.585936	0.159833	0.216906
1104	0.585001	0.159487	0.209249
1105	0.58592	0.160748	0.210791
1106	0.583894	0.158801	0.209958
1107	0.581955	0.159563	0.207978
1108	0.581527	0.161383	0.209907
1109	0.583612	0.159701	0.205306
1110	0.581203	0.158253	0.206668
1111	0.578165	0.160594	0.209303
1112	0.578515	0.160114	0.207423
1113	0.576393	0.160378	0.207009
1114	0.577848	0.160274	0.209228
1115	0.578703	0.158945	0.206016
1116	0.575257	0.161322	0.207899
1117	0.571173	0.164265	0.207772
1118	0.573373	0.162822	0.206264
1119	0.572247	0.159201	0.208878
1120	0.568668	0.162093	0.208528
1121	0.568459	0.163437	0.210364
1122	0.567695	0.161355	0.209125
1123	0.565443	0.162541	0.208581
1124	0.566455	0.162686	0.20891
1125	0.561884	0.165533	0.207933
1126	0.563331	0.165031	0.208626
1127	0.560271	0.162238	0.207473
1128	0.560529	0.164193	0.208303
1129	0.560464	0.163611	0.209446
1130	0.558643	0.164769	0.206839
1131	0.556407	0.163753	0.205895
1132	0.559463	0.164994	0.210664
1133	0.556208	0.164319	0.207665
1134	0.553732	0.165026	0.206919
1135	0.554721	0.162914	0.207463
1136	0.553893	0.162495	0.209206
1137	0.554644	0.163792	0.207892
1138	0.547243	0.165149	0.209169
1139	0.548305	0.167747	0.206334
1140	0.546642	0.164506	0.210132
1141	0.548393	0.16517	0.207598
1142	0.546983	0.163715	0.206017
1143	0.546683	0.164122	0.20564
1144	0.548632	0.164444	0.209154
1145	0.543324	0.166803	0.209242
1146	0.544681	0.166464	0.208016
1147	0.541322	0.165961	0.206257
1148	0.543646	0.164862	0.203518
1149	0.537413	0.167912	0.205339
1150	0.542229	0.165265	0.204515
1151	0.537798	0.164849	0.203706
1152	0.534293	0.168094	0.20194
1153	0.532845	0.168696	0.205499
1154	0.53406	0.166656	0.203388
1155	0.534378	0.167066	0.207253
1156	0.531675	0.168346	0.20584
1157	0.531618	0.166164	0.205341
1158	0.531227	0.167435	0.20595
1159	0.525454	0.16913	0.204972
1160	0.528436	0.168494	0.205864
1161	0.525628	0.167776	0.206074
1162	0.526703	0.168318	0.207466
1163	0.525179	0.166723	0.205256
1164	0.522442	0.168824	0.205611
1165	0.524549	0.166952	0.204548
1166	0.520248	0.168635	0.206099
1167	0.520515	0.168861	0.203784
1168	0.517476	0.170087	0.206548
1169	0.518597	0.169265	0.20236
1170	0.516842	0.167694	0.204396
1171	0.513341	0.1704	0.207746
1172	0.512143	0.168744	0.20649
1173	0.513393	0.170252	0.20361
1174	0.51405	0.167211	0.203336
1175	0.512214	0.170491	0.203815
1176	0.510328	0.170807	0.204256
1177	0.510307	0.168917	0.205513
1178	0.504993	0.169655	0.203909
1179	0.507561	0.169554	0.203914
1180	0.505432	0.170194	0.201695
1181	0.505635	0.169224	0.200682
1182	0.502072	0.172785	0.202037
1183	0.502664	0.17133	0.201735
1184	0.50485	0.16828	0.199012
1185	0.50093	0.170258	0.203746
1186	0.501304	0.171926	0.20076
1187	0.501943	0.171162	0.202005
1188	0.499387	0.170031	0.19779
1189	0.497947	0.169703	0.1973
1190	0.495722	0.172386	0.199056
1191	0.496512	0.170045	0.19938
1192	0.495949	0.171077	0.198026
1193	0.495431	0.169683	0.19921
1194	0.49293	0.17248	0.198182
1195	0.491309	0.170193	0.202177
1196	0.489988	0.171717	0.200604
1197	0.491318	0.171367	0.198866
1198	0.485038	0.173208	0.195903
1199	0.486961	0.173869	0.197963
1200	0.482779	0.172313	0.194784
1201	0.48318	0.170317	0.19695
1202	0.483813	0.171017	0.195771
1203	0.481265	0.171709	0.196359
1204	0.480783	0.174355	0.199216
1205	0.480157	0.172829	0.201435
1206	0.478832	0.171885	0.199282
1207	0.479119	0.172363	0.197251
1208	0.475586	0.171914	0.199287
1209	0.472663	0.172418	0.199412
1210	0.476188	0.171061	0.199992
1211	0.479368	0.17363	0.198636
1212	0.475947	0.173794	0.19734
1213	0.472943	0.171829	0.197955
1214	0.474618	0.172119	0.196351
1215	0.47685	0.17129	0.196491
1216	0.868111	0.0767922	0.19301
1217	0.985105	0.0139993	0.290504
1218	0.988269	0.0109804	0.233356
1219	0.990418	0.00893498	0.188518
1220	0.992007	0.00741857	0.153803
1221	0.993216	0.0062701	0.125974
1222	0.99415	0.00538286	0.104558
1223	0.994886	0.00468965	0.087379
1224	0.995476	0.00413652	0.0738563
1225	0.995956	0.00368698	0.0632027
1226	0.996353	0.00331455	0.054882
1227	0.996686	0.00300353	0.0480752
1228	0.996968	0.00274127	0.042377
1229	0.99721	0.00251774	0.0375636
1230	0.99742	0.00232446	0.0335526
1231	0.997603	0.00215477	0.0302788
1232	0.997763	0.00200628	0.0274338
1233	0.997906	0.00187439	0.0250345
1234	0.998033	0.00175668	0.022981
1235	0.998147	0.00165281	0.0210723
1236	0.998249	0.00155822	0.0194846
1237	0.998342	0.00147299	0.0180553
1238	0.998426	0.00139597	0.0167688
1239	0.998503	0.00132598	0.0156063
1240	0.998574	0.00126151	0.0145949
1241	0.998638	0.00120157	0.0137341
1242	0.998698	0.00114769	0.0128764
1243	0.998753	0.0010977	0.0121125
1244	0.998804	0.00105147	0.0114157
1245	0.998852	0.00100895	0.0107582
1246	0.998896	0.000969002	0.0101778
1247	0.998938	0.000931843	0.00964096
1248	0.998976	0.000897465	0.0091296
1249	0.999012	0.000864674	0.00868878
1250	0.999047	0.000833823	0.00828494
1251	0.999079	0.000804899	0.00790722
1252	0.999109	0.000777794	0.00755111
1253	0.999137	0.000752384	0.00721278
1254	0.999164	0.000728414	0.00689701
1255	0.99919	0.0007055	0.00661311
1256	0.999214	0.000684114	0.00633434
1257	0.999237	0.000663724	0.00607808
1258	0.999258	0.000644454	0.00583409
1259	0.999279	0.000626001	0.00561087
1260	0.999299	0.000608556	0.00539601
1261	0.999318	0.000591662	0.00520479
1262	0.999336	0.000575503	0.00502674
1263	0.999353	0.000560085	0.00485809
1264	0.999369	0.000545632	0.004688
1265	0.999385	0.000531648	0.00453291
1266	0.9994	0.000518278	0.00438567
1267	0.999414	0.000505637	0.00424002
1268	0.999428	0.000493436	0.00410489
1269	0.999441	0.000481723	0.00397626
1270	0.999454	0.00047053	0.00385271
1271	0.999466	0.000459749	0.00373591
1272	0.999478	0.000449465	0.00362158
1273	0.999489	0.000439435	0.00351703
1274	0.9995	0.000429646	0.00341508
1275	0.999511	0.00042034	0.00332034
1276	0.999521	0.000411379	0.0032288
1277	0.999531	0.000402552	0.00314247
1278	0.999541	0.000394297	0.00305679
1279	0.99955	0.000386185	0.00297914
1280	0.999559	0.000378412	0.00290235
1281	0.999567	0.000371007	0.00282418
1282	0.999575	0.000363712	0.00275476
1283	0.999583	0.000356679	0.00268731
1284	0.999591	0.000349936	0.00262039
1285	0.999599	0.00034329	0.00255986
1286	0.999606	0.000336848	0.00250146
1287	0.999613	0.000330667	0.00244333
1288	0.99962	0.000324672	0.0023849
1289	0.999626	0.000318839	0.00233144
1290	0.999633	0.000313226	0.00227868
1291	0.999639	0.000307838	0.0022261
1292	0.999645	0.000302465	0.0021796
1293	0.999651	0.000297345	0.00213099
1294	0.999657	0.000292343	0.00208553
1295	0.999663	0.00028757	0.00203904
1296	0.999668	0.000282865	0.00199603
1297	0.999673	0.000278194	0.00195489
1298	0.999678	0.000273654	0.00191642
1299	0.999684	0.000269192	0.00187803
1300	0.999688	0.00026508	0.00183745
