600	0.0132257	0.171503	0.0130922
601	0.0133336	0.171639	0.0132053
602	0.0132446	0.170842	0.0131135
603	0.0132809	0.170828	0.0131447
604	0.0133368	0.17177	0.0132
605	0.013207	0.168306	0.0130738
606	0.0133489	0.169596	0.0132082
607	0.013479	0.171292	0.013338
608	0.0133999	0.170461	0.0132517
609	0.013522	0.170137	0.0133741
610	0.0135597	0.169434	0.0134165
611	0.0136198	0.170033	0.0134749
612	0.0135483	0.168432	0.0133998
613	0.0136072	0.168888	0.0134557
614	0.0135564	0.167307	0.013406
615	0.0137212	0.168398	0.0135711
616	0.013686	0.168139	0.0135342
617	0.0137295	0.169879	0.013578
618	0.0136736	0.167602	0.0135225
619	0.0137095	0.167579	0.013559
620	0.0137299	0.166212	0.0135797
621	0.0138687	0.16784	0.0137115
622	0.0140427	0.169212	0.0138881
623	0.0139991	0.168535	0.0138451
624	0.0140844	0.169574	0.0139255
625	0.0141409	0.169773	0.0139808
626	0.0140549	0.167438	0.0138969
627	0.0141824	0.168689	0.0140172
628	0.0142401	0.168775	0.0140734
629	0.014518	0.170915	0.0143525
630	0.0143239	0.166952	0.0141592
631	0.0145241	0.169663	0.0143536
632	0.0145142	0.16891	0.0143391
633	0.0145642	0.1671	0.014396
634	0.0148018	0.170545	0.0146184
635	0.0148348	0.170196	0.0146515
636	0.0149024	0.169507	0.014723
637	0.0149553	0.170323	0.0147688
638	0.0149989	0.170847	0.0148036
639	0.0151925	0.171945	0.0150027
640	0.0148978	0.167559	0.0147127
641	0.0152058	0.171011	0.0150147
642	0.0151671	0.170694	0.0149711
643	0.0151819	0.167791	0.0149914
644	0.0153556	0.168925	0.0151701
645	0.0153788	0.170373	0.0151813
646	0.0155267	0.171611	0.0153238
647	0.0154994	0.171001	0.0152966
648	0.0156581	0.171018	0.0154603
649	0.015568	0.168153	0.0153665
650	0.015665	0.168976	0.0154609
651	0.0156394	0.167316	0.0154405
652	0.0158653	0.170012	0.0156594
653	0.0158631	0.169166	0.0156576
654	0.0158596	0.167702	0.015657
655	0.0161126	0.170609	0.0159051
656	0.0161585	0.170362	0.0159515
657	0.0163389	0.17203	0.0161214
658	0.0161725	0.167927	0.015961
659	0.0162863	0.169103	0.0160679
660	0.0163049	0.168593	0.016087
661	0.0162357	0.16698	0.0160208
662	0.0166195	0.167838	0.0164103
663	0.0166504	0.16776	0.01643
664	0.0166623	0.167416	0.0164447
665	0.0168643	0.167637	0.0166471
666	0.0167301	0.166378	0.0165109
667	0.0167706	0.165087	0.0165643
668	0.0170131	0.169002	0.016788
669	0.0173185	0.169862	0.0171047
670	0.0171879	0.16802	0.0169642
671	0.0170986	0.165996	0.0168785
672	0.0173837	0.168418	0.0171495
673	0.0174734	0.166781	0.0172473
674	0.0175007	0.167169	0.017257
675	0.0178074	0.168853	0.0175651
676	0.017676	0.166561	0.017437
677	0.0177539	0.166079	0.0175147
678	0.018077	0.168909	0.0178273
679	0.0181001	0.167504	0.0178477
680	0.0180255	0.16681	0.0177653
681	0.0183376	0.168898	0.018081
682	0.0183986	0.168558	0.018133
683	0.0184964	0.167586	0.0182373
684	0.0187245	0.16893	0.0184555
685	0.0187116	0.167616	0.0184444
686	0.0190562	0.168474	0.0187837
687	0.019078	0.168052	0.0187952
688	0.0192041	0.168074	0.018918
689	0.0192975	0.167048	0.0190142
690	0.0195122	0.167948	0.0192256
691	0.0195394	0.16832	0.0192409
692	0.0198766	0.168873	0.0195774
693	0.0200843	0.170707	0.0197802
694	0.0199446	0.165374	0.0196578
695	0.0204387	0.170433	0.0201245
696	0.0205568	0.170407	0.0202388
697	0.02036	0.16734	0.0200523
698	0.0210919	0.171601	0.0207691
699	0.020938	0.167767	0.0206172
700	0.0210299	0.169251	0.0207093
701	0.0209756	0.167686	0.020652
702	0.0213557	0.169006	0.0210317
703	0.0212169	0.166907	0.0208877
704	0.0215249	0.168101	0.0211816
705	0.0217521	0.169405	0.0214
706	0.0217823	0.168173	0.0214369
707	0.0219915	0.169872	0.0216286
708	0.0220483	0.168204	0.0216983
709	0.0225739	0.173043	0.0222241
710	0.0223057	0.170212	0.0219482
711	0.0222711	0.169204	0.0219205
712	0.0224355	0.169865	0.0220674
713	0.0227591	0.171613	0.0223847
714	0.0228631	0.1709	0.0224984
715	0.0230743	0.171276	0.0227068
716	0.0232931	0.172064	0.0229072
717	0.0232473	0.171504	0.0228609
718	0.0233087	0.169355	0.0229254
719	0.023666	0.170709	0.0232739
720	0.0235502	0.169973	0.0231484
721	0.0241137	0.171261	0.0237041
722	0.0243276	0.171834	0.0239191
723	0.024476	0.173659	0.0240433
724	0.0248509	0.174114	0.024406
725	0.0246963	0.171599	0.0242535
726	0.0249129	0.173268	0.0244545
727	0.0251828	0.1737	0.0247296
728	0.0253758	0.174887	0.0249136
729	0.0252889	0.172909	0.0248355
730	0.0258169	0.174082	0.0253592
731	0.0259026	0.175687	0.02542
732	0.0260403	0.176511	0.0255395
733	0.0263313	0.176838	0.0258201
734	0.0266083	0.176998	0.026096
735	0.0265992	0.175669	0.0260726
736	0.0269216	0.175191	0.0264021
737	0.0271748	0.177082	0.0266466
738	0.0273849	0.178112	0.0268263
739	0.0273069	0.174095	0.0267764
740	0.0278195	0.177202	0.0272697
741	0.0282056	0.178159	0.0276317
742	0.0283208	0.178282	0.0277382
743	0.0285536	0.178785	0.0279437
744	0.0283127	0.175779	0.027714
745	0.0292191	0.180463	0.0285904
746	0.0289736	0.177534	0.028356
747	0.029525	0.178922	0.028889
748	0.0300134	0.178425	0.0293772
749	0.0302517	0.178809	0.0296024
750	0.0305737	0.180716	0.0298778
751	0.0303131	0.175936	0.0296305
752	0.0310724	0.179515	0.0303868
753	0.0316056	0.18247	0.0308894
754	0.0318612	0.181689	0.0311376
755	0.031936	0.181186	0.0311862
756	0.0322782	0.181052	0.0315319
757	0.0326462	0.180583	0.0318804
758	0.0327544	0.180169	0.0319864
759	0.0330244	0.180906	0.0322453
760	0.0331371	0.180455	0.0323562
761	0.0337655	0.183161	0.0329792
762	0.0337923	0.181591	0.0329945
763	0.0341461	0.181294	0.0333265
764	0.0343667	0.181607	0.0335504
765	0.0347438	0.183234	0.0338775
766	0.0351659	0.183895	0.0342919
767	0.0355817	0.184182	0.0347055
768	0.0359943	0.185893	0.0350626
769	0.0361242	0.18605	0.0351535
770	0.036627	0.18536	0.0356392
771	0.0370709	0.187067	0.0360762
772	0.037188	0.185028	0.0362392
773	0.0375118	0.186945	0.036524
774	0.037712	0.185428	0.0366784
775	0.0383859	0.186859	0.0373403
776	0.0388479	0.186932	0.0377857
777	0.0393405	0.1876	0.0382622
778	0.0398105	0.187259	0.0387275
779	0.04002	0.187574	0.0388958
780	0.0405927	0.189251	0.0393668
781	0.041277	0.191314	0.0400743
782	0.0413403	0.189404	0.0401409
783	0.0418808	0.191205	0.0406287
784	0.0426917	0.192503	0.0413692
785	0.0431644	0.192106	0.0418261
786	0.0437141	0.191485	0.0423934
787	0.0440975	0.191704	0.0427554
788	0.0443529	0.192802	0.0429097
789	0.0453989	0.194795	0.0439698
790	0.0459982	0.196129	0.0444837
791	0.0461564	0.194224	0.0446261
792	0.0467398	0.192758	0.0452049
793	0.0472348	0.19339	0.0456999
794	0.0477906	0.193423	0.0462298
795	0.0481497	0.192652	0.0465582
796	0.049363	0.196344	0.0476789
797	0.049768	0.197486	0.0479982
798	0.0501991	0.195981	0.0483997
799	0.050829	0.196604	0.048992
800	0.0521836	0.198975	0.0502883
801	0.0518648	0.194736	0.0499485
802	0.053205	0.19839	0.0511985
803	0.0534933	0.197777	0.0514292
804	0.0538898	0.194955	0.0518999
805	0.0550973	0.197727	0.0529755
806	0.0564363	0.198801	0.0543553
807	0.0569305	0.199291	0.0547066
808	0.058189	0.201513	0.055804
809	0.0591107	0.20083	0.0567407
810	0.0599939	0.200201	0.0575807
811	0.0603639	0.199315	0.0578651
812	0.0611716	0.198901	0.0586831
813	0.0625216	0.201511	0.059932
814	0.0630582	0.200706	0.0604095
815	0.0648473	0.203542	0.0621549
816	0.0650535	0.201656	0.0622699
817	0.0662075	0.204269	0.0632416
818	0.0668443	0.203077	0.0638699
819	0.0681633	0.205489	0.065101
820	0.0694785	0.206674	0.0663825
821	0.070461	0.207653	0.0671648
822	0.0712924	0.205224	0.0679737
823	0.0724675	0.205747	0.0690583
824	0.0736097	0.207155	0.070091
825	0.0743864	0.205343	0.0707464
826	0.0758665	0.209551	0.0720443
827	0.0771926	0.209814	0.0733667
828	0.0787526	0.210127	0.0748324
829	0.0793484	0.207304	0.0753736
830	0.080678	0.209257	0.0765398
831	0.0810136	0.20766	0.0766341
832	0.0832885	0.211906	0.0787124
833	0.0838979	0.20887	0.0794186
834	0.0857673	0.209476	0.0811552
835	0.087931	0.212501	0.0830263
836	0.0890212	0.211013	0.0840125
837	0.0905917	0.212939	0.0853604
838	0.0915611	0.2103	0.0863244
839	0.093126	0.213038	0.087649
840	0.0952025	0.213408	0.0895691
841	0.0971667	0.214082	0.0914151
842	0.098056	0.212359	0.0920661
843	0.0994025	0.211319	0.0931226
844	0.101515	0.212306	0.094891
845	0.10421	0.213125	0.097423
846	0.105545	0.213294	0.0986325
847	0.107822	0.216072	0.100459
848	0.109387	0.214683	0.101947
849	0.110941	0.214675	0.103147
850	0.113151	0.215421	0.105263
851	0.11524	0.216558	0.10695
852	0.117394	0.215297	0.108986
853	0.119049	0.216314	0.11032
854	0.121888	0.21789	0.112538
855	0.123174	0.214675	0.113788
856	0.125864	0.217259	0.11609
857	0.128128	0.217992	0.117778
858	0.130013	0.215872	0.119429
859	0.131569	0.215846	0.120403
860	0.135089	0.217695	0.123546
861	0.137062	0.217456	0.124987
862	0.139631	0.217338	0.127111
863	0.141725	0.216052	0.128579
864	0.145679	0.216748	0.131806
865	0.148703	0.217607	0.133952
866	0.151599	0.217939	0.136255
867	0.154505	0.215623	0.138733
868	0.156803	0.217794	0.139863
869	0.160413	0.215678	0.143045
870	0.163256	0.215442	0.145033
871	0.166675	0.215103	0.147643
872	0.169029	0.214019	0.149557
873	0.173193	0.213678	0.152965
874	0.177153	0.215342	0.155605
875	0.180275	0.212964	0.158231
876	0.182637	0.213982	0.159359
877	0.186645	0.213076	0.162595
878	0.189603	0.211796	0.164448
879	0.193875	0.213328	0.167184
880	0.198751	0.211619	0.170836
881	0.202011	0.210681	0.172197
882	0.206878	0.211489	0.176152
883	0.210161	0.210139	0.177481
884	0.213223	0.209512	0.178807
885	0.218659	0.20962	0.182284
886	0.223291	0.208638	0.185994
887	0.228532	0.207084	0.187994
888	0.232492	0.207682	0.190423
889	0.23663	0.206919	0.192364
890	0.241303	0.206547	0.19402
891	0.24734	0.203398	0.197669
892	0.251094	0.202345	0.198685
893	0.258011	0.201165	0.202643
894	0.26147	0.199322	0.203535
895	0.269859	0.198781	0.206977
896	0.273527	0.197794	0.205579
897	0.280345	0.196618	0.208276
898	0.286919	0.191152	0.211755
899	0.292651	0.191343	0.211167
900	0.301482	0.188618	0.215353
901	0.309514	0.186582	0.216139
902	0.312193	0.186139	0.212709
903	0.319618	0.183773	0.21362
904	0.327005	0.182541	0.212608
905	0.333255	0.181051	0.211635
906	0.340956	0.174351	0.211782
907	0.350278	0.1754	0.211
908	0.357754	0.172652	0.20678
909	0.366188	0.172771	0.205292
910	0.374027	0.166996	0.203859
911	0.381784	0.164829	0.199823
912	0.391382	0.162254	0.192877
913	0.404302	0.160431	0.188459
914	0.408151	0.1582	0.178674
915	0.41912	0.155131	0.175379
916	0.425913	0.151512	0.170912
917	0.432921	0.148336	0.166708
918	0.436993	0.150759	0.168186
919	0.443581	0.148714	0.169369
920	0.448597	0.15035	0.166483
921	0.451736	0.150068	0.168479
922	0.454652	0.151141	0.169962
923	0.455359	0.148035	0.170423
924	0.46354	0.148121	0.172912
925	0.460248	0.148205	0.172345
926	0.465439	0.150007	0.172471
927	0.471681	0.149301	0.17256
928	0.473016	0.148654	0.174722
929	0.472264	0.14887	0.173089
930	0.467421	0.149745	0.17415
931	0.484188	0.147815	0.176668
932	0.485052	0.150728	0.178915
933	0.484008	0.150865	0.177116
934	0.483382	0.149195	0.174167
935	0.482739	0.147488	0.175986
936	0.480016	0.150562	0.178304
937	0.479028	0.151263	0.179312
938	0.495862	0.150138	0.176152
939	0.498219	0.149026	0.180042
940	0.501022	0.149236	0.179729
941	0.498921	0.150853	0.177398
942	0.500218	0.149518	0.178802
943	0.499198	0.150601	0.180637
944	0.494852	0.151295	0.175847
945	0.494121	0.149602	0.176963
946	0.493868	0.151013	0.179192
947	0.490263	0.151509	0.180716
948	0.491806	0.14845	0.176644
949	0.492229	0.150138	0.179453
950	0.516241	0.149818	0.184886
951	0.529041	0.149343	0.184873
952	0.522993	0.148888	0.184304
953	0.521328	0.150952	0.185181
954	0.522692	0.149586	0.185064
955	0.52175	0.151213	0.180466
956	0.520912	0.151304	0.180828
957	0.5203	0.14907	0.180906
958	0.516323	0.150638	0.182041
959	0.517999	0.150735	0.183043
960	0.517569	0.150287	0.183393
960	0.517569	0.150287	0.183393
961	0.512486	0.151756	0.182807
962	0.513185	0.15092	0.182779
963	0.510091	0.152441	0.182302
964	0.511284	0.150235	0.182748
965	0.508398	0.152879	0.182558
966	0.507228	0.150793	0.181483
967	0.506214	0.150603	0.182912
968	0.500961	0.150708	0.18399
969	0.502072	0.153178	0.181359
970	0.502252	0.150022	0.18238
971	0.499125	0.151983	0.180576
972	0.500931	0.15403	0.18357
973	0.558055	0.150514	0.1933
974	0.563137	0.150416	0.191896
975	0.561246	0.151465	0.195338
976	0.561791	0.150578	0.193381
977	0.559325	0.150678	0.191643
978	0.561167	0.150346	0.190416
979	0.560318	0.150406	0.190048
980	0.558168	0.151516	0.191178
981	0.555403	0.152392	0.19255
982	0.555967	0.151642	0.193759
983	0.553935	0.150364	0.192158
984	0.551378	0.152938	0.193929
985	0.55085	0.152396	0.192618
986	0.548244	0.152369	0.192993
987	0.548037	0.151438	0.194034
988	0.547675	0.152935	0.19291
989	0.54628	0.152632	0.194187
990	0.540639	0.153753	0.19429
991	0.540584	0.153677	0.194461
992	0.538478	0.153936	0.192231
993	0.540316	0.151662	0.191395
994	0.540096	0.153612	0.192207
995	0.538022	0.155756	0.193382
996	0.535607	0.154122	0.190839
997	0.53768	0.153557	0.191291
998	0.535047	0.152718	0.193231
999	0.528769	0.156593	0.192053
1000	0.531833	0.154227	0.191893
1001	0.532249	0.154098	0.189447
1002	0.528791	0.153767	0.189756
1003	0.527705	0.15347	0.193419
1004	0.526321	0.153511	0.190881
1005	0.524548	0.153653	0.187569
1006	0.526095	0.155084	0.191362
1007	0.522894	0.154047	0.187209
1008	0.52319	0.155176	0.188769
1009	0.520173	0.154454	0.192066
1010	0.522303	0.155246	0.187652
1011	0.518541	0.154748	0.191205
1012	0.519063	0.156533	0.188028
1013	0.517763	0.155803	0.18966
1014	0.513209	0.154639	0.188761
1015	0.515369	0.155756	0.189956
1016	0.51158	0.155319	0.18818
1017	0.515211	0.154889	0.189183
1018	0.51317	0.155687	0.189054
1019	0.511209	0.156152	0.186968
1020	0.508269	0.155101	0.187675
1021	0.505983	0.157787	0.188453
1022	0.501158	0.156292	0.188138
1023	0.500794	0.157772	0.188027
1024	0.500879	0.156347	0.185971
1025	0.502169	0.155976	0.188983
1026	0.607525	0.151183	0.205854
1027	0.642578	0.147691	0.212987
1028	0.640892	0.148966	0.21334
1029	0.636619	0.149556	0.211137
1030	0.638099	0.148141	0.212495
1031	0.640272	0.14895	0.211425
1032	0.63849	0.149351	0.206696
1033	0.636912	0.150514	0.213262
1034	0.636348	0.150498	0.211567
1035	0.634235	0.149468	0.210908
1036	0.63241	0.150652	0.214291
1037	0.632026	0.150059	0.210701
1038	0.629652	0.150054	0.211078
1039	0.629302	0.152346	0.214508
1040	0.627537	0.152566	0.213664
1041	0.626371	0.152759	0.215305
1042	0.628169	0.151859	0.212421
1043	0.626475	0.150883	0.21062
1044	0.6238	0.151629	0.208639
1045	0.627458	0.149314	0.210151
1046	0.62331	0.153011	0.209654
1047	0.622077	0.153209	0.212922
1048	0.618946	0.152602	0.21155
1049	0.620484	0.151078	0.209992
1050	0.618688	0.153292	0.213435
1051	0.619166	0.15159	0.211584
1052	0.620666	0.151034	0.208112
1053	0.617331	0.152117	0.211256
1054	0.614468	0.15391	0.20897
1055	0.611737	0.153319	0.208779
1056	0.612998	0.153835	0.212206
1057	0.612268	0.152172	0.206603
1058	0.611582	0.153939	0.205221
1059	0.610826	0.154146	0.206616
1060	0.610398	0.153627	0.204293
1061	0.610825	0.153424	0.209778
1062	0.606248	0.154825	0.208026
1063	0.609007	0.154832	0.209619
1064	0.605674	0.154656	0.203656
1065	0.601476	0.155345	0.207839
1066	0.603064	0.156483	0.210076
1067	0.6029	0.155282	0.212322
1068	0.602487	0.153797	0.212181
1069	0.602069	0.155553	0.209858
1070	0.596406	0.157129	0.2133
1071	0.596461	0.158301	0.211838
1072	0.592827	0.159254	0.215017
1073	0.588464	0.160737	0.214
1074	0.590241	0.159519	0.212051
1075	0.592883	0.156429	0.207188
1076	0.594753	0.157638	0.212685
1077	0.589426	0.15906	0.211431
1078	0.587503	0.160752	0.209399
1079	0.586904	0.15997	0.21066
1080	0.58557	0.15977	0.210034
1081	0.585792	0.159676	0.209978
1082	0.587062	0.158093	0.207206
1083	0.583714	0.158476	0.207148
1084	0.583041	0.158513	0.205051
1085	0.581771	0.157997	0.208167
1086	0.583055	0.161124	0.206891
1087	0.581837	0.156237	0.203715
1088	0.578582	0.159579	0.20721
1089	0.57826	0.159746	0.208436
1090	0.576714	0.160271	0.206125
1091	0.576619	0.160074	0.206361
1092	0.578383	0.157255	0.204853
1093	0.576509	0.15967	0.206361
1094	0.571264	0.162066	0.205635
1095	0.572737	0.161035	0.206312
1096	0.572507	0.157878	0.206397
1097	0.568312	0.160182	0.206647
1098	0.569104	0.161518	0.209222
1099	0.567678	0.160353	0.207034
1100	0.565901	0.161294	0.206953
1101	0.566635	0.160334	0.20823
1102	0.561921	0.164365	0.206774
1103	0.563209	0.16347	0.207424
1104	0.560139	0.161082	0.205974
1105	0.560488	0.162967	0.206936
1106	0.560459	0.162558	0.207534
1107	0.558432	0.164028	0.204811
1108	0.556152	0.163282	0.202951
1109	0.559425	0.162596	0.208574
1110	0.555525	0.163912	0.206221
1111	0.553813	0.163944	0.205119
1112	0.554289	0.161421	0.205923
1113	0.55425	0.162184	0.20737
1114	0.553336	0.162273	0.206562
1115	0.546684	0.164547	0.207575
1116	0.547107	0.164838	0.207931
1117	0.547887	0.165095	0.207343
1118	0.548106	0.161284	0.205507
1119	0.546768	0.163674	0.203342
1120	0.546088	0.163164	0.203209
1121	0.546984	0.166082	0.206995
1122	0.54396	0.167129	0.206465
1123	0.542688	0.164689	0.204147
1124	0.542808	0.164866	0.203111
1125	0.541432	0.16387	0.205373
1126	0.539138	0.164615	0.204757
1127	0.540867	0.164738	0.20295
1128	0.534335	0.164035	0.200875
1129	0.53479	0.166169	0.202758
1130	0.532221	0.165906	0.202864
1131	0.533727	0.167356	0.204391
1132	0.533677	0.165609	0.205273
1133	0.5316	0.167652	0.201995
1134	0.53183	0.16284	0.201858
1135	0.525744	0.166679	0.204076
1136	0.528186	0.165893	0.205494
1137	0.525366	0.169288	0.204648
1138	0.526043	0.166312	0.205818
1139	0.526783	0.166953	0.203993
1140	0.521283	0.168076	0.202917
1141	0.524792	0.164778	0.201932
1142	0.520413	0.167676	0.205847
1143	0.520378	0.167046	0.201853
1144	0.517848	0.168651	0.203731
1145	0.518584	0.167784	0.201214
1146	0.517184	0.168378	0.202563
1147	0.513092	0.169257	0.20474
1148	0.512214	0.167841	0.20481
1149	0.51334	0.168832	0.203072
1150	0.513884	0.165685	0.20168
1151	0.512072	0.1689	0.202599
1152	0.510066	0.16937	0.20274
1153	0.50999	0.1677	0.203541
1154	0.504711	0.167928	0.202343
1155	0.507489	0.168141	0.202416
1156	0.505465	0.168224	0.199437
1157	0.50524	0.167283	0.199158
1158	0.501619	0.170635	0.200834
1159	0.501937	0.170345	0.198652
1160	0.50448	0.165798	0.198632
1161	0.500891	0.168691	0.200884
1162	0.500207	0.170405	0.201484
1163	0.501146	0.169931	0.201265
1164	0.499333	0.168309	0.198001
1165	0.496431	0.168981	0.195566
1166	0.49562	0.170309	0.197054
1167	0.49482	0.168548	0.197525
1168	0.496417	0.167808	0.196847
1169	0.493249	0.168827	0.196462
1170	0.490903	0.169783	0.198631
1171	0.49001	0.168916	0.200415
1172	0.491107	0.171366	0.199187
1173	0.486213	0.171775	0.196429
1174	0.485971	0.170506	0.195369
1175	0.484834	0.171128	0.196484
1176	0.479929	0.171274	0.192732
1177	0.484775	0.17179	0.194513
1178	0.48165	0.171082	0.194502
1179	0.480801	0.171645	0.194929
1180	0.47898	0.171869	0.199196
1181	0.477041	0.171802	0.197291
1182	0.478895	0.170703	0.195344
1183	0.476205	0.170705	0.195668
1184	0.470234	0.171248	0.197312
1185	0.47114	0.171785	0.197279
1186	0.477565	0.17097	0.199081
1187	0.473231	0.171037	0.197084
1188	0.468688	0.171214	0.197814
1189	0.469244	0.173144	0.196126
1190	0.466511	0.172239	0.197677
1191	0.466064	0.171154	0.195285
1192	0.464164	0.171946	0.194702
1193	0.465768	0.169434	0.193615
1194	0.463467	0.170839	0.195741
1195	0.463702	0.1759	0.195632
1196	0.462449	0.171458	0.194464
1197	0.462053	0.171843	0.193118
1198	0.459548	0.172133	0.194257
1199	0.459275	0.171751	0.19487
1200	0.462359	0.17336	0.1952
1201	0.456133	0.172473	0.191507
1202	0.455982	0.171853	0.194467
1203	0.455806	0.173257	0.194341
1204	0.455075	0.171179	0.193572
1205	0.455869	0.170685	0.191605
1206	0.453847	0.170624	0.190089
1207	0.455241	0.17365	0.191337
1208	0.450719	0.170953	0.191067
1209	0.451117	0.171674	0.190008
1210	0.452585	0.172848	0.192493
1211	0.447131	0.172673	0.192803
1212	0.446529	0.173125	0.189106
1213	0.446978	0.170957	0.190014
1214	0.44718	0.170576	0.186406
1215	0.450575	0.168477	0.185145
1216	0.863317	0.0773769	0.178772
1217	0.985746	0.0133254	0.264657
1218	0.988596	0.0106182	0.213349
1219	0.990624	0.00868413	0.17336
1220	0.992125	0.00726226	0.141545
1221	0.993264	0.00618295	0.117219
1222	0.994149	0.00534972	0.09778
1223	0.994851	0.00469291	0.0823081
1224	0.995417	0.0041618	0.0704178
1225	0.995881	0.0037278	0.0608363
1226	0.996268	0.00337004	0.0528014
1227	0.996594	0.00306762	0.0464003
1228	0.996872	0.002811	0.0410357
1229	0.997111	0.00259024	0.036568
1230	0.99732	0.00239769	0.0328834
1231	0.997503	0.00222896	0.0297638
1232	0.997664	0.00208057	0.0270538
1233	0.997808	0.00194924	0.0246841
1234	0.997936	0.00183143	0.022661
1235	0.998052	0.00172485	0.0209439
1236	0.998156	0.00162994	0.0193439
1237	0.998251	0.00154399	0.0179224
1238	0.998337	0.00146522	0.0166912
1239	0.998416	0.00139356	0.0155706
1240	0.998489	0.00132807	0.0145517
1241	0.998556	0.00126628	0.0137203
1242	0.998618	0.00121035	0.0129064
1243	0.998675	0.00115858	0.0121683
1244	0.998728	0.0011108	0.0114828
1245	0.998778	0.00106615	0.0108677
1246	0.998824	0.00102431	0.0103145
1247	0.998867	0.000985663	0.00978341
1248	0.998908	0.000949274	0.00929533
1249	0.998946	0.000915202	0.0088517
1250	0.998982	0.000883325	0.00843494
1251	0.999015	0.000852631	0.00807317
1252	0.999047	0.000824373	0.00771313
1253	0.999077	0.000797621	0.00738135
1254	0.999106	0.000772005	0.00708493
1255	0.999133	0.000748459	0.00677812
1256	0.999158	0.000726038	0.00649638
1257	0.999182	0.000704382	0.00624757
1258	0.999205	0.000683946	0.0060083
1259	0.999227	0.000664638	0.00577801
1260	0.999248	0.000646384	0.00555633
1261	0.999268	0.000628718	0.0053574
1262	0.999287	0.00061218	0.00515671
1263	0.999306	0.000596319	0.00497103
1264	0.999323	0.00058109	0.00479777
1265	0.99934	0.000566532	0.00463349
1266	0.999356	0.00055243	0.00448344
1267	0.999371	0.000538979	0.00433853
1268	0.999386	0.000525954	0.00420496
1269	0.9994	0.000513466	0.00407768
1270	0.999414	0.000501613	0.00395123
1271	0.999427	0.000490095	0.0038331
1272	0.999439	0.000479043	0.00372166
1273	0.999451	0.000468213	0.00361881
1274	0.999463	0.000458102	0.00351323
1275	0.999475	0.000448099	0.00341324
1276	0.999485	0.000438554	0.00332153
1277	0.999496	0.000429408	0.00323038
1278	0.999506	0.000420636	0.00314294
1279	0.999516	0.000412114	0.00305907
1280	0.999525	0.000404033	0.00297561
1281	0.999534	0.000396	0.00290191
1282	0.999543	0.000388199	0.00283177
1283	0.999552	0.000380652	0.00276134
1284	0.99956	0.000373356	0.0026944
1285	0.999568	0.000366377	0.0026299
1286	0.999576	0.000359431	0.00256823
1287	0.999584	0.000352832	0.00250949
1288	0.999591	0.000346477	0.00245163
1289	0.999598	0.000340311	0.00239577
1290	0.999605	0.000334391	0.00234017
1291	0.999612	0.000328583	0.00228811
1292	0.999619	0.000322858	0.00224001
1293	0.999625	0.000317333	0.00219236
1294	0.999631	0.000312017	0.00214523
1295	0.999637	0.000306916	0.00209816
1296	0.999643	0.000301857	0.00205509
1297	0.999649	0.00029695	0.00201286
1298	0.999654	0.000292117	0.0019729
1299	0.99966	0.000287372	0.00193459
1300	0.999665	0.000282912	0.00189475
