600	0.827068	0.143988	0.649272
601	0.826834	0.144108	0.649364
602	0.826599	0.144237	0.649292
603	0.826364	0.144375	0.649056
604	0.826129	0.144522	0.648657
605	0.825894	0.144678	0.648096
606	0.825659	0.144797	0.648186
607	0.825423	0.144944	0.647788
608	0.825188	0.145073	0.647715
609	0.824952	0.14522	0.647317
610	0.824716	0.145385	0.646597
611	0.824481	0.145505	0.646685
612	0.824245	0.145661	0.646128
613	0.824009	0.145799	0.645893
614	0.823772	0.145936	0.645658
615	0.823536	0.146065	0.645584
616	0.8233	0.146193	0.645509
617	0.823063	0.146322	0.645434
618	0.822827	0.14645	0.645359
619	0.82259	0.146606	0.644804
620	0.822353	0.146753	0.644409
621	0.822116	0.1469	0.644015
622	0.821879	0.147019	0.644098
623	0.821642	0.147147	0.644022
624	0.821404	0.147285	0.643787
625	0.821167	0.147432	0.643393
626	0.82093	0.147578	0.643
627	0.820692	0.147697	0.643081
628	0.820454	0.147862	0.642372
629	0.820216	0.148018	0.641823
630	0.819978	0.148146	0.641746
631	0.81974	0.148274	0.641668
632	0.819502	0.148402	0.64159
633	0.819264	0.14854	0.641355
634	0.819026	0.148705	0.640652
635	0.818787	0.148842	0.640418
636	0.818548	0.148979	0.640184
637	0.81831	0.149126	0.639794
638	0.818071	0.149291	0.639095
639	0.817832	0.149429	0.638862
640	0.817593	0.149575	0.638474
641	0.817354	0.149712	0.638241
642	0.817115	0.14984	0.638162
643	0.816875	0.149968	0.638082
644	0.816636	0.150124	0.637542
645	0.816396	0.15027	0.637155
646	0.816156	0.150407	0.636922
647	0.815917	0.150563	0.636384
648	0.815677	0.150729	0.635696
649	0.815437	0.150866	0.635464
650	0.815197	0.151031	0.634778
651	0.814957	0.151187	0.634245
652	0.814716	0.151324	0.634014
653	0.814483	0.151455	0.63375
654	0.814321	0.151499	0.633613
655	0.814247	0.151473	0.632859
656	0.814293	0.151389	0.63134
657	0.814389	0.151169	0.631037
658	0.814407	0.15104	0.630771
659	0.81468	0.150716	0.63032
660	0.814725	0.150572	0.62921
661	0.815091	0.150307	0.629898
662	0.814837	0.150213	0.629558
663	0.815343	0.149846	0.630298
664	0.815388	0.149834	0.628696
665	0.815567	0.149593	0.628829
666	0.815203	0.149698	0.628652
667	0.815839	0.149233	0.62917
668	0.816422	0.148884	0.629517
669	0.816694	0.148613	0.628113
670	0.816502	0.148628	0.624494
671	0.816873	0.147912	0.625777
672	0.817228	0.147886	0.623401
673	0.818026	0.14714	0.624877
674	0.818258	0.146994	0.621558
675	0.818938	0.146506	0.621619
676	0.819598	0.145943	0.623421
677	0.820303	0.145367	0.623603
678	0.820125	0.145419	0.621742
679	0.819277	0.145451	0.6203
680	0.820018	0.145087	0.620053
681	0.820074	0.144847	0.620029
682	0.820964	0.144282	0.621565
683	0.821072	0.144393	0.617996
684	0.82178	0.143529	0.61949
685	0.82207	0.143397	0.6188
686	0.822864	0.142941	0.61884
687	0.822995	0.142753	0.618252
688	0.823595	0.1422	0.620003
689	0.823723	0.142308	0.619816
690	0.824261	0.141718	0.621021
691	0.824643	0.141746	0.619992
692	0.825192	0.141233	0.621653
693	0.824975	0.141379	0.620443
694	0.825516	0.141044	0.619796
695	0.82412	0.141146	0.614293
696	0.824172	0.140893	0.615342
697	0.824553	0.14081	0.616165
698	0.825184	0.14006	0.617735
699	0.824756	0.140443	0.613277
700	0.825527	0.140025	0.615383
701	0.826676	0.139043	0.617434
702	0.826978	0.138912	0.616608
703	0.827183	0.138723	0.615465
704	0.827287	0.138472	0.613612
705	0.828117	0.138012	0.615254
706	0.828712	0.137761	0.616047
707	0.829117	0.137294	0.614345
708	0.829201	0.137222	0.612504
709	0.829395	0.137142	0.61115
710	0.830328	0.136563	0.613461
711	0.83074	0.136386	0.612968
712	0.830765	0.136073	0.613731
713	0.831098	0.135765	0.611675
714	0.831815	0.135339	0.612969
715	0.83245	0.134864	0.613043
716	0.832858	0.134668	0.612979
717	0.833589	0.13402	0.613426
718	0.83377	0.13391	0.610647
719	0.834275	0.133613	0.610641
720	0.835002	0.133177	0.609921
721	0.835826	0.13229	0.611973
722	0.836526	0.13186	0.610348
723	0.836452	0.131919	0.61198
724	0.837076	0.131499	0.610258
725	0.83717	0.131438	0.606676
726	0.838147	0.130549	0.610559
727	0.838749	0.130081	0.608219
728	0.839303	0.12971	0.605801
729	0.840739	0.128619	0.608046
730	0.840824	0.128851	0.600743
731	0.842125	0.127435	0.604933
732	0.842361	0.127316	0.606977
733	0.839028	0.128302	0.595312
734	0.839039	0.127788	0.594527
735	0.839802	0.127447	0.59521
736	0.84062	0.126762	0.595887
737	0.840692	0.126825	0.592265
738	0.840996	0.126386	0.593472
739	0.841404	0.126436	0.590643
740	0.842546	0.125384	0.594741
741	0.84284	0.125236	0.595346
742	0.843329	0.124927	0.594699
743	0.843066	0.12488	0.592895
744	0.84389	0.12441	0.590874
745	0.844332	0.124243	0.591008
746	0.84576	0.12291	0.594201
747	0.845745	0.123097	0.592078
748	0.846597	0.122215	0.593679
749	0.847433	0.1215	0.593918
750	0.848141	0.121166	0.591153
751	0.848104	0.120911	0.58921
752	0.848887	0.120652	0.589417
753	0.849916	0.119393	0.593395
754	0.84995	0.119619	0.587419
755	0.851164	0.11872	0.591003
756	0.851695	0.118434	0.590382
757	0.852656	0.117693	0.589661
758	0.853092	0.117085	0.591808
759	0.853796	0.116788	0.593342
760	0.853819	0.116903	0.586615
761	0.855188	0.115751	0.591831
762	0.854813	0.1162	0.59008
763	0.855663	0.115289	0.591636
764	0.855897	0.115077	0.58949
765	0.856505	0.114756	0.587672
766	0.856614	0.114509	0.58898
767	0.85783	0.113583	0.58832
768	0.85884	0.112974	0.587995
769	0.859312	0.112406	0.587854
770	0.859206	0.112813	0.582178
771	0.860459	0.111677	0.586315
772	0.860891	0.111286	0.586186
773	0.861341	0.111053	0.584498
774	0.862372	0.110132	0.584406
775	0.862582	0.109795	0.582329
776	0.863542	0.109065	0.584659
777	0.864987	0.108073	0.586584
778	0.865198	0.108042	0.585754
779	0.865541	0.107857	0.57877
780	0.866106	0.107131	0.582567
781	0.867245	0.106224	0.580864
782	0.868487	0.105413	0.579273
783	0.869299	0.104546	0.580056
784	0.869319	0.10488	0.573748
785	0.869907	0.104428	0.573623
786	0.870571	0.103809	0.573073
787	0.871646	0.102809	0.575251
788	0.87291	0.101934	0.575988
789	0.872862	0.101868	0.569651
790	0.874539	0.10067	0.572655
791	0.87458	0.100655	0.566359
792	0.874561	0.100709	0.566496
793	0.875486	0.099999	0.566488
794	0.877012	0.0988082	0.56777
795	0.877253	0.0984918	0.566689
796	0.878364	0.0975279	0.56943
797	0.878878	0.0974782	0.565371
798	0.879427	0.0966629	0.567833
799	0.879043	0.0971038	0.562043
800	0.880923	0.0957891	0.567893
801	0.881216	0.0956683	0.563126
802	0.88206	0.0948576	0.568008
803	0.882648	0.0946067	0.560955
804	0.8838	0.0933232	0.563184
805	0.883893	0.093464	0.560456
806	0.884953	0.0925134	0.557428
807	0.885877	0.0919026	0.563447
808	0.886382	0.0914868	0.555766
809	0.887095	0.0907837	0.556051
810	0.888441	0.0895195	0.555519
811	0.888808	0.0892918	0.552958
812	0.889623	0.0887642	0.555009
813	0.89009	0.0885033	0.552548
814	0.8915	0.0873738	0.547799
815	0.891785	0.0870768	0.552228
816	0.892367	0.0867834	0.546788
817	0.893377	0.0858785	0.546259
818	0.894343	0.0849385	0.545713
819	0.894708	0.0849409	0.541045
820	0.896558	0.08328	0.544385
821	0.896545	0.0834531	0.54339
822	0.897183	0.0830739	0.535101
823	0.897239	0.0830728	0.539294
824	0.899394	0.081	0.541295
825	0.899976	0.0806792	0.538003
826	0.900531	0.0803827	0.534475
827	0.900878	0.079892	0.531476
828	0.901273	0.0797412	0.532002
829	0.901509	0.0793788	0.530506
830	0.903328	0.0779826	0.53384
831	0.9042	0.0772764	0.531794
832	0.904278	0.0773353	0.528452
833	0.904905	0.0768616	0.530452
834	0.906055	0.0758839	0.524162
835	0.90648	0.0755899	0.526776
836	0.907306	0.0749535	0.523763
837	0.907676	0.0745209	0.526679
838	0.907531	0.0748297	0.523539
839	0.909502	0.0730835	0.522469
840	0.909971	0.0729624	0.520591
841	0.910873	0.0721425	0.52154
842	0.91141	0.0717455	0.512902
843	0.912458	0.0709226	0.514617
844	0.912765	0.0705822	0.51155
845	0.913528	0.0699937	0.512141
846	0.915104	0.06882	0.509506
847	0.915386	0.0687926	0.508795
848	0.916505	0.0677001	0.506678
849	0.916668	0.067447	0.504457
850	0.917911	0.0665056	0.499737
851	0.918602	0.0660086	0.504386
852	0.919141	0.0655485	0.496428
853	0.920142	0.0647705	0.499465
854	0.921099	0.0641169	0.489138
855	0.921994	0.0634279	0.491909
856	0.922153	0.0631122	0.49018
857	0.923497	0.0619878	0.485383
858	0.923581	0.0622008	0.487676
859	0.924467	0.0613853	0.478039
860	0.925586	0.0604152	0.472969
861	0.927173	0.0589712	0.472179
862	0.927583	0.0586953	0.468686
863	0.928388	0.0580637	0.468349
864	0.929417	0.0572566	0.465044
865	0.931376	0.0554762	0.466371
866	0.931693	0.0552797	0.467431
867	0.931793	0.0552504	0.459283
868	0.931278	0.0550127	0.445474
869	0.918489	0.0631228	0.39189
870	0.91932	0.0622444	0.394659
871	0.921	0.0609659	0.397942
872	0.922389	0.0601023	0.390491
873	0.922498	0.0597863	0.394168
874	0.922449	0.0601658	0.384085
875	0.923336	0.0590762	0.385622
876	0.925187	0.0576466	0.377726
877	0.926147	0.0567819	0.377196
878	0.927049	0.056303	0.369048
879	0.926945	0.0565456	0.368374
880	0.927579	0.0557566	0.3615
881	0.928922	0.0547856	0.356935
882	0.930145	0.0538402	0.353099
883	0.93096	0.0533229	0.348325
884	0.932687	0.0518231	0.341736
885	0.933437	0.0514124	0.338681
886	0.935146	0.0499356	0.333798
887	0.934115	0.0507209	0.332677
888	0.935855	0.0494435	0.328264
889	0.936689	0.0488398	0.327053
890	0.937417	0.0483212	0.3132
891	0.938782	0.0471651	0.306097
892	0.939935	0.0462273	0.306081
893	0.940666	0.0455877	0.294841
894	0.941301	0.0451789	0.287902
895	0.942813	0.0439765	0.284066
896	0.943443	0.0435979	0.283015
897	0.945437	0.0418719	0.277656
898	0.946705	0.0409563	0.27242
899	0.945805	0.0417439	0.269099
900	0.947154	0.0405332	0.262649
901	0.947815	0.0401613	0.251872
902	0.948975	0.0392202	0.251363
903	0.949765	0.0386992	0.242551
904	0.951333	0.0373329	0.236759
905	0.951788	0.0371049	0.23268
906	0.951299	0.0375242	0.230887
907	0.952929	0.0361606	0.224548
908	0.95409	0.0352157	0.214849
909	0.955061	0.0344432	0.204557
910	0.954621	0.0350073	0.200453
911	0.957878	0.0322022	0.193003
912	0.958255	0.0320797	0.18705
913	0.958678	0.0317585	0.177479
914	0.960328	0.0302241	0.164057
915	0.961963	0.0291424	0.153403
916	0.962205	0.0290618	0.14392
917	0.962042	0.0291894	0.145184
918	0.9625	0.0289772	0.142552
919	0.963186	0.0282849	0.139019
920	0.964465	0.0272869	0.140197
921	0.96504	0.0269813	0.136269
922	0.965276	0.02676	0.131087
923	0.965166	0.0269988	0.138958
924	0.96399	0.0282239	0.142549
925	0.965124	0.0270949	0.142035
926	0.965	0.0272987	0.147119
927	0.96649	0.0261207	0.137195
928	0.965694	0.02679	0.134179
929	0.966127	0.0263798	0.134877
930	0.965292	0.0270873	0.137627
931	0.96566	0.02697	0.145385
932	0.965752	0.0269834	0.144219
933	0.967331	0.0256729	0.139893
934	0.96846	0.024671	0.135791
935	0.967131	0.0257172	0.134167
936	0.966762	0.0260907	0.136318
937	0.967433	0.0254964	0.131657
938	0.968311	0.0250525	0.132016
939	0.968969	0.024634	0.132334
940	0.969583	0.0239894	0.131041
941	0.969179	0.0243929	0.130919
942	0.96882	0.0246738	0.126266
943	0.96906	0.0244052	0.128507
944	0.968642	0.024856	0.133672
945	0.968516	0.0249359	0.138294
946	0.968635	0.0248326	0.140679
947	0.968769	0.0248392	0.128708
948	0.969192	0.024257	0.13134
949	0.969737	0.0238609	0.13001
950	0.970464	0.0235972	0.129663
951	0.969999	0.0242919	0.132722
952	0.971008	0.0231727	0.130604
953	0.969899	0.0242685	0.136429
954	0.970809	0.0236466	0.133763
955	0.969758	0.0244047	0.135829
956	0.971056	0.0233054	0.131885
957	0.971299	0.0230063	0.138027
958	0.969862	0.0242176	0.13742
959	0.970029	0.0240651	0.136446
960	0.970071	0.0241209	0.140149
960	0.970071	0.0241209	0.140149
961	0.969331	0.0247794	0.142612
962	0.969538	0.0246245	0.139564
963	0.970216	0.0240018	0.1408
964	0.969681	0.0244157	0.136039
965	0.969886	0.0241907	0.136794
966	0.96903	0.0248884	0.138985
967	0.970446	0.0237237	0.133128
968	0.969982	0.0242128	0.140163
969	0.969802	0.0243233	0.132941
970	0.970072	0.0240745	0.130088
971	0.970032	0.0241063	0.132903
972	0.970583	0.0237815	0.127389
973	0.972785	0.0225003	0.127501
974	0.974978	0.0205017	0.121792
975	0.973294	0.0220393	0.136749
976	0.973901	0.0215886	0.130153
977	0.97411	0.0214355	0.126636
978	0.974275	0.0213154	0.12452
979	0.974556	0.0209959	0.117103
980	0.974286	0.0212795	0.121034
981	0.974145	0.0214378	0.1259
982	0.973677	0.021722	0.125194
983	0.973646	0.0217976	0.127216
984	0.974026	0.0214726	0.129151
985	0.973253	0.0221162	0.125858
986	0.972538	0.0227247	0.138144
987	0.973372	0.0220705	0.13207
988	0.973288	0.022124	0.134861
989	0.973027	0.0223977	0.131298
990	0.972627	0.0227017	0.14724
991	0.9728	0.0226026	0.14312
992	0.971271	0.0238714	0.144296
993	0.971039	0.023994	0.143524
994	0.973003	0.0223175	0.138467
995	0.972684	0.0226697	0.138182
996	0.972465	0.0228114	0.133096
997	0.972393	0.0228945	0.140881
998	0.972557	0.0227849	0.142868
999	0.971727	0.0234945	0.137001
1000	0.973113	0.0222408	0.130043
1001	0.971718	0.0234418	0.138753
1002	0.972351	0.022982	0.134432
1003	0.972114	0.0232236	0.136972
1004	0.973912	0.0215958	0.132584
1005	0.971625	0.0236036	0.144168
1006	0.972459	0.0227561	0.142374
1007	0.972626	0.0226752	0.133625
1008	0.972676	0.022573	0.13396
1009	0.972919	0.022403	0.134343
1010	0.972091	0.0230423	0.136236
1011	0.972733	0.0225984	0.136974
1012	0.972473	0.0228118	0.129979
1013	0.972866	0.0224719	0.13246
1014	0.972389	0.0226745	0.126723
1015	0.973343	0.0219767	0.125587
1016	0.973173	0.0221523	0.134051
1017	0.972693	0.0226899	0.130999
1018	0.971644	0.023438	0.139215
1019	0.971205	0.0237982	0.139337
1020	0.97222	0.0229625	0.133278
1021	0.971462	0.0236618	0.138868
1022	0.970824	0.0241336	0.137963
1023	0.972494	0.0226617	0.134429
1024	0.970951	0.0240988	0.139471
1025	0.971616	0.0235097	0.132615
1026	0.977331	0.0194211	0.131946
1027	0.978914	0.0184979	0.13539
1028	0.978762	0.0187119	0.129756
1029	0.981071	0.0166236	0.119538
1030	0.978874	0.0185764	0.132462
1031	0.978794	0.0185831	0.138784
1032	0.978897	0.0185268	0.135736
1033	0.978913	0.0185883	0.144894
1034	0.978699	0.018657	0.145507
1035	0.978877	0.0186491	0.146498
1036	0.977937	0.0193438	0.153895
1037	0.978096	0.0192217	0.138106
1038	0.978689	0.018624	0.133986
1039	0.979756	0.0177632	0.125586
1040	0.978946	0.0184818	0.131293
1041	0.979086	0.0182666	0.130593
1042	0.978747	0.0186338	0.13396
1043	0.978788	0.0186631	0.132993
1044	0.978456	0.0188877	0.137771
1045	0.978097	0.0191161	0.13863
1046	0.978865	0.0184825	0.132598
1047	0.978425	0.0189346	0.138374
1048	0.978325	0.0189735	0.137319
1049	0.978713	0.0186118	0.14276
1050	0.978608	0.0188544	0.135866
1051	0.978626	0.0186715	0.137518
1052	0.978182	0.0191816	0.134268
1053	0.979386	0.0180654	0.131372
1054	0.978824	0.0185603	0.140289
1055	0.978648	0.0186791	0.128255
1056	0.978526	0.0188294	0.133162
1057	0.979451	0.0180301	0.132118
1058	0.978008	0.0193021	0.13276
1059	0.978844	0.0185283	0.129899
1060	0.978919	0.0185095	0.131896
1061	0.978811	0.018536	0.133525
1062	0.977916	0.0193436	0.135759
1063	0.979579	0.0177764	0.122203
1064	0.978372	0.0189983	0.134976
1065	0.979129	0.0183217	0.135933
1066	0.978459	0.018932	0.136664
1067	0.978403	0.0188243	0.128235
1068	0.978787	0.0185243	0.120971
1069	0.978731	0.0186154	0.129891
1070	0.977833	0.0194782	0.132632
1071	0.976836	0.020273	0.135631
1072	0.978381	0.0189528	0.129701
1073	0.978001	0.0192677	0.140633
1074	0.977294	0.019978	0.141954
1075	0.9779	0.0194276	0.135314
1076	0.979364	0.0180551	0.126368
1077	0.978768	0.018528	0.126552
1078	0.977984	0.0192799	0.133103
1079	0.978723	0.0186321	0.134606
1080	0.977973	0.0191854	0.132577
1081	0.977777	0.0194608	0.135008
1082	0.978441	0.0188038	0.131595
1083	0.977694	0.0194466	0.146584
1084	0.978189	0.0190645	0.139389
1085	0.978434	0.0189119	0.135986
1086	0.978374	0.0189442	0.134698
1087	0.977349	0.0198056	0.138877
1088	0.976843	0.0203515	0.141048
1089	0.978043	0.0191494	0.129637
1090	0.979346	0.0180799	0.123119
1091	0.978209	0.0190941	0.127313
1092	0.978653	0.0187144	0.133577
1093	0.977869	0.0193555	0.132117
1094	0.977842	0.0193832	0.134733
1095	0.97692	0.0201945	0.135453
1096	0.976821	0.020226	0.141349
1097	0.977581	0.0196304	0.143726
1098	0.977601	0.0196399	0.143065
1099	0.977588	0.019656	0.137717
1100	0.977085	0.0201396	0.13951
1101	0.978228	0.0190748	0.131792
1102	0.97759	0.0196392	0.138794
1103	0.977575	0.019585	0.140782
1104	0.976184	0.0207366	0.148793
1105	0.977402	0.0197856	0.136387
1106	0.977924	0.0193765	0.135611
1107	0.979215	0.0181114	0.126608
1108	0.977792	0.0193352	0.13183
1109	0.976332	0.0207109	0.143124
1110	0.977805	0.0193811	0.133999
1111	0.976953	0.0201239	0.135088
1112	0.977192	0.019958	0.135525
1113	0.977642	0.0195782	0.136184
1114	0.976465	0.0206846	0.140477
1115	0.977369	0.019859	0.138188
1116	0.976932	0.0201532	0.133256
1117	0.977484	0.0196284	0.134015
1118	0.97667	0.0203616	0.142613
1119	0.976272	0.0207765	0.14242
1120	0.977131	0.0199439	0.143272
1121	0.97753	0.0196614	0.140516
1122	0.976902	0.0201977	0.141938
1123	0.977266	0.0198984	0.140515
1124	0.975864	0.0210753	0.15241
1125	0.978132	0.0192142	0.137856
1126	0.977016	0.020119	0.144433
1127	0.976362	0.0207498	0.149987
1128	0.976268	0.0207354	0.14608
1129	0.976481	0.0205669	0.141792
1130	0.97658	0.0205022	0.148396
1131	0.976696	0.0203908	0.146429
1132	0.976951	0.0202051	0.142283
1133	0.976765	0.0203402	0.140998
1134	0.976935	0.020107	0.14061
1135	0.975678	0.0212017	0.143353
1136	0.975303	0.0214985	0.151888
1137	0.975211	0.0216302	0.150266
1138	0.976586	0.0205098	0.145439
1139	0.976437	0.0206555	0.14294
1140	0.975538	0.0213869	0.147265
1141	0.975871	0.0210848	0.14564
1142	0.97647	0.0206326	0.13677
1143	0.975839	0.0210922	0.143082
1144	0.976796	0.0203	0.139603
1145	0.975701	0.0212867	0.142089
1146	0.976049	0.0209205	0.137065
1147	0.976675	0.0203608	0.138521
1148	0.976584	0.0203698	0.14432
1149	0.976324	0.0206689	0.143513
1150	0.976356	0.0206436	0.147737
1151	0.976678	0.0203699	0.141321
1152	0.976505	0.020564	0.138011
1153	0.976371	0.0207082	0.145452
1154	0.976202	0.0207609	0.14401
1155	0.975794	0.0211671	0.145506
1156	0.976372	0.020543	0.140156
1157	0.977668	0.0194718	0.134342
1158	0.975653	0.0212727	0.149785
1159	0.976875	0.0201752	0.136934
1160	0.976219	0.0207659	0.137115
1161	0.976311	0.0206484	0.145938
1162	0.97563	0.021298	0.144108
1163	0.975969	0.0210949	0.140501
1164	0.976007	0.0209865	0.13783
1165	0.976088	0.0209099	0.144181
1166	0.975952	0.020984	0.141004
1167	0.975663	0.0212161	0.135956
1168	0.974692	0.0221011	0.152785
1169	0.974838	0.022062	0.150824
1170	0.975294	0.0215894	0.147267
1171	0.975591	0.0213323	0.147041
1172	0.975995	0.0210742	0.143777
1173	0.975313	0.0216173	0.150325
1174	0.975842	0.0211356	0.150471
1175	0.974471	0.0224239	0.155569
1176	0.97478	0.0220398	0.154649
1177	0.973897	0.0227806	0.153806
1178	0.975125	0.0218147	0.148218
1179	0.975037	0.0218366	0.14627
1180	0.973711	0.0229625	0.154079
1181	0.974646	0.0221349	0.149708
1182	0.976634	0.0203942	0.141766
1183	0.97588	0.0211594	0.146625
1184	0.97446	0.0223739	0.153607
1185	0.974681	0.0220906	0.148682
1186	0.975272	0.0216476	0.14383
1187	0.975152	0.0216129	0.150595
1188	0.974568	0.0221998	0.152185
1189	0.974417	0.0224662	0.154919
1190	0.975987	0.0209017	0.143191
1191	0.974199	0.0224309	0.154807
1192	0.975663	0.0212527	0.147105
1193	0.975659	0.0212883	0.152133
1194	0.975182	0.0217647	0.147792
1195	0.974869	0.0219427	0.15275
1196	0.975816	0.0210128	0.151176
1197	0.975508	0.021348	0.147047
1198	0.974798	0.0220027	0.14923
1199	0.97488	0.0218282	0.15295
1200	0.974692	0.0220717	0.154392
1201	0.975077	0.0218192	0.150226
1202	0.975134	0.0216514	0.140846
1203	0.975861	0.0210209	0.139839
1204	0.975554	0.0213085	0.150044
1205	0.975238	0.021573	0.144491
1206	0.975169	0.0217048	0.145879
1207	0.974532	0.0222199	0.152169
1208	0.974697	0.0221797	0.15263
1209	0.974816	0.021975	0.154646
1210	0.975043	0.0217272	0.146672
1211	0.974496	0.0222163	0.157152
1212	0.975246	0.0215413	0.147604
1213	0.975035	0.0217594	0.146877
1214	0.973919	0.0227365	0.155178
1215	0.975136	0.0217996	0.144375
1216	0.994256	0.00556859	0.0936477
1217	0.999267	0.000725534	0.116415
1218	0.999419	0.000574611	0.0860027
1219	0.999529	0.000465528	0.0637859
1220	0.999607	0.000388546	0.0489624
1221	0.999664	0.000332383	0.0388926
1222	0.999707	0.000289765	0.0321535
1223	0.99974	0.00025661	0.0267158
1224	0.999767	0.000230012	0.022709
1225	0.999789	0.000208179	0.0197727
1226	0.999808	0.000190031	0.0173169
1227	0.999823	0.00017463	0.0154625
1228	0.999837	0.000161482	0.0138248
1229	0.999848	0.000150063	0.0125271
1230	0.999858	0.000140072	0.011441
1231	0.999867	0.000131275	0.0104788
1232	0.999875	0.000123456	0.00965869
1233	0.999882	0.000116444	0.00897776
1234	0.999889	0.000110159	0.00833215
1235	0.999894	0.000104448	0.00781089
1236	0.9999	9.9287e-05	0.00729679
1237	0.999904	9.45626e-05	0.00686207
1238	0.999909	9.02145e-05	0.00650212
1239	0.999913	8.62273e-05	0.00615105
1240	0.999916	8.25507e-05	0.00583078
1241	0.99992	7.9139e-05	0.00555829
1242	0.999923	7.59824e-05	0.00528747
1243	0.999926	7.30382e-05	0.00505031
1244	0.999929	7.02969e-05	0.00482473
1245	0.999931	6.77305e-05	0.00462102
1246	0.999934	6.53393e-05	0.00440967
1247	0.999936	6.30862e-05	0.00422335
1248	0.999938	6.09657e-05	0.00405913
1249	0.99994	5.8967e-05	0.00390523
1250	0.999942	5.70822e-05	0.00375615
1251	0.999944	5.53067e-05	0.00361177
1252	0.999946	5.3625e-05	0.00347589
1253	0.999947	5.20268e-05	0.00335183
1254	0.999949	5.05053e-05	0.00324609
1255	0.99995	4.90758e-05	0.00312017
1256	0.999952	4.77015e-05	0.00302241
1257	0.999953	4.6407e-05	0.0029093
1258	0.999954	4.51643e-05	0.00281522
1259	0.999955	4.39753e-05	0.00272888
1260	0.999957	4.28181e-05	0.00265276
1261	0.999958	4.17326e-05	0.00257425
1262	0.999959	4.07013e-05	0.00249089
1263	0.99996	3.97102e-05	0.00241423
1264	0.999961	3.87564e-05	0.00234633
1265	0.999962	3.78447e-05	0.00227632
1266	0.999963	3.69675e-05	0.00221184
1267	0.999963	3.61242e-05	0.00215013
1268	0.999964	3.53179e-05	0.00208875
1269	0.999965	3.45382e-05	0.00203214
1270	0.999966	3.37797e-05	0.00198647
1271	0.999967	3.30608e-05	0.00192993
1272	0.999967	3.2248e-05	0.00188316
1273	0.999968	3.15853e-05	0.00182699
1274	0.999969	3.0929e-05	0.00179225
1275	0.999969	3.03097e-05	0.00174369
1276	0.99997	2.97005e-05	0.0017061
1277	0.999971	2.91174e-05	0.00166629
1278	0.999971	2.85615e-05	0.00161754
1279	0.999972	2.80069e-05	0.00158913
1280	0.999972	2.74852e-05	0.0015452
1281	0.999973	2.69673e-05	0.00151567
1282	0.999973	2.64742e-05	0.00147771
1283	0.999974	2.59904e-05	0.0014487
1284	0.999974	2.55326e-05	0.00140885
1285	0.999975	2.50776e-05	0.00138039
1286	0.999975	2.46377e-05	0.00135008
1287	0.999976	2.42085e-05	0.0013248
1288	0.999976	2.37929e-05	0.00129901
1289	0.999976	2.33912e-05	0.00127262
1290	0.999977	2.29977e-05	0.00124837
1291	0.999977	2.26138e-05	0.00122611
1292	0.999978	2.22397e-05	0.00120446
1293	0.999978	2.18783e-05	0.00118225
1294	0.999978	2.15298e-05	0.00115825
1295	0.999979	2.11853e-05	0.00113968
1296	0.999979	2.08516e-05	0.00111929
1297	0.999979	2.05302e-05	0.00109496
1298	0.99998	2.02122e-05	0.00107797
1299	0.99998	1.99027e-05	0.00106146
1300	0.99998	1.9611e-05	0.0010326
