600	0.00963365	0.148603	0.00955182
601	0.00956568	0.1467	0.00948618
602	0.00957739	0.146577	0.00949411
603	0.00963647	0.147464	0.00955456
604	0.00965984	0.147781	0.00957783
605	0.00969517	0.149388	0.00961071
606	0.00958821	0.145994	0.00950579
607	0.0096666	0.146455	0.00958214
608	0.00968506	0.145032	0.00960326
609	0.00984679	0.148301	0.00975826
610	0.00988844	0.150018	0.00979775
611	0.00990045	0.148488	0.00981456
612	0.00995009	0.148902	0.0098647
613	0.009957	0.148929	0.00986994
614	0.00991683	0.146717	0.00982807
615	0.0100324	0.147826	0.00994319
616	0.0102167	0.151535	0.0101229
617	0.0101124	0.147365	0.0100214
618	0.0101438	0.147187	0.0100512
619	0.010205	0.148844	0.0101093
620	0.0102544	0.148151	0.0101589
621	0.0103692	0.149169	0.0102701
622	0.0104054	0.14902	0.0103026
623	0.0104401	0.148651	0.0103378
624	0.0104656	0.148476	0.0103637
625	0.0105042	0.148581	0.0104003
626	0.0105803	0.148945	0.0104776
627	0.0105145	0.148799	0.0104089
628	0.0105632	0.149118	0.0104585
629	0.0106097	0.15025	0.0105007
630	0.0105525	0.147152	0.0104422
631	0.0106819	0.148342	0.0105738
632	0.0106269	0.147224	0.0105208
633	0.0108249	0.150796	0.0107121
634	0.0108193	0.150833	0.0107042
635	0.0108666	0.150486	0.0107474
636	0.0108246	0.147654	0.0107125
637	0.0108524	0.147439	0.0107388
638	0.0108283	0.146385	0.0107133
639	0.0110108	0.149354	0.0108929
640	0.0109617	0.146819	0.0108485
641	0.0110236	0.146382	0.0109081
642	0.0111246	0.149384	0.0110051
643	0.0111795	0.148673	0.01106
644	0.0112662	0.149035	0.011148
645	0.0111239	0.145909	0.0110067
646	0.0112122	0.146413	0.0110931
647	0.0112492	0.14689	0.0111282
648	0.0112318	0.147159	0.011104
649	0.0115041	0.148099	0.0113749
650	0.0114591	0.145903	0.0113336
651	0.0115425	0.146285	0.0114171
652	0.0115296	0.144792	0.0114046
653	0.0114993	0.145254	0.0113699
654	0.0116117	0.145852	0.0114852
655	0.011788	0.146873	0.0116601
656	0.0119667	0.14914	0.0118357
657	0.0118354	0.146809	0.0117041
658	0.0117771	0.145692	0.011646
659	0.0120272	0.147462	0.0118901
660	0.0120822	0.146736	0.0119452
661	0.0122235	0.148016	0.0120825
662	0.012197	0.147677	0.0120491
663	0.0121459	0.145246	0.0120048
664	0.0123535	0.146699	0.0122117
665	0.0123878	0.146287	0.0122436
666	0.0124926	0.147496	0.0123425
667	0.0124	0.146178	0.0122509
668	0.0125332	0.147079	0.0123808
669	0.0126326	0.147169	0.0124805
670	0.0126893	0.145658	0.0125408
671	0.0128081	0.147991	0.0126501
672	0.0128347	0.146814	0.0126755
673	0.012841	0.146167	0.0126805
674	0.0130145	0.146693	0.0128505
675	0.0130346	0.145877	0.0128716
676	0.0131664	0.146565	0.0129995
677	0.0131374	0.146901	0.0129655
678	0.0133296	0.146437	0.0131532
679	0.0134254	0.147057	0.0132531
680	0.0133042	0.14433	0.0131233
681	0.0136083	0.146809	0.0134316
682	0.0138147	0.149195	0.0136265
683	0.0136689	0.146018	0.0134835
684	0.0141216	0.148759	0.0139332
685	0.0140619	0.145836	0.0138768
686	0.0141288	0.147857	0.0139362
687	0.0140727	0.145939	0.013876
688	0.0143393	0.147009	0.0141434
689	0.014181	0.143917	0.0139872
690	0.0144797	0.145763	0.0142834
691	0.0145496	0.145565	0.0143461
692	0.0146509	0.146382	0.0144457
693	0.0147856	0.14677	0.0145859
694	0.0148532	0.147285	0.0146445
695	0.0152006	0.150885	0.0149897
696	0.0150271	0.147768	0.014825
697	0.0150081	0.147363	0.0147957
698	0.0151094	0.146652	0.014905
699	0.0153671	0.149003	0.0151587
700	0.0155437	0.149895	0.0153352
701	0.0155453	0.149805	0.0153284
702	0.015646	0.149323	0.015428
703	0.0155176	0.146667	0.0153004
704	0.015697	0.146455	0.0154873
705	0.0157802	0.146009	0.0155671
706	0.0159683	0.147354	0.0157455
707	0.0162711	0.147804	0.0160444
708	0.0163977	0.14908	0.016168
709	0.01664	0.150625	0.0164059
710	0.0167831	0.151206	0.0165405
711	0.0166501	0.149087	0.0164133
712	0.0167822	0.148822	0.0165403
713	0.0169685	0.151082	0.0167201
714	0.0168896	0.149085	0.0166443
715	0.017126	0.151353	0.0168657
716	0.017417	0.151927	0.017164
717	0.0173089	0.150205	0.0170575
718	0.0175173	0.151636	0.0172633
719	0.017723	0.152889	0.0174513
720	0.0176396	0.149764	0.0173739
721	0.0179398	0.150968	0.0176652
722	0.0180927	0.151168	0.0178276
723	0.0182299	0.15249	0.0179469
724	0.0184207	0.152677	0.0181332
725	0.0186156	0.152431	0.0183349
726	0.0186851	0.151875	0.0183955
727	0.0190147	0.154165	0.0187101
728	0.0191387	0.154491	0.0188179
729	0.0189765	0.151678	0.0186585
730	0.019563	0.155877	0.0192379
731	0.0194687	0.154142	0.0191328
732	0.0197029	0.153753	0.0193714
733	0.0200635	0.15406	0.0197309
734	0.0202203	0.154695	0.0198638
735	0.0205445	0.156525	0.0201853
736	0.0202257	0.151327	0.0198806
737	0.0207404	0.155027	0.0203787
738	0.0210628	0.156627	0.0206887
739	0.0213035	0.157543	0.0209204
740	0.0212779	0.155497	0.0208851
741	0.021485	0.156385	0.0210785
742	0.0217441	0.156396	0.0213411
743	0.021751	0.154753	0.0213502
744	0.0220435	0.157138	0.0216271
745	0.0221374	0.155825	0.0217219
746	0.0224686	0.158502	0.0220406
747	0.0224192	0.156152	0.0219888
748	0.0226569	0.15636	0.022226
749	0.0229834	0.158145	0.0225323
750	0.0233394	0.15936	0.0228812
751	0.0233975	0.159162	0.0229328
752	0.0236962	0.158533	0.0232323
753	0.0240468	0.159767	0.0235624
754	0.0241189	0.159886	0.0236169
755	0.024687	0.162037	0.0241933
756	0.0243875	0.158858	0.023905
757	0.0251012	0.16404	0.0245958
758	0.0246651	0.158903	0.0241491
759	0.025257	0.161848	0.0247202
760	0.0254789	0.160059	0.0249366
761	0.025886	0.162048	0.0253293
762	0.026099	0.161533	0.0255306
763	0.0263147	0.161147	0.0257375
764	0.0266551	0.161526	0.0260655
765	0.0268922	0.16204	0.0262919
766	0.0272248	0.163264	0.02662
767	0.0274585	0.164465	0.0268365
768	0.0280377	0.164914	0.0273832
769	0.0283003	0.165678	0.0276266
770	0.0287749	0.166184	0.0280839
771	0.0289715	0.16437	0.0283161
772	0.029215	0.166568	0.0285111
773	0.0297317	0.166335	0.029036
774	0.029955	0.166203	0.0292283
775	0.0301973	0.166743	0.0294471
776	0.0304799	0.165307	0.0297106
777	0.0307777	0.164984	0.0300168
778	0.0311155	0.166966	0.0303015
779	0.03142	0.167024	0.0305927
780	0.0320891	0.168099	0.0312422
781	0.0324905	0.170779	0.0316108
782	0.0326843	0.168815	0.0318107
783	0.0331093	0.169665	0.0321659
784	0.0338297	0.170854	0.0328566
785	0.0336792	0.167809	0.0327091
786	0.0345606	0.171065	0.0335511
787	0.0345192	0.170228	0.0334957
788	0.0348821	0.168501	0.0338869
789	0.0357129	0.170735	0.0346584
790	0.0363529	0.170009	0.0353162
791	0.0370338	0.173604	0.03588
792	0.0377772	0.1742	0.036626
793	0.0383127	0.173926	0.0371363
794	0.0388645	0.174322	0.0376307
795	0.0390678	0.173351	0.0378129
796	0.0395273	0.172902	0.0382474
797	0.040593	0.175986	0.0392853
798	0.0407806	0.175072	0.0394383
799	0.0417332	0.175993	0.0403578
800	0.0425226	0.177082	0.0411096
801	0.0427745	0.178118	0.0413259
802	0.0434973	0.177938	0.0420308
803	0.0442511	0.179869	0.0427208
804	0.0450358	0.181791	0.0434524
805	0.0458706	0.181964	0.0442504
806	0.0457234	0.176913	0.044114
807	0.0468264	0.180507	0.0451612
808	0.0473847	0.181572	0.045612
809	0.0482243	0.181417	0.0464764
810	0.0493636	0.185347	0.0474757
811	0.050146	0.185527	0.0482783
812	0.0508006	0.183755	0.0488876
813	0.0516581	0.184172	0.0496823
814	0.0517655	0.182347	0.0497238
815	0.053235	0.186597	0.0510768
816	0.0536618	0.185404	0.0515079
817	0.054665	0.185399	0.0525218
818	0.0557515	0.185938	0.0535239
819	0.056786	0.187141	0.0544388
820	0.0577227	0.189276	0.0553037
821	0.0582396	0.187563	0.0557349
822	0.0592026	0.189735	0.0566414
823	0.060548	0.190309	0.0578936
824	0.0618572	0.192066	0.0590823
825	0.0623527	0.190459	0.0594938
826	0.0633896	0.189927	0.0604322
827	0.0648654	0.191941	0.0617977
828	0.0665454	0.191981	0.0634652
829	0.0674028	0.19208	0.0642826
830	0.0684571	0.19404	0.0651301
831	0.0692994	0.192294	0.0659486
832	0.0703378	0.193428	0.0668759
833	0.0718388	0.194921	0.0682516
834	0.0728588	0.194538	0.0691406
835	0.0741523	0.194385	0.0704539
836	0.0755372	0.197009	0.0715634
837	0.0769549	0.197645	0.0728012
838	0.0779439	0.194982	0.0738195
839	0.0798002	0.198651	0.0755088
840	0.0810409	0.199815	0.0762827
841	0.0816728	0.196013	0.0770081
842	0.0833304	0.197002	0.0783864
843	0.0856585	0.199841	0.080479
844	0.0864129	0.197973	0.0813392
845	0.0884042	0.200494	0.0829856
846	0.089235	0.198983	0.0835309
847	0.0918953	0.200918	0.0858322
848	0.0944249	0.202594	0.088123
849	0.0959327	0.202527	0.0895012
850	0.0974521	0.201735	0.0906846
851	0.0985492	0.199276	0.0918594
852	0.101377	0.202883	0.0940686
853	0.103033	0.200972	0.0955948
854	0.104861	0.201917	0.0971165
855	0.107349	0.202518	0.0994963
856	0.109639	0.203007	0.101206
857	0.111681	0.204638	0.103202
858	0.113508	0.204783	0.104499
859	0.11615	0.206454	0.106909
860	0.116592	0.20369	0.106938
861	0.11979	0.207277	0.109487
862	0.121845	0.20463	0.11133
863	0.124739	0.206174	0.113563
864	0.126861	0.205365	0.115504
865	0.128902	0.205569	0.116964
866	0.131748	0.206692	0.119214
867	0.133954	0.207848	0.120719
868	0.137754	0.209485	0.123985
869	0.139889	0.204933	0.125988
870	0.14282	0.206288	0.128369
871	0.144612	0.206283	0.129361
872	0.14789	0.207702	0.131473
873	0.150919	0.203323	0.134457
874	0.154491	0.204836	0.136922
875	0.158502	0.205439	0.14012
876	0.16136	0.206771	0.141787
877	0.165856	0.206377	0.145145
878	0.167788	0.204227	0.14622
879	0.171394	0.204483	0.148626
880	0.176293	0.202148	0.152562
881	0.179452	0.204232	0.15365
882	0.184806	0.203118	0.157893
883	0.189957	0.202183	0.161448
884	0.19125	0.202131	0.160518
885	0.195812	0.199772	0.163886
886	0.200898	0.199267	0.167701
887	0.204964	0.197658	0.170363
888	0.209632	0.196381	0.171788
889	0.214724	0.197697	0.174508
890	0.219199	0.195189	0.17682
891	0.224247	0.195127	0.179814
892	0.227995	0.192763	0.180857
893	0.235765	0.19271	0.185402
894	0.240716	0.191822	0.186964
895	0.2462	0.191045	0.188258
896	0.250755	0.189689	0.190348
897	0.256802	0.187917	0.192546
898	0.261879	0.186199	0.193637
899	0.268962	0.184281	0.196735
900	0.274949	0.183108	0.196452
901	0.28387	0.183983	0.198103
902	0.2873	0.18199	0.196168
903	0.296164	0.177672	0.19935
904	0.301238	0.177427	0.19823
905	0.308754	0.176092	0.19871
906	0.31669	0.17172	0.199303
907	0.323446	0.168699	0.197758
908	0.33064	0.167638	0.192884
909	0.340039	0.167528	0.192736
910	0.35095	0.16442	0.190833
911	0.356834	0.161626	0.186947
912	0.36494	0.16081	0.183093
913	0.375551	0.157102	0.178661
914	0.382163	0.157223	0.171283
915	0.390816	0.15371	0.166703
916	0.399578	0.148973	0.162261
917	0.4058	0.153201	0.161851
918	0.408771	0.151936	0.161659
919	0.416489	0.149462	0.162879
920	0.417445	0.149543	0.16415
921	0.423514	0.148664	0.163856
922	0.426289	0.14965	0.163096
923	0.430336	0.147624	0.164288
924	0.438351	0.149243	0.166468
925	0.434728	0.149076	0.162548
926	0.437476	0.149183	0.166166
927	0.448605	0.148517	0.169922
928	0.443095	0.149622	0.16976
929	0.444712	0.147234	0.166532
930	0.445731	0.148831	0.16974
931	0.455141	0.148913	0.171769
932	0.461096	0.149113	0.171977
933	0.456425	0.148764	0.170863
934	0.454786	0.149939	0.170516
935	0.454867	0.149172	0.169613
936	0.455596	0.150382	0.166243
937	0.454124	0.148039	0.167706
938	0.469235	0.149783	0.16898
939	0.475926	0.150292	0.17275
940	0.476967	0.149078	0.173822
941	0.475469	0.149508	0.175846
942	0.470837	0.150874	0.173434
943	0.472667	0.150157	0.174383
944	0.468491	0.150367	0.174699
945	0.469823	0.149988	0.173402
946	0.467635	0.151592	0.174556
947	0.465861	0.148262	0.17462
948	0.465251	0.149572	0.173776
949	0.461158	0.150116	0.17392
950	0.492082	0.150775	0.178596
951	0.499066	0.150197	0.179774
952	0.500009	0.149368	0.182455
953	0.497232	0.15162	0.182663
954	0.495545	0.152346	0.179508
955	0.494104	0.150572	0.18224
956	0.493261	0.15151	0.180292
957	0.492489	0.149439	0.177787
958	0.491811	0.152129	0.17744
959	0.493469	0.150776	0.177309
960	0.489911	0.151675	0.177445
960	0.489911	0.151675	0.177445
961	0.490109	0.151851	0.180369
962	0.485894	0.151865	0.178288
963	0.485926	0.153293	0.176885
964	0.483594	0.15171	0.180068
965	0.48201	0.15269	0.179668
966	0.481064	0.151598	0.1786
967	0.478035	0.151399	0.178886
968	0.479008	0.153178	0.178526
969	0.478898	0.151419	0.179922
970	0.473664	0.152707	0.179264
971	0.47237	0.153288	0.178598
972	0.472127	0.15366	0.177953
973	0.533318	0.150532	0.185934
974	0.540159	0.152651	0.188919
975	0.538186	0.15467	0.192055
976	0.5355	0.152935	0.189084
977	0.536924	0.152757	0.189308
978	0.535228	0.151591	0.192154
979	0.528977	0.155197	0.190706
980	0.531828	0.153068	0.190705
981	0.532142	0.15291	0.187873
982	0.528843	0.152904	0.188149
983	0.527429	0.152824	0.192188
984	0.526757	0.1524	0.190172
985	0.523715	0.152474	0.186567
986	0.526243	0.153766	0.189566
987	0.523144	0.152147	0.18616
988	0.522215	0.153951	0.188578
989	0.519906	0.153823	0.186562
990	0.522755	0.154005	0.187407
991	0.517862	0.152881	0.190082
992	0.51989	0.153675	0.187099
993	0.51509	0.154764	0.186903
994	0.515115	0.153516	0.188617
995	0.513323	0.155211	0.186935
996	0.512204	0.153126	0.187603
997	0.514285	0.154655	0.184698
998	0.512905	0.155104	0.186276
999	0.508247	0.154896	0.188837
1000	0.509712	0.153852	0.188805
1001	0.502744	0.15673	0.188347
1002	0.499614	0.15405	0.187696
1003	0.501074	0.154626	0.186991
1004	0.500461	0.156947	0.184855
1005	0.501831	0.155279	0.185822
1006	0.497753	0.155567	0.189375
1007	0.498102	0.155104	0.188682
1008	0.495205	0.157087	0.189641
1009	0.493733	0.156631	0.187608
1010	0.494762	0.15493	0.185844
1011	0.496095	0.155317	0.18386
1012	0.492253	0.157676	0.185831
1013	0.49155	0.156772	0.187532
1014	0.490097	0.157261	0.18756
1015	0.48533	0.157877	0.185442
1016	0.485846	0.157593	0.186447
1017	0.483884	0.157048	0.184432
1018	0.483305	0.156436	0.185078
1019	0.482329	0.157237	0.183935
1020	0.479569	0.159238	0.187269
1021	0.482145	0.159217	0.182625
1022	0.478498	0.157269	0.184262
1023	0.477355	0.157482	0.181647
1024	0.480733	0.155242	0.181533
1025	0.477113	0.158523	0.184164
1026	0.583526	0.153538	0.206055
1027	0.618603	0.151765	0.209134
1028	0.620014	0.15039	0.207747
1029	0.618478	0.152121	0.211966
1030	0.619181	0.150759	0.209678
1031	0.620449	0.150433	0.206104
1032	0.616895	0.151201	0.21049
1033	0.614009	0.152998	0.207064
1034	0.611807	0.152386	0.206607
1035	0.613265	0.153078	0.2102
1036	0.611411	0.150787	0.205651
1037	0.612106	0.151912	0.203321
1038	0.611035	0.151874	0.20536
1039	0.609956	0.151865	0.2046
1040	0.610255	0.153506	0.207309
1041	0.606299	0.153986	0.206513
1042	0.609273	0.154055	0.206697
1043	0.603275	0.154009	0.203962
1044	0.601681	0.154903	0.206485
1045	0.60277	0.15457	0.206594
1046	0.603924	0.154079	0.208826
1047	0.602228	0.155509	0.208462
1048	0.599537	0.154923	0.207185
1049	0.59751	0.157863	0.209831
1050	0.595293	0.158116	0.208628
1051	0.590259	0.15829	0.210719
1052	0.58999	0.157217	0.210288
1053	0.590361	0.155719	0.210825
1054	0.594319	0.156115	0.209386
1055	0.591488	0.157026	0.210245
1056	0.589424	0.157397	0.210196
1057	0.585427	0.15877	0.206167
1058	0.586099	0.158534	0.207401
1059	0.585942	0.15772	0.214103
1060	0.586788	0.155555	0.206888
1061	0.585	0.157466	0.208276
1062	0.583502	0.156777	0.204745
1063	0.581727	0.15633	0.203986
1064	0.583078	0.15921	0.205716
1065	0.583131	0.155918	0.201914
1066	0.57964	0.157444	0.204984
1067	0.577642	0.157273	0.208698
1068	0.577948	0.157394	0.205321
1069	0.576628	0.158461	0.205853
1070	0.578155	0.157635	0.202691
1071	0.577458	0.15845	0.203636
1072	0.571684	0.159549	0.204604
1073	0.572243	0.159519	0.205766
1074	0.572415	0.157361	0.204305
1075	0.568567	0.158963	0.204976
1076	0.569086	0.160478	0.207537
1077	0.567661	0.159318	0.205629
1078	0.565864	0.160372	0.205241
1079	0.566502	0.159557	0.2063
1080	0.561852	0.163014	0.2051
1081	0.562998	0.162594	0.206064
1082	0.559956	0.160215	0.204811
1083	0.56105	0.161801	0.205952
1084	0.560208	0.16167	0.205998
1085	0.557784	0.163251	0.202975
1086	0.55615	0.162009	0.20115
1087	0.559111	0.159622	0.205809
1088	0.554607	0.162441	0.205266
1089	0.553747	0.162745	0.203652
1090	0.554632	0.159762	0.202866
1091	0.554465	0.161108	0.206169
1092	0.551126	0.162879	0.205428
1093	0.547139	0.164047	0.20407
1094	0.546772	0.163564	0.204751
1095	0.547319	0.164014	0.206149
1096	0.546935	0.160162	0.203422
1097	0.546465	0.163716	0.201668
1098	0.548668	0.162226	0.203687
1099	0.5438	0.164989	0.205009
1100	0.544515	0.165397	0.20373
1101	0.541319	0.163405	0.202675
1102	0.5436	0.162802	0.199846
1103	0.537241	0.165633	0.202327
1104	0.541934	0.162822	0.201653
1105	0.537387	0.162575	0.200228
1106	0.534523	0.165138	0.199193
1107	0.532245	0.165524	0.202816
1108	0.5342	0.164063	0.201914
1109	0.533593	0.16485	0.204266
1110	0.532052	0.165	0.201731
1111	0.532045	0.162425	0.202045
1112	0.52833	0.165326	0.203534
1113	0.526826	0.168044	0.203007
1114	0.527175	0.167733	0.204568
1115	0.525287	0.166675	0.201648
1116	0.52726	0.165591	0.201422
1117	0.522354	0.166242	0.201871
1118	0.524854	0.164019	0.1994
1119	0.520741	0.167055	0.203261
1120	0.520739	0.165448	0.201078
1121	0.517771	0.167273	0.201322
1122	0.518097	0.166737	0.200161
1123	0.51811	0.168026	0.201262
1124	0.513107	0.167592	0.203201
1125	0.51206	0.16593	0.204672
1126	0.513291	0.167867	0.201568
1127	0.513756	0.164243	0.200553
1128	0.511906	0.167732	0.201115
1129	0.509765	0.167921	0.201344
1130	0.509522	0.166419	0.202073
1131	0.504637	0.166584	0.200055
1132	0.507176	0.166675	0.201753
1133	0.50539	0.167072	0.196235
1134	0.504217	0.165642	0.197792
1135	0.501237	0.168612	0.199179
1136	0.502145	0.168111	0.197961
1137	0.503611	0.165818	0.198305
1138	0.501501	0.167782	0.197959
1139	0.50024	0.167898	0.199412
1140	0.50009	0.167233	0.200229
1141	0.498846	0.167086	0.195396
1142	0.495393	0.16917	0.195002
1143	0.495894	0.169154	0.196117
1144	0.494179	0.169349	0.19411
1145	0.495677	0.168185	0.193689
1146	0.49234	0.168628	0.196684
1147	0.490704	0.169153	0.198927
1148	0.488723	0.168957	0.196577
1149	0.490783	0.168455	0.19641
1150	0.484083	0.169325	0.19422
1151	0.485994	0.170262	0.195561
1152	0.481727	0.169189	0.192006
1153	0.482343	0.167964	0.193513
1154	0.4822	0.167326	0.193725
1155	0.480203	0.167876	0.19398
1156	0.479084	0.171146	0.195938
1157	0.477903	0.170921	0.195861
1158	0.477433	0.168895	0.195008
1159	0.476834	0.169781	0.19531
1160	0.471287	0.17073	0.194684
1161	0.470576	0.170701	0.194976
1162	0.475766	0.166743	0.199793
1163	0.473522	0.169265	0.195114
1164	0.469275	0.169624	0.196864
1165	0.468274	0.170486	0.195816
1166	0.466718	0.170805	0.195546
1167	0.465718	0.169607	0.195968
1168	0.463931	0.170756	0.193007
1169	0.465706	0.169423	0.19194
1170	0.463025	0.169393	0.194551
1171	0.463585	0.174334	0.193546
1172	0.461909	0.169551	0.193595
1173	0.46123	0.169448	0.192013
1174	0.458914	0.17071	0.192473
1175	0.458515	0.169785	0.194075
1176	0.461558	0.171787	0.193666
1177	0.455264	0.170694	0.190068
1178	0.454991	0.171108	0.191688
1179	0.454799	0.172241	0.192081
1180	0.453436	0.169089	0.192111
1181	0.454456	0.168761	0.190687
1182	0.452066	0.169201	0.18887
1183	0.453452	0.172452	0.189981
1184	0.448518	0.169614	0.189864
1185	0.449826	0.171573	0.187941
1186	0.44902	0.171808	0.19056
1187	0.444369	0.172146	0.189126
1188	0.443412	0.170592	0.188478
1189	0.44263	0.172387	0.189091
1190	0.440892	0.169333	0.186635
1191	0.441898	0.170829	0.186213
1192	0.441364	0.173158	0.190777
1193	0.43786	0.170207	0.188977
1194	0.436586	0.171838	0.187741
1195	0.436403	0.172243	0.188123
1196	0.435988	0.1726	0.189935
1197	0.436119	0.171197	0.18525
1198	0.435536	0.171555	0.186123
1199	0.431194	0.171783	0.190198
1200	0.429341	0.173804	0.188149
1201	0.432111	0.171893	0.185888
1202	0.430271	0.172162	0.187006
1203	0.426736	0.171832	0.18599
1204	0.429222	0.171129	0.189702
1205	0.426235	0.173293	0.185504
1206	0.42485	0.170747	0.185147
1207	0.425857	0.170936	0.184369
1208	0.425563	0.171404	0.184251
1209	0.422795	0.172429	0.18249
1210	0.424804	0.169355	0.183387
1211	0.422923	0.169915	0.185438
1212	0.421341	0.169248	0.183662
1213	0.422589	0.169875	0.183745
1214	0.42269	0.170309	0.1826
1215	0.427271	0.170005	0.181054
1216	0.854075	0.0804269	0.184009
1217	0.984694	0.0142378	0.28067
1218	0.98784	0.0112801	0.221466
1219	0.990052	0.00918431	0.177899
1220	0.991675	0.00765243	0.144226
1221	0.992898	0.00650286	0.118274
1222	0.993842	0.00561761	0.0984413
1223	0.994586	0.00492071	0.0830883
1224	0.995185	0.0043594	0.0712048
1225	0.995676	0.0039032	0.0614554
1226	0.996083	0.00352588	0.0534629
1227	0.996427	0.00320829	0.0469675
1228	0.996719	0.00294007	0.041419
1229	0.996971	0.00270775	0.0369383
1230	0.997191	0.00250558	0.0332035
1231	0.997383	0.00232814	0.0300644
1232	0.997552	0.00217131	0.027397
1233	0.997703	0.00203293	0.0250312
1234	0.997837	0.00190959	0.0229606
1235	0.997959	0.00179976	0.0210901
1236	0.998068	0.00170061	0.0194512
1237	0.998167	0.00160943	0.018082
1238	0.998258	0.00152684	0.0168406
1239	0.998341	0.001452	0.0156965
1240	0.998417	0.00138372	0.0146529
1241	0.998487	0.00132076	0.0137233
1242	0.998551	0.0012631	0.0128612
1243	0.998611	0.00120923	0.0121067
1244	0.998667	0.00115904	0.0114315
1245	0.998719	0.0011124	0.0108128
1246	0.998767	0.00106907	0.0102383
1247	0.998812	0.00102915	0.00968461
1248	0.998855	0.000991787	0.00917999
1249	0.998894	0.000956654	0.00871893
1250	0.998932	0.000922862	0.0083173
1251	0.998967	0.000891616	0.00792876
1252	0.999	0.000862021	0.00757558
1253	0.999032	0.000833911	0.00725214
1254	0.999061	0.000807701	0.00693847
1255	0.999089	0.000782557	0.00665766
1256	0.999116	0.000758752	0.0063943
1257	0.999142	0.00073632	0.00613867
1258	0.999166	0.000714612	0.00591423
1259	0.999189	0.000694458	0.00568746
1260	0.999211	0.000675011	0.00547812
1261	0.999232	0.000656702	0.00527772
1262	0.999252	0.000639036	0.00509503
1263	0.999271	0.000622179	0.00492207
1264	0.999289	0.000606259	0.00475195
1265	0.999306	0.00059078	0.00459903
1266	0.999323	0.000576107	0.00444919
1267	0.999339	0.000562081	0.00430563
1268	0.999354	0.000548639	0.00416907
1269	0.999369	0.000535856	0.00403603
1270	0.999383	0.000523679	0.00390641
1271	0.999397	0.00051174	0.00378959
1272	0.99941	0.000500169	0.00368087
1273	0.999423	0.000489138	0.00357341
1274	0.999435	0.000478559	0.00347065
1275	0.999447	0.000468393	0.00337156
1276	0.999458	0.000458624	0.00327593
1277	0.999469	0.000449024	0.00318904
1278	0.99948	0.000440073	0.00309736
1279	0.99949	0.000431107	0.00301755
1280	0.9995	0.000422416	0.00294239
1281	0.99951	0.000414171	0.00286533
1282	0.999519	0.000406057	0.00279597
1283	0.999528	0.000398168	0.00272991
1284	0.999537	0.000390598	0.00266232
1285	0.999545	0.000383356	0.00259735
1286	0.999553	0.000376336	0.00253478
1287	0.999561	0.000369314	0.00247615
1288	0.999569	0.000362697	0.00241798
1289	0.999577	0.000356268	0.00236299
1290	0.999584	0.000350125	0.00230774
1291	0.999591	0.000344075	0.002256
1292	0.999598	0.000338168	0.00220542
1293	0.999604	0.000332467	0.00215765
1294	0.999611	0.00032694	0.00211095
1295	0.999617	0.000321434	0.00206814
1296	0.999623	0.000316197	0.00202485
1297	0.999629	0.000311003	0.00198285
1298	0.999635	0.000305974	0.00194204
1299	0.999641	0.000301089	0.001904
1300	0.999646	0.000296393	0.00186586
