600	0.00717364	0.13208	0.00712189
601	0.00716754	0.132174	0.00711497
602	0.00715503	0.130531	0.00709973
603	0.00722189	0.131243	0.00716854
604	0.00737858	0.133533	0.00732435
605	0.00732641	0.130535	0.00727367
606	0.00732728	0.129492	0.00727409
607	0.00739847	0.131358	0.00734513
608	0.00742944	0.130867	0.00737721
609	0.00749303	0.130595	0.00743929
610	0.0074589	0.129996	0.00739982
611	0.00749712	0.129676	0.00743904
612	0.00752847	0.129369	0.00746973
613	0.00760618	0.131624	0.00754604
614	0.00767114	0.132058	0.00761082
615	0.00748146	0.12855	0.00742139
616	0.00772281	0.133929	0.00765736
617	0.00759265	0.130317	0.00752917
618	0.00771326	0.129845	0.00765058
619	0.00767312	0.129458	0.0076114
620	0.00769399	0.130242	0.00763136
621	0.0078292	0.132707	0.0077639
622	0.00780183	0.132259	0.00773433
623	0.00780706	0.130899	0.00774358
624	0.00780957	0.129362	0.00774398
625	0.00771344	0.126439	0.00764957
626	0.00780059	0.128977	0.00773472
627	0.00784476	0.129328	0.00777771
628	0.00785264	0.128132	0.00778748
629	0.0079175	0.130225	0.00785125
630	0.00792012	0.129486	0.00785557
631	0.00800279	0.129835	0.00793896
632	0.00799271	0.128969	0.0079257
633	0.00793262	0.127397	0.00786439
634	0.00799434	0.128014	0.00792613
635	0.0079429	0.127691	0.00787296
636	0.00812128	0.129132	0.00805124
637	0.00813665	0.128381	0.00806207
638	0.00810499	0.127237	0.00803416
639	0.0081507	0.126759	0.00807991
640	0.00808406	0.126077	0.00801147
641	0.0080966	0.125338	0.00802341
642	0.00826593	0.127843	0.00819227
643	0.00836216	0.128948	0.0082854
644	0.00821095	0.126293	0.00813602
645	0.00820375	0.12609	0.00812483
646	0.00835023	0.127497	0.00826896
647	0.00837855	0.126533	0.00829758
648	0.00848435	0.127216	0.00840119
649	0.00847711	0.127441	0.00839162
650	0.00850279	0.127713	0.0084144
651	0.00855424	0.127131	0.00846702
652	0.00858069	0.126601	0.00848998
653	0.00864454	0.127692	0.00855512
654	0.00855935	0.126029	0.00846861
655	0.00864572	0.1258	0.0085541
656	0.00868699	0.126127	0.00859316
657	0.0087412	0.126141	0.00864664
658	0.0087594	0.125341	0.00866847
659	0.0088186	0.125139	0.00872368
660	0.00879976	0.124958	0.00870308
661	0.00888932	0.124254	0.00879036
662	0.00891823	0.12438	0.00881994
663	0.00894724	0.124204	0.00884693
664	0.00895357	0.123503	0.00885447
665	0.00907906	0.123875	0.00897931
666	0.00916201	0.12542	0.00905915
667	0.00911255	0.122668	0.00900988
668	0.00929707	0.125719	0.00918911
669	0.00938196	0.125625	0.00927622
670	0.00936694	0.124239	0.00925847
671	0.0096346	0.126276	0.00952401
672	0.00943865	0.122124	0.00933054
673	0.00947738	0.123324	0.00936623
674	0.00956916	0.123386	0.00946083
675	0.00965412	0.123248	0.00954153
676	0.00967335	0.122521	0.00956199
677	0.00982788	0.123984	0.00970924
678	0.00979346	0.123218	0.00967596
679	0.00992051	0.123559	0.00980415
680	0.00995705	0.124099	0.00984044
681	0.0101406	0.125673	0.0100247
682	0.010058	0.124712	0.00993497
683	0.0101118	0.124696	0.00999051
684	0.0101836	0.124633	0.0100604
685	0.0102499	0.125834	0.0101205
686	0.0104143	0.127085	0.0102908
687	0.0103922	0.125993	0.0102677
688	0.0104297	0.125135	0.0103064
689	0.0103569	0.123844	0.0102332
690	0.0104691	0.123747	0.0103407
691	0.0105329	0.123895	0.0104077
692	0.0106359	0.124523	0.0105079
693	0.0108589	0.124954	0.0107287
694	0.0108315	0.12435	0.0106967
695	0.0111122	0.128264	0.0109716
696	0.0112042	0.128368	0.011066
697	0.0110922	0.12638	0.0109544
698	0.0112005	0.126831	0.0110574
699	0.0112711	0.12684	0.0111308
700	0.0112419	0.126245	0.0110972
701	0.011348	0.12665	0.0112053
702	0.0115545	0.128796	0.0114053
703	0.0114775	0.126607	0.0113365
704	0.011609	0.128574	0.011459
705	0.0117219	0.129262	0.0115665
706	0.0117072	0.12719	0.0115526
707	0.0118477	0.12708	0.0116929
708	0.0118663	0.126989	0.0117093
709	0.0120166	0.128157	0.0118558
710	0.0121133	0.128877	0.0119521
711	0.0122536	0.128884	0.0120905
712	0.0123639	0.128023	0.0122048
713	0.0124437	0.129376	0.0122758
714	0.0124872	0.127904	0.0123204
715	0.0125898	0.128617	0.0124204
716	0.0128016	0.130608	0.0126262
717	0.0127913	0.128524	0.0126202
718	0.0128618	0.127814	0.0126905
719	0.0131782	0.128994	0.0130011
720	0.0133327	0.130071	0.0131463
721	0.0131612	0.126514	0.0129838
722	0.0134111	0.128728	0.0132252
723	0.0135179	0.129035	0.0133374
724	0.0137387	0.131648	0.0135444
725	0.0138622	0.13048	0.0136644
726	0.0139287	0.130019	0.0137366
727	0.0138715	0.128443	0.0136735
728	0.0142311	0.131245	0.0140249
729	0.0142246	0.130103	0.0140163
730	0.0143649	0.130427	0.0141508
731	0.0144839	0.132033	0.0142671
732	0.0146207	0.131122	0.0144044
733	0.0147785	0.132279	0.0145564
734	0.014766	0.131609	0.0145368
735	0.0148398	0.131775	0.0146132
736	0.0149216	0.130314	0.0146973
737	0.0151709	0.132983	0.0149227
738	0.0154857	0.133135	0.0152528
739	0.0156399	0.133868	0.0154014
740	0.015843	0.134163	0.0155975
741	0.0156457	0.132098	0.0153957
742	0.0160227	0.135841	0.0157655
743	0.0159591	0.13427	0.0156974
744	0.0163407	0.13695	0.0160605
745	0.0163774	0.13366	0.0160962
746	0.0166892	0.135644	0.0164135
747	0.0168577	0.135655	0.0165742
748	0.0169979	0.135832	0.0167005
749	0.0171556	0.135442	0.0168541
750	0.0173852	0.136197	0.0170836
751	0.0176029	0.138024	0.0172883
752	0.0177464	0.139563	0.0174218
753	0.0181402	0.139533	0.0178005
754	0.018288	0.139912	0.0179487
755	0.0184696	0.139385	0.0181263
756	0.0187625	0.139819	0.018431
757	0.0188545	0.140326	0.0184946
758	0.0190407	0.140603	0.0186632
759	0.0193232	0.141395	0.0189458
760	0.019387	0.14126	0.0189971
761	0.0195732	0.138945	0.0191906
762	0.0197259	0.139906	0.0193368
763	0.0199441	0.141069	0.0195358
764	0.0201123	0.141075	0.0196898
765	0.0206436	0.142885	0.020206
766	0.0207943	0.144065	0.0203496
767	0.0208865	0.142603	0.0204355
768	0.0214496	0.144698	0.0209693
769	0.0215145	0.141593	0.0210481
770	0.0217855	0.142876	0.0213189
771	0.0219666	0.143554	0.0214666
772	0.0220916	0.14357	0.021568
773	0.0223069	0.142269	0.0218053
774	0.0230315	0.145296	0.0225054
775	0.0233221	0.144838	0.0227931
776	0.0238466	0.147094	0.0232925
777	0.0243271	0.148542	0.0237465
778	0.0246446	0.147771	0.0240579
779	0.0249648	0.149424	0.0243382
780	0.0251174	0.148561	0.0244903
781	0.0255934	0.149328	0.0249607
782	0.0255631	0.147179	0.024926
783	0.0264866	0.150655	0.0258313
784	0.0267272	0.150002	0.026054
785	0.0271596	0.152018	0.026456
786	0.0275222	0.152146	0.0268167
787	0.0279159	0.153414	0.0271722
788	0.0284168	0.155266	0.0276355
789	0.028709	0.152836	0.0279436
790	0.0288394	0.151045	0.0280512
791	0.0293191	0.151997	0.0285401
792	0.0300106	0.15602	0.0291634
793	0.0301782	0.154475	0.0293463
794	0.0308856	0.158316	0.0299714
795	0.0313811	0.158877	0.0304625
796	0.031871	0.157568	0.0309375
797	0.0322679	0.157247	0.0313251
798	0.0325381	0.156823	0.0315606
799	0.0335025	0.158955	0.0325033
800	0.0336577	0.159085	0.0326229
801	0.0343731	0.160463	0.0333082
802	0.0350716	0.161453	0.0339794
803	0.0356438	0.161487	0.0345081
804	0.036166	0.162959	0.0349776
805	0.0364909	0.161581	0.0353066
806	0.037169	0.163677	0.0359632
807	0.0379501	0.164506	0.0367125
808	0.0383891	0.164945	0.0370689
809	0.038829	0.162917	0.0375534
810	0.0396338	0.163355	0.0383321
811	0.040379	0.165229	0.0389176
812	0.0416298	0.166883	0.0402058
813	0.0418792	0.166169	0.0404246
814	0.0429138	0.169115	0.0413637
815	0.0435609	0.167949	0.0420328
816	0.0435712	0.166247	0.0420153
817	0.0446603	0.16822	0.043005
818	0.0455609	0.169052	0.0438532
819	0.0461536	0.168662	0.0444439
820	0.0474552	0.172314	0.0456104
821	0.0479721	0.171624	0.0461173
822	0.0487032	0.171051	0.0468355
823	0.0497476	0.174677	0.0477034
824	0.0500152	0.171241	0.0479799
825	0.0508372	0.170203	0.0487827
826	0.0520066	0.173509	0.0497751
827	0.0530472	0.17337	0.0507975
828	0.0535803	0.172819	0.0513436
829	0.0545404	0.173354	0.0521725
830	0.0560009	0.177073	0.0533938
831	0.0573412	0.176684	0.0547674
832	0.0582377	0.176936	0.0555
833	0.059221	0.177616	0.0563761
834	0.0597802	0.175196	0.0569298
835	0.0616079	0.177807	0.0585989
836	0.0628328	0.179652	0.0595372
837	0.0639569	0.178714	0.0607545
838	0.0649144	0.178606	0.0615686
839	0.0664906	0.180956	0.0630385
840	0.0676447	0.181531	0.0640916
841	0.0692878	0.184494	0.0655154
842	0.0704698	0.183962	0.0666309
843	0.070909	0.18255	0.0669509
844	0.072464	0.185467	0.068226
845	0.0736166	0.182979	0.0693697
846	0.0754544	0.184402	0.070988
847	0.0768406	0.185339	0.0722016
848	0.0786303	0.187893	0.0737272
849	0.0797679	0.185851	0.0747593
850	0.0813654	0.188813	0.0760744
851	0.0834524	0.19046	0.07795
852	0.0849638	0.188052	0.0793465
853	0.0866784	0.19096	0.0807715
854	0.0875635	0.190446	0.0814433
855	0.0896677	0.190965	0.0833507
856	0.0912381	0.188735	0.0848524
857	0.0934074	0.190179	0.0867737
858	0.0953495	0.191425	0.0881845
859	0.0976254	0.193298	0.0900658
860	0.100232	0.19288	0.092538
861	0.100836	0.192612	0.0926885
862	0.103722	0.192916	0.0951581
863	0.106161	0.192407	0.0972503
864	0.107922	0.192645	0.0984624
865	0.111752	0.193852	0.101971
866	0.11368	0.192127	0.103682
867	0.115377	0.19324	0.104653
868	0.118188	0.192116	0.107305
869	0.121151	0.195653	0.109717
870	0.123135	0.19015	0.111263
871	0.12643	0.1926	0.113778
872	0.129358	0.193534	0.115986
873	0.132275	0.194887	0.118044
874	0.135255	0.194935	0.120532
875	0.137697	0.193824	0.12244
876	0.142077	0.196003	0.125521
877	0.145519	0.195306	0.128137
878	0.147136	0.192946	0.129029
879	0.151196	0.194573	0.13216
880	0.154862	0.193002	0.134931
881	0.158741	0.192466	0.137361
882	0.162205	0.191556	0.139744
883	0.167173	0.192788	0.143362
884	0.170125	0.190906	0.144868
885	0.17366	0.189581	0.146925
886	0.17813	0.189506	0.150243
887	0.182168	0.191278	0.152099
888	0.18753	0.189032	0.156146
889	0.189577	0.186673	0.15651
890	0.195374	0.185751	0.160232
891	0.200802	0.187201	0.163232
892	0.207324	0.187305	0.166194
893	0.21181	0.186369	0.168838
894	0.216127	0.186835	0.170214
895	0.222151	0.184229	0.173377
896	0.225879	0.182828	0.174433
897	0.230576	0.183063	0.176046
898	0.236978	0.180329	0.17858
899	0.243262	0.181456	0.18088
900	0.247066	0.179228	0.18053
901	0.255605	0.179886	0.183564
902	0.259866	0.178198	0.182671
903	0.267741	0.174524	0.185403
904	0.273954	0.173462	0.184538
905	0.28189	0.173045	0.185684
906	0.289985	0.17258	0.186289
907	0.29642	0.169971	0.184442
908	0.305378	0.166464	0.185466
909	0.313002	0.164747	0.183558
910	0.318931	0.162961	0.180124
911	0.330194	0.159366	0.17762
912	0.337746	0.157457	0.174948
913	0.347337	0.153939	0.169594
914	0.354862	0.15213	0.163534
915	0.363357	0.152255	0.158952
916	0.370882	0.15086	0.155438
917	0.377867	0.148366	0.152758
918	0.386114	0.146214	0.152311
919	0.390201	0.146599	0.15518
920	0.392228	0.145625	0.154865
921	0.396523	0.146584	0.156425
922	0.40363	0.148074	0.157108
923	0.403486	0.148351	0.15865
924	0.409139	0.146959	0.159288
925	0.407244	0.146453	0.161164
926	0.411979	0.147283	0.161409
927	0.422396	0.148317	0.161521
928	0.420716	0.149664	0.161819
929	0.418592	0.144954	0.162487
930	0.414081	0.146803	0.162915
931	0.428103	0.149872	0.165277
932	0.432221	0.147796	0.165142
933	0.430971	0.149804	0.164463
934	0.430978	0.149816	0.164572
935	0.429122	0.149461	0.16568
936	0.426503	0.148981	0.164531
937	0.424277	0.148018	0.164486
938	0.442526	0.148469	0.165216
939	0.450471	0.148503	0.169316
940	0.453217	0.148955	0.16865
941	0.448873	0.149412	0.16788
942	0.448643	0.14987	0.169673
943	0.445499	0.149108	0.170164
944	0.444158	0.152666	0.166812
945	0.442261	0.149244	0.171036
946	0.441924	0.149333	0.170762
947	0.441219	0.149113	0.167815
948	0.437235	0.149664	0.168512
949	0.436579	0.151003	0.167908
950	0.467593	0.14989	0.176817
951	0.473449	0.151719	0.17805
952	0.472065	0.152512	0.176795
953	0.469849	0.152523	0.1766
954	0.469877	0.150733	0.174531
955	0.469742	0.151275	0.176465
956	0.468427	0.152015	0.176621
957	0.467037	0.153215	0.172523
958	0.467834	0.150287	0.17552
959	0.464087	0.150251	0.175946
960	0.460021	0.15359	0.176584
960	0.460021	0.15359	0.176584
961	0.46134	0.151942	0.175719
962	0.461361	0.151689	0.172069
963	0.4589	0.152227	0.176149
964	0.456958	0.153559	0.173055
965	0.455262	0.150827	0.171888
966	0.452589	0.153849	0.172564
967	0.455015	0.151476	0.172174
968	0.453114	0.153316	0.170025
969	0.451021	0.153159	0.173009
970	0.450782	0.150225	0.17048
971	0.450206	0.152963	0.171761
972	0.448587	0.151379	0.171092
973	0.512477	0.152731	0.183599
974	0.512694	0.152847	0.185132
975	0.515926	0.154111	0.188188
976	0.511243	0.153106	0.18466
977	0.514804	0.152774	0.185711
978	0.512994	0.153134	0.185645
979	0.511302	0.153284	0.185485
980	0.508158	0.152949	0.184955
981	0.505724	0.155585	0.18539
982	0.500787	0.153378	0.185693
983	0.500771	0.155114	0.184859
984	0.500514	0.155103	0.183066
985	0.501886	0.154105	0.185084
986	0.499224	0.154582	0.186123
987	0.49829	0.155366	0.186219
988	0.49634	0.156702	0.186445
989	0.493865	0.155353	0.185675
990	0.49425	0.153569	0.18641
991	0.496887	0.154886	0.181642
992	0.491669	0.155568	0.184433
993	0.491509	0.154077	0.187548
994	0.491502	0.154942	0.185268
995	0.485144	0.156917	0.183337
996	0.485753	0.156879	0.18462
997	0.48377	0.15622	0.182405
998	0.482866	0.155043	0.184004
999	0.482301	0.155828	0.182585
1000	0.479517	0.157935	0.186017
1001	0.481916	0.157825	0.181202
1002	0.478437	0.156251	0.183151
1003	0.477451	0.155863	0.180393
1004	0.480304	0.154225	0.180837
1005	0.47556	0.157303	0.18336
1006	0.472083	0.155824	0.184015
1007	0.469396	0.155632	0.181683
1008	0.474008	0.157427	0.182014
1009	0.469775	0.156583	0.182955
1010	0.47056	0.155666	0.182115
1011	0.470135	0.156464	0.179728
1012	0.467848	0.156769	0.180286
1013	0.463746	0.157678	0.179245
1014	0.462403	0.157124	0.178186
1015	0.463426	0.157995	0.177636
1016	0.461101	0.153967	0.178702
1017	0.460487	0.156384	0.175838
1018	0.45742	0.158556	0.1744
1019	0.458729	0.156367	0.180365
1020	0.455225	0.157917	0.177035
1021	0.456642	0.156292	0.17824
1022	0.455946	0.155016	0.175776
1023	0.451361	0.155391	0.175486
1024	0.451291	0.15841	0.179494
1025	0.450278	0.156576	0.179477
1026	0.563368	0.152887	0.201607
1027	0.601508	0.15286	0.208961
1028	0.59623	0.155301	0.2094
1029	0.596246	0.156097	0.208747
1030	0.592725	0.156627	0.212078
1031	0.588606	0.157674	0.211508
1032	0.590709	0.156399	0.209484
1033	0.592901	0.154612	0.204779
1034	0.59356	0.155859	0.209464
1035	0.589242	0.156328	0.208158
1036	0.585963	0.157449	0.2054
1037	0.586849	0.156682	0.206224
1038	0.585759	0.157213	0.210529
1039	0.584288	0.155726	0.206336
1040	0.585767	0.157435	0.205727
1041	0.583739	0.155444	0.205096
1042	0.581788	0.156183	0.202876
1043	0.58214	0.157423	0.204791
1044	0.583901	0.15487	0.200309
1045	0.579545	0.155976	0.202709
1046	0.577906	0.156525	0.206417
1047	0.578183	0.156368	0.203266
1048	0.576444	0.157007	0.205257
1049	0.578194	0.156613	0.201344
1050	0.577373	0.157459	0.201957
1051	0.571529	0.158592	0.203111
1052	0.572369	0.158314	0.203859
1053	0.572372	0.155624	0.203813
1054	0.568532	0.157945	0.203568
1055	0.568692	0.159632	0.205991
1056	0.567544	0.157795	0.204837
1057	0.565099	0.159008	0.204702
1058	0.56557	0.159931	0.204389
1059	0.562489	0.161264	0.203067
1060	0.5623	0.162345	0.203044
1061	0.559776	0.159768	0.205487
1062	0.561162	0.160237	0.205464
1063	0.559109	0.160737	0.204479
1064	0.55632	0.16179	0.202171
1065	0.557868	0.161322	0.201839
1066	0.55794	0.159817	0.202823
1067	0.55387	0.160752	0.205056
1068	0.554811	0.160359	0.201884
1069	0.553081	0.158715	0.204088
1070	0.554762	0.159646	0.204578
1071	0.547491	0.161033	0.204426
1072	0.547824	0.163846	0.202732
1073	0.546973	0.161014	0.205377
1074	0.548269	0.160219	0.203281
1075	0.547102	0.159696	0.201396
1076	0.546037	0.160627	0.200207
1077	0.547125	0.163305	0.204196
1078	0.543725	0.164375	0.204355
1079	0.542443	0.161729	0.20175
1080	0.542976	0.162196	0.199786
1081	0.540337	0.162115	0.20309
1082	0.540277	0.161733	0.203351
1083	0.539299	0.161094	0.200287
1084	0.533572	0.163322	0.196109
1085	0.533581	0.163621	0.201317
1086	0.533165	0.163122	0.198984
1087	0.534429	0.163424	0.202789
1088	0.531662	0.1639	0.202256
1089	0.531475	0.162209	0.200403
1090	0.530492	0.163306	0.201986
1091	0.525669	0.165624	0.201847
1092	0.528127	0.165918	0.202959
1093	0.52502	0.165618	0.199805
1094	0.527244	0.163688	0.201744
1095	0.522709	0.16428	0.201111
1096	0.524684	0.163436	0.197994
1097	0.520877	0.165393	0.202406
1098	0.520713	0.164294	0.199669
1099	0.517766	0.165897	0.200037
1100	0.518068	0.16539	0.199008
1101	0.517928	0.16675	0.199732
1102	0.513089	0.166587	0.201801
1103	0.51205	0.165399	0.201994
1104	0.513131	0.166067	0.199725
1105	0.513619	0.164265	0.199348
1106	0.511537	0.166906	0.199761
1107	0.510075	0.165827	0.20026
1108	0.509277	0.164541	0.20033
1109	0.504723	0.164969	0.198031
1110	0.506859	0.166636	0.198789
1111	0.505378	0.165653	0.195112
1112	0.502806	0.165808	0.196684
1113	0.501207	0.167003	0.19656
1114	0.504307	0.164238	0.198117
1115	0.501101	0.166404	0.196466
1116	0.501193	0.166874	0.195928
1117	0.501001	0.16662	0.197102
1118	0.498896	0.166049	0.194509
1119	0.497573	0.16547	0.193201
1120	0.495262	0.16801	0.19498
1121	0.495272	0.165907	0.194548
1122	0.495589	0.165539	0.194458
1123	0.494219	0.166024	0.193927
1124	0.491056	0.168198	0.193704
1125	0.489469	0.166078	0.197641
1126	0.490828	0.168833	0.196593
1127	0.485889	0.169131	0.193638
1128	0.485598	0.167637	0.192448
1129	0.484098	0.168047	0.194555
1130	0.479607	0.168822	0.189793
1131	0.484262	0.169214	0.191512
1132	0.480343	0.167756	0.192334
1133	0.479518	0.169953	0.194295
1134	0.478756	0.168193	0.197089
1135	0.476781	0.166756	0.195848
1136	0.477195	0.168533	0.192991
1137	0.472557	0.167718	0.1942
1138	0.469972	0.168802	0.193332
1139	0.474354	0.166914	0.195749
1140	0.474722	0.169744	0.192898
1141	0.469379	0.17061	0.194606
1142	0.46801	0.169748	0.193357
1143	0.466523	0.16992	0.194434
1144	0.465718	0.168917	0.19478
1145	0.463935	0.169818	0.191292
1146	0.4656	0.168364	0.190326
1147	0.462822	0.168228	0.193257
1148	0.46327	0.172364	0.192462
1149	0.461705	0.167882	0.192772
1150	0.46103	0.168125	0.190734
1151	0.458633	0.169412	0.191256
1152	0.458434	0.168845	0.192488
1153	0.460828	0.171193	0.191572
1154	0.454653	0.169262	0.187919
1155	0.454638	0.170466	0.18982
1156	0.454207	0.171008	0.190893
1157	0.452734	0.168434	0.189425
1158	0.453916	0.169218	0.188822
1159	0.452499	0.167062	0.188777
1160	0.452712	0.17172	0.18713
1161	0.447396	0.16989	0.188431
1162	0.450379	0.169983	0.189436
1163	0.44625	0.170707	0.18773
1164	0.443648	0.169521	0.188605
1165	0.442757	0.167155	0.186783
1166	0.441869	0.170104	0.18536
1167	0.440648	0.1682	0.184318
1168	0.441287	0.16908	0.185573
1169	0.438865	0.169962	0.187505
1170	0.436405	0.168789	0.18825
1171	0.436335	0.168563	0.187127
1172	0.434997	0.171301	0.188337
1173	0.435424	0.167933	0.186911
1174	0.434725	0.169462	0.183791
1175	0.431951	0.16926	0.188262
1176	0.430949	0.16786	0.186494
1177	0.429017	0.171442	0.186717
1178	0.430996	0.170637	0.186223
1179	0.426334	0.17058	0.184283
1180	0.428451	0.169544	0.187911
1181	0.424808	0.170404	0.184377
1182	0.423923	0.16829	0.18371
1183	0.42293	0.170091	0.182266
1184	0.424752	0.171109	0.182787
1185	0.421782	0.169099	0.181263
1186	0.422288	0.170915	0.181774
1187	0.41993	0.170134	0.181571
1188	0.418894	0.169487	0.183081
1189	0.416585	0.169987	0.18162
1190	0.418191	0.170238	0.183573
1191	0.415961	0.17009	0.18311
1192	0.414218	0.169422	0.181148
1193	0.4107	0.170586	0.183296
1194	0.409665	0.169592	0.183501
1195	0.411406	0.170947	0.184065
1196	0.407894	0.173019	0.180348
1197	0.407034	0.171375	0.181606
1198	0.407285	0.171886	0.180261
1199	0.406723	0.16974	0.181581
1200	0.405869	0.170843	0.181585
1201	0.404944	0.170025	0.179508
1202	0.403388	0.170599	0.179041
1203	0.402965	0.171107	0.179231
1204	0.400932	0.169306	0.180232
1205	0.399623	0.168954	0.179082
1206	0.397831	0.172234	0.178004
1207	0.39628	0.171307	0.178364
1208	0.397851	0.174801	0.179832
1209	0.394459	0.172314	0.178244
1210	0.395558	0.171206	0.179041
1211	0.397341	0.170283	0.177427
1212	0.394085	0.168123	0.175588
1213	0.396108	0.168641	0.178233
1214	0.394686	0.168765	0.176824
1215	0.396837	0.170683	0.173143
1216	0.848332	0.0813454	0.182544
1217	0.984005	0.0148615	0.254821
1218	0.987452	0.0116104	0.200361
1219	0.989725	0.00947017	0.160291
1220	0.991372	0.00791868	0.130636
1221	0.992615	0.00674536	0.10841
1222	0.993578	0.00584029	0.0907488
1223	0.994342	0.00512486	0.0768564
1224	0.99496	0.0045472	0.0659587
1225	0.995467	0.00407602	0.0570178
1226	0.995889	0.00368627	0.0496209
1227	0.996246	0.0033545	0.0438504
1228	0.99655	0.0030732	0.038962
1229	0.996813	0.00283042	0.0349183
1230	0.997041	0.00262169	0.0313512
1231	0.997242	0.00243972	0.0282655
1232	0.997419	0.00227791	0.0257027
1233	0.997577	0.00213397	0.0234987
1234	0.997718	0.00200608	0.0215433
1235	0.997846	0.00189014	0.0198767
1236	0.99796	0.00178633	0.0183747
1237	0.998065	0.0016919	0.0170599
1238	0.99816	0.00160593	0.015889
1239	0.998247	0.00152745	0.0148374
1240	0.998327	0.00145618	0.0138609
1241	0.9984	0.00139034	0.0129936
1242	0.998468	0.00132873	0.0122449
1243	0.998531	0.0012727	0.0115225
1244	0.99859	0.00121996	0.0108965
1245	0.998644	0.00117108	0.0103163
1246	0.998695	0.00112624	0.00975586
1247	0.998743	0.00108378	0.00926291
1248	0.998788	0.00104402	0.00880987
1249	0.99883	0.00100743	0.0083655
1250	0.998869	0.000972133	0.00798796
1251	0.998906	0.000939164	0.00762843
1252	0.998941	0.000907952	0.00729918
1253	0.998974	0.000878661	0.00698612
1254	0.999006	0.000851009	0.00669161
1255	0.999035	0.000824729	0.0064208
1256	0.999063	0.000799816	0.00616672
1257	0.99909	0.000776264	0.00592639
1258	0.999116	0.000753978	0.00569738
1259	0.99914	0.000732593	0.00548424
1260	0.999163	0.000712395	0.00528205
1261	0.999185	0.000693044	0.00509362
1262	0.999207	0.000674474	0.00491545
1263	0.999227	0.000656976	0.00474323
1264	0.999246	0.000640143	0.0045834
1265	0.999264	0.000624162	0.00442852
1266	0.999282	0.000608735	0.00428428
1267	0.999299	0.000593857	0.00415049
1268	0.999315	0.000579609	0.00402311
1269	0.999331	0.000565854	0.00390357
1270	0.999346	0.000552648	0.00378954
1271	0.999361	0.000539976	0.00368067
1272	0.999375	0.000527932	0.00357066
1273	0.999388	0.000516004	0.00347455
1274	0.999401	0.000504619	0.00338182
1275	0.999413	0.000493853	0.00328831
1276	0.999426	0.000483435	0.00319642
1277	0.999437	0.000473516	0.00310842
1278	0.999448	0.000463823	0.00302617
1279	0.999459	0.000454487	0.0029465
1280	0.99947	0.000445232	0.00287543
1281	0.99948	0.000436606	0.00280049
1282	0.99949	0.000427573	0.0027301
1283	0.9995	0.000419388	0.00266392
1284	0.999509	0.000411465	0.00260018
1285	0.999518	0.000403631	0.00254168
1286	0.999527	0.000396113	0.00248301
1287	0.999535	0.000388781	0.00242641
1288	0.999543	0.000381791	0.00237178
1289	0.999551	0.000374917	0.00232062
1290	0.999559	0.00036795	0.00226969
1291	0.999567	0.000361589	0.00221993
1292	0.999574	0.000355374	0.00217283
1293	0.999581	0.000349385	0.00212526
1294	0.999588	0.00034347	0.00207882
1295	0.999595	0.000337919	0.00203304
1296	0.999601	0.000332366	0.00199099
1297	0.999607	0.00032694	0.00195154
1298	0.999614	0.000321648	0.00191291
1299	0.999619	0.00031652	0.00187535
1300	0.999625	0.000311611	0.00183779
