600	0.00530186	0.112738	0.00526347
601	0.0053511	0.113913	0.00531316
602	0.00534135	0.113578	0.00530315
603	0.00525013	0.112024	0.0052123
604	0.0053726	0.115336	0.00533237
605	0.00525724	0.11118	0.00521756
606	0.00536332	0.11213	0.00532345
607	0.0053488	0.112036	0.00530855
608	0.00530755	0.111484	0.0052694
609	0.00546207	0.115281	0.00542165
610	0.00546624	0.114882	0.00542539
611	0.00545288	0.113648	0.00541301
612	0.00543179	0.111572	0.00539305
613	0.00539471	0.109278	0.00535485
614	0.00545828	0.111362	0.00541906
615	0.00547738	0.111207	0.00543876
616	0.00551612	0.111676	0.00547604
617	0.00552683	0.112222	0.00548568
618	0.00553502	0.111483	0.00549354
619	0.00559986	0.112274	0.0055578
620	0.00554246	0.109721	0.00550301
621	0.00553523	0.110031	0.00549366
622	0.00559147	0.110699	0.00554948
623	0.00556372	0.110099	0.00552314
624	0.00572838	0.112522	0.00568434
625	0.00567421	0.109785	0.00563158
626	0.00564811	0.108966	0.00560484
627	0.00564213	0.108231	0.00559905
628	0.0056508	0.108376	0.00560824
629	0.00567564	0.1084	0.00563183
630	0.00580056	0.109724	0.00575662
631	0.00588092	0.111693	0.00583516
632	0.00571918	0.108149	0.00567666
633	0.00574962	0.108127	0.00570226
634	0.00585243	0.108529	0.00580679
635	0.00579666	0.106657	0.00574958
636	0.00595869	0.110547	0.00590952
637	0.00592735	0.108986	0.00587803
638	0.00599231	0.110319	0.00594111
639	0.00595153	0.109447	0.00589931
640	0.0060452	0.109954	0.00599371
641	0.00594017	0.107141	0.00589
642	0.00598238	0.1079	0.00593281
643	0.00599181	0.107184	0.00594041
644	0.00604068	0.107768	0.00598655
645	0.00607715	0.108551	0.00602277
646	0.00609789	0.107441	0.00604321
647	0.00608304	0.107613	0.00602738
648	0.00608394	0.105976	0.00602748
649	0.00607593	0.104689	0.00601968
650	0.00620286	0.106349	0.00614773
651	0.00614269	0.105738	0.00608699
652	0.0061976	0.10525	0.00614113
653	0.00629055	0.106599	0.00623287
654	0.00622167	0.105425	0.00616068
655	0.00634848	0.107473	0.0062886
656	0.006423	0.10843	0.00635994
657	0.00635127	0.105248	0.00629257
658	0.00660461	0.10803	0.00654351
659	0.00647841	0.104802	0.00641882
660	0.00647967	0.106213	0.00641675
661	0.00654156	0.106592	0.00647981
662	0.00657403	0.104755	0.00651225
663	0.00662856	0.105535	0.00656431
664	0.00674683	0.106931	0.00668343
665	0.00667204	0.105567	0.00660719
666	0.00677563	0.10664	0.00671043
667	0.00681965	0.107386	0.00675269
668	0.00688395	0.107929	0.00681787
669	0.00684627	0.106348	0.00678086
670	0.00675484	0.104892	0.00669005
671	0.00685869	0.106007	0.0067912
672	0.00693706	0.107523	0.00686764
673	0.00701067	0.108476	0.00694112
674	0.00703061	0.108331	0.00696159
675	0.00699475	0.106444	0.00692536
676	0.0069514	0.105288	0.00688177
677	0.00699735	0.105793	0.00692742
678	0.00706882	0.106793	0.00699652
679	0.00714556	0.106285	0.00707231
680	0.00732379	0.107599	0.00724689
681	0.00731065	0.107246	0.00723408
682	0.00746409	0.110059	0.00738492
683	0.00739183	0.107798	0.00731396
684	0.00734316	0.107399	0.00726224
685	0.00745885	0.10789	0.0073775
686	0.0074276	0.107641	0.00734646
687	0.00747683	0.107958	0.00739452
688	0.00758102	0.108923	0.00749381
689	0.00767211	0.110079	0.00758515
690	0.00763779	0.108208	0.00755352
691	0.00773046	0.110415	0.00764105
692	0.0077053	0.108551	0.00761756
693	0.00783667	0.108499	0.00775032
694	0.00783846	0.107778	0.00774761
695	0.0078759	0.108719	0.00778155
696	0.00794472	0.107325	0.00785616
697	0.00808198	0.108762	0.00799328
698	0.00806061	0.107672	0.0079678
699	0.00825562	0.109618	0.00816314
700	0.0082439	0.109206	0.00814881
701	0.00824113	0.108805	0.00814448
702	0.00849296	0.111544	0.00839615
703	0.00846258	0.11035	0.0083661
704	0.00848229	0.10948	0.008381
705	0.00860966	0.107751	0.00851402
706	0.00879382	0.110475	0.008693
707	0.00868045	0.107623	0.00857922
708	0.00867008	0.106722	0.00856945
709	0.00878401	0.107742	0.00867989
710	0.0089646	0.109655	0.00886171
711	0.00910468	0.109827	0.00899598
712	0.00910237	0.110197	0.00899194
713	0.00904258	0.107582	0.00893764
714	0.00924604	0.108556	0.00913774
715	0.00919429	0.106805	0.00908542
716	0.00938914	0.108647	0.00927701
717	0.0095059	0.110268	0.00939752
718	0.00957671	0.110544	0.00945811
719	0.00968316	0.111291	0.00956672
720	0.00953689	0.109067	0.00942216
721	0.00960219	0.109957	0.0094812
722	0.00971777	0.109295	0.0095993
723	0.00993134	0.111882	0.00980149
724	0.0100729	0.110932	0.00994693
725	0.010135	0.111944	0.0100033
726	0.0102603	0.112255	0.0101345
727	0.0101542	0.110839	0.0100223
728	0.0105269	0.114488	0.0103948
729	0.0102108	0.109906	0.0100795
730	0.0105738	0.113563	0.010432
731	0.0105968	0.111327	0.0104609
732	0.0107547	0.112156	0.0106139
733	0.0108812	0.112877	0.0107394
734	0.0110275	0.113395	0.0108776
735	0.0110615	0.112432	0.0109094
736	0.0112478	0.11423	0.0110891
737	0.0113038	0.114421	0.0111446
738	0.0114576	0.114938	0.0112993
739	0.0115943	0.113928	0.011437
740	0.0117413	0.114363	0.0115721
741	0.0119877	0.116499	0.011813
742	0.0119654	0.115468	0.0117914
743	0.0120722	0.115452	0.0118948
744	0.0122692	0.116219	0.0120824
745	0.0124353	0.117354	0.0122394
746	0.0124508	0.114813	0.0122614
747	0.0126705	0.115619	0.0124801
748	0.0127762	0.116774	0.0125783
749	0.0127969	0.116555	0.0125935
750	0.0131415	0.11823	0.0129176
751	0.0133778	0.121091	0.0131508
752	0.0133389	0.118193	0.0131136
753	0.0135825	0.117856	0.0133608
754	0.0137103	0.118165	0.0134721
755	0.0139345	0.1184	0.013711
756	0.014193	0.120505	0.0139494
757	0.01422	0.119662	0.0139664
758	0.0142055	0.117204	0.0139697
759	0.0147648	0.122268	0.0144992
760	0.014854	0.119866	0.0146026
761	0.015219	0.122196	0.0149545
762	0.0154595	0.123305	0.015176
763	0.015771	0.123448	0.015487
764	0.0159556	0.12397	0.0156608
765	0.0160729	0.123495	0.0157764
766	0.0162664	0.124133	0.0159577
767	0.0163035	0.122529	0.0159935
768	0.0168825	0.125811	0.0165666
769	0.0169104	0.124568	0.0165952
770	0.0171978	0.126104	0.0168567
771	0.0173503	0.126062	0.0169992
772	0.017634	0.126783	0.0172776
773	0.0179027	0.127689	0.0175269
774	0.0182714	0.128207	0.017888
775	0.0182893	0.124973	0.0179251
776	0.0186425	0.127651	0.0182601
777	0.0189941	0.12985	0.0185882
778	0.0191664	0.128659	0.0187624
779	0.0195089	0.131175	0.0190807
780	0.0201655	0.134211	0.0197277
781	0.0200905	0.130688	0.0196472
782	0.0204813	0.130826	0.020033
783	0.0208121	0.13047	0.0203581
784	0.0212392	0.132648	0.0207624
785	0.0215598	0.133415	0.0210602
786	0.0219437	0.134317	0.0214371
787	0.022246	0.135724	0.0217102
788	0.0226214	0.135423	0.0220863
789	0.0228565	0.135461	0.0223161
790	0.0230488	0.135325	0.0225022
791	0.0234596	0.136023	0.022909
792	0.0241915	0.137768	0.0236132
793	0.0243982	0.137241	0.0237918
794	0.0244486	0.134526	0.0238645
795	0.0252403	0.137899	0.0246131
796	0.0256707	0.13753	0.0250207
797	0.0262736	0.139496	0.0255982
798	0.0264002	0.138795	0.0257089
799	0.0271914	0.142419	0.0264639
800	0.0271121	0.140031	0.0263752
801	0.0274461	0.139596	0.0267179
802	0.0279939	0.140382	0.0272208
803	0.0285277	0.141834	0.0277203
804	0.0293149	0.144119	0.0284706
805	0.0296321	0.144052	0.0287688
806	0.0302606	0.144135	0.0293819
807	0.0308488	0.146976	0.0299235
808	0.03083	0.143326	0.0299009
809	0.0315692	0.143854	0.0306423
810	0.0323845	0.146448	0.0313871
811	0.0328968	0.146399	0.0318773
812	0.0331893	0.145479	0.0321676
813	0.0338536	0.14711	0.0327646
814	0.0347278	0.149158	0.0335784
815	0.0356882	0.151169	0.0345197
816	0.0360495	0.149818	0.0348324
817	0.0367257	0.151645	0.0354441
818	0.0370726	0.148524	0.0357965
819	0.0380286	0.151066	0.0366874
820	0.0387942	0.152053	0.0373879
821	0.0395405	0.152004	0.038151
822	0.0403224	0.152666	0.0388582
823	0.0406728	0.151367	0.0391811
824	0.0415598	0.154758	0.0400112
825	0.0427241	0.157225	0.0411211
826	0.0430328	0.156249	0.0413613
827	0.0431525	0.154879	0.0413993
828	0.0443912	0.156989	0.0426346
829	0.0451747	0.156876	0.043282
830	0.0458729	0.156791	0.0439554
831	0.0470686	0.159598	0.0450765
832	0.0479884	0.160422	0.0459247
833	0.0483337	0.159718	0.0461101
834	0.0498184	0.162858	0.047584
835	0.0508169	0.163359	0.0484322
836	0.0519473	0.162442	0.0495488
837	0.0525272	0.164214	0.0499575
838	0.0536812	0.164456	0.0510932
839	0.054447	0.16331	0.0518235
840	0.0559189	0.16379	0.0531295
841	0.0565441	0.163929	0.0536117
842	0.0585687	0.166125	0.0555812
843	0.0599527	0.167389	0.0568196
844	0.0603679	0.167152	0.0571355
845	0.0617057	0.167218	0.0583461
846	0.0636282	0.168336	0.0601587
847	0.0639828	0.168291	0.0602497
848	0.0668286	0.170774	0.0628395
849	0.0679538	0.168868	0.064056
850	0.068809	0.170376	0.0646385
851	0.0704945	0.171639	0.0662061
852	0.0724168	0.174257	0.0678752
853	0.0732869	0.171893	0.0687778
854	0.0753966	0.17188	0.0706279
855	0.0769754	0.172918	0.071882
856	0.0786575	0.174419	0.0732799
857	0.0801321	0.174135	0.0746292
858	0.0821512	0.175161	0.0763982
859	0.0846438	0.177122	0.0784036
860	0.0861768	0.176276	0.0797827
861	0.0876095	0.176376	0.0809104
862	0.0895802	0.17861	0.0823907
863	0.0920171	0.177371	0.0846944
864	0.0940426	0.179038	0.0860956
865	0.0961645	0.177336	0.0881015
866	0.0994235	0.18096	0.0907226
867	0.100562	0.178291	0.0916381
868	0.102719	0.177333	0.093544
869	0.105456	0.179897	0.0956047
870	0.108133	0.180071	0.0980005
871	0.110762	0.179672	0.10005
872	0.11257	0.177958	0.101718
873	0.115718	0.179824	0.104026
874	0.118555	0.182077	0.10604
875	0.123015	0.182921	0.110022
876	0.124695	0.18251	0.110973
877	0.127399	0.183852	0.112666
878	0.130232	0.181104	0.11524
879	0.13345	0.182025	0.117639
880	0.136058	0.183333	0.118962
881	0.139929	0.183639	0.121798
882	0.14373	0.182874	0.124773
883	0.146962	0.183982	0.126534
884	0.150857	0.181709	0.129662
885	0.153396	0.180935	0.130918
886	0.1579	0.180684	0.134024
887	0.161857	0.180759	0.136233
888	0.165842	0.182173	0.138598
889	0.17079	0.181113	0.141743
890	0.175155	0.181649	0.144375
891	0.182075	0.182614	0.148662
892	0.183181	0.178338	0.149102
893	0.188163	0.176671	0.151186
894	0.196136	0.178674	0.156471
895	0.198616	0.176252	0.156515
896	0.205523	0.177107	0.159318
897	0.208867	0.175278	0.15975
898	0.214724	0.174973	0.162868
899	0.220856	0.173461	0.165489
900	0.226996	0.170885	0.16661
901	0.233521	0.169844	0.168921
902	0.237094	0.169088	0.168882
903	0.24481	0.16845	0.171411
904	0.252618	0.167217	0.172793
905	0.258665	0.167295	0.172826
906	0.264827	0.163608	0.172577
907	0.272199	0.162838	0.17348
908	0.279592	0.163236	0.172818
909	0.287607	0.159926	0.171398
910	0.29669	0.158678	0.170726
911	0.30452	0.155616	0.167557
912	0.309898	0.153957	0.163385
913	0.319487	0.153714	0.16082
914	0.328385	0.148479	0.155403
915	0.338406	0.147793	0.150542
916	0.345995	0.147503	0.148325
917	0.352519	0.145849	0.148817
918	0.356689	0.145994	0.147584
919	0.360159	0.144934	0.148748
920	0.367998	0.143717	0.149546
921	0.371125	0.144457	0.151357
922	0.377822	0.145669	0.15126
923	0.378768	0.144537	0.151881
924	0.385242	0.146257	0.154411
925	0.381361	0.145349	0.154392
926	0.383748	0.147797	0.153845
927	0.394658	0.145443	0.158889
928	0.394147	0.146835	0.157055
929	0.392429	0.146241	0.155739
930	0.389532	0.146226	0.156392
931	0.402654	0.146521	0.159719
932	0.408589	0.148234	0.163079
933	0.402042	0.146649	0.161136
934	0.404158	0.145928	0.159597
935	0.401508	0.148156	0.160558
936	0.401036	0.14786	0.157489
937	0.398448	0.14912	0.160006
938	0.41821	0.149786	0.160975
939	0.426284	0.148506	0.164552
940	0.424851	0.148085	0.164716
941	0.419367	0.149398	0.163062
942	0.419915	0.147962	0.166392
943	0.419321	0.148781	0.164427
944	0.417798	0.149594	0.164538
945	0.414436	0.150118	0.163184
946	0.413151	0.148226	0.163517
947	0.412973	0.14781	0.162566
948	0.413253	0.15081	0.161307
949	0.410262	0.148033	0.160362
950	0.441762	0.150872	0.167861
951	0.450331	0.150345	0.168575
952	0.452451	0.150971	0.170267
953	0.44547	0.149065	0.171276
954	0.44902	0.151402	0.16847
955	0.442306	0.151584	0.167472
956	0.445905	0.150371	0.171399
957	0.441561	0.151668	0.169629
958	0.443099	0.150375	0.168079
959	0.440741	0.150725	0.168199
960	0.440096	0.150702	0.170937
960	0.440096	0.150702	0.170937
961	0.437897	0.150846	0.168725
962	0.435399	0.151702	0.169152
963	0.430301	0.150991	0.169004
964	0.429624	0.151466	0.167845
965	0.429128	0.151528	0.166969
966	0.429344	0.150686	0.168033
967	0.427131	0.153593	0.168766
968	0.42487	0.15218	0.168913
969	0.425705	0.15219	0.168126
970	0.422573	0.152454	0.167793
971	0.423067	0.15123	0.167274
972	0.426152	0.151579	0.166381
973	0.485218	0.154917	0.181173
974	0.491678	0.153946	0.185223
975	0.490097	0.154999	0.18504
976	0.485554	0.154744	0.183683
977	0.486055	0.154187	0.184306
978	0.483658	0.154438	0.181653
979	0.483413	0.154723	0.182704
980	0.48148	0.155258	0.183384
981	0.479422	0.157092	0.184717
982	0.481431	0.155088	0.180918
983	0.478004	0.155712	0.182353
984	0.477587	0.153895	0.180079
985	0.478595	0.154848	0.177135
986	0.474699	0.154687	0.182858
987	0.470397	0.15739	0.178998
988	0.471004	0.156633	0.178588
989	0.47235	0.15419	0.182215
990	0.469003	0.155676	0.18104
991	0.469863	0.154483	0.177668
992	0.468873	0.156048	0.179767
993	0.466209	0.154513	0.179805
994	0.46266	0.155066	0.177008
995	0.462684	0.15519	0.180241
996	0.462321	0.153882	0.176775
997	0.460518	0.154352	0.174201
998	0.458559	0.154397	0.175231
999	0.4582	0.156325	0.176326
1000	0.457442	0.155649	0.178578
1001	0.455078	0.155242	0.176832
1002	0.457587	0.15345	0.175085
1003	0.452391	0.15461	0.174889
1004	0.451176	0.155022	0.177786
1005	0.449352	0.156337	0.175999
1006	0.452051	0.156059	0.17504
1007	0.449579	0.157359	0.179958
1008	0.446859	0.156155	0.177931
1009	0.444896	0.157303	0.176681
1010	0.441229	0.159676	0.178749
1011	0.436342	0.157064	0.176303
1012	0.436345	0.158265	0.176977
1013	0.438775	0.156934	0.172062
1014	0.441049	0.157987	0.175398
1015	0.435322	0.156531	0.173791
1016	0.433141	0.156994	0.173452
1017	0.432869	0.156169	0.173823
1018	0.430357	0.15662	0.173493
1019	0.429046	0.154803	0.17443
1020	0.429627	0.158108	0.175038
1021	0.426965	0.156747	0.171938
1022	0.429017	0.155288	0.170697
1023	0.428592	0.155618	0.172069
1024	0.428516	0.155495	0.169942
1025	0.424422	0.155344	0.170308
1026	0.537606	0.156854	0.197038
1027	0.576966	0.156025	0.201365
1028	0.576194	0.156989	0.20172
1029	0.578037	0.153888	0.200691
1030	0.575898	0.156478	0.201247
1031	0.571019	0.158713	0.202701
1032	0.57313	0.157801	0.200871
1033	0.571343	0.155463	0.201986
1034	0.568925	0.157515	0.203669
1035	0.567304	0.158399	0.203626
1036	0.566683	0.157052	0.20169
1037	0.565576	0.158666	0.202316
1038	0.563985	0.160265	0.203396
1039	0.563471	0.159224	0.203321
1040	0.560966	0.15945	0.200126
1041	0.56009	0.158611	0.203977
1042	0.560402	0.160449	0.203512
1043	0.558251	0.160191	0.201548
1044	0.556229	0.15967	0.199146
1045	0.559077	0.15927	0.204662
1046	0.555179	0.160274	0.202799
1047	0.553677	0.160118	0.201849
1048	0.554381	0.157071	0.201033
1049	0.55446	0.158991	0.203176
1050	0.551068	0.160635	0.202323
1051	0.547087	0.161648	0.201396
1052	0.546506	0.161271	0.201401
1053	0.547397	0.160886	0.202656
1054	0.547109	0.159697	0.200023
1055	0.546736	0.159594	0.200163
1056	0.548135	0.160525	0.202235
1057	0.543188	0.161969	0.202812
1058	0.543673	0.161927	0.201023
1059	0.541846	0.161961	0.19851
1060	0.542169	0.160943	0.199918
1061	0.53897	0.161165	0.199944
1062	0.540702	0.161106	0.198536
1063	0.533983	0.160835	0.196716
1064	0.534075	0.162463	0.19884
1065	0.532418	0.162472	0.197397
1066	0.534308	0.162538	0.201308
1067	0.531782	0.163416	0.200433
1068	0.531489	0.161446	0.19877
1069	0.530486	0.161996	0.201077
1070	0.525561	0.164495	0.200316
1071	0.528073	0.164742	0.201686
1072	0.524959	0.164375	0.198696
1073	0.527109	0.162693	0.199802
1074	0.522445	0.163548	0.199418
1075	0.524659	0.161664	0.196609
1076	0.520506	0.163976	0.201129
1077	0.52036	0.163471	0.197877
1078	0.517586	0.164298	0.200487
1079	0.51817	0.164063	0.197164
1080	0.516336	0.162884	0.198219
1081	0.512632	0.165531	0.201611
1082	0.511664	0.16344	0.201908
1083	0.513594	0.163737	0.19758
1084	0.513319	0.165067	0.197319
1085	0.511598	0.164355	0.200475
1086	0.510094	0.166466	0.198472
1087	0.506832	0.162614	0.198406
1088	0.505533	0.164148	0.196578
1089	0.506289	0.165066	0.197205
1090	0.504516	0.164064	0.195444
1091	0.501824	0.166752	0.196562
1092	0.501963	0.165995	0.195707
1093	0.504045	0.161852	0.194878
1094	0.500758	0.164952	0.197163
1095	0.499908	0.165986	0.198098
1096	0.500548	0.164827	0.198284
1097	0.498731	0.163969	0.193638
1098	0.495422	0.166852	0.191651
1099	0.495771	0.166108	0.194171
1100	0.494181	0.166909	0.191616
1101	0.495377	0.165502	0.191502
1102	0.492097	0.166051	0.193513
1103	0.490569	0.165815	0.195702
1104	0.489333	0.166006	0.195158
1105	0.489583	0.166241	0.193709
1106	0.484591	0.166823	0.191815
1107	0.484878	0.168263	0.191752
1108	0.479642	0.167447	0.188534
1109	0.483999	0.166707	0.191308
1110	0.481238	0.167194	0.190783
1111	0.480182	0.16808	0.190618
1112	0.478684	0.167252	0.195856
1113	0.476542	0.166465	0.193923
1114	0.477961	0.167229	0.189942
1115	0.473715	0.166886	0.19251
1116	0.469787	0.167418	0.192685
1117	0.473546	0.166004	0.19433
1118	0.475116	0.168671	0.192527
1119	0.469676	0.169678	0.193076
1120	0.467899	0.168018	0.192902
1121	0.466379	0.168562	0.193236
1122	0.465656	0.167652	0.19353
1123	0.463874	0.168641	0.189947
1124	0.465458	0.166567	0.189477
1125	0.462836	0.166733	0.191914
1126	0.463011	0.171511	0.191312
1127	0.461531	0.167422	0.190238
1128	0.461108	0.168603	0.1892
1129	0.457772	0.168161	0.191283
1130	0.459111	0.165913	0.191867
1131	0.459993	0.169582	0.189476
1132	0.453735	0.166935	0.188689
1133	0.454902	0.169247	0.18839
1134	0.45325	0.170215	0.188166
1135	0.453276	0.167307	0.187745
1136	0.453201	0.168077	0.186887
1137	0.453127	0.16905	0.188011
1138	0.45051	0.168638	0.186544
1139	0.446781	0.16808	0.186221
1140	0.450384	0.168998	0.18807
1141	0.444713	0.170417	0.188469
1142	0.442897	0.169519	0.184519
1143	0.442086	0.16724	0.186985
1144	0.440944	0.167254	0.183923
1145	0.440049	0.168094	0.182926
1146	0.44115	0.168803	0.188487
1147	0.437664	0.167017	0.186035
1148	0.435993	0.168542	0.185639
1149	0.435628	0.168729	0.185445
1150	0.435233	0.169851	0.187053
1151	0.434796	0.16904	0.181917
1152	0.43416	0.168781	0.183827
1153	0.429717	0.168381	0.188838
1154	0.427598	0.170848	0.185806
1155	0.431933	0.168613	0.183352
1156	0.427675	0.16879	0.185626
1157	0.426134	0.167874	0.184404
1158	0.426568	0.169823	0.184745
1159	0.423674	0.167105	0.183035
1160	0.422468	0.169063	0.182922
1161	0.424372	0.169261	0.182487
1162	0.422009	0.166416	0.180994
1163	0.42173	0.170602	0.180454
1164	0.419948	0.169447	0.17981
1165	0.419218	0.166931	0.182808
1166	0.415734	0.168942	0.179994
1167	0.41862	0.168163	0.182663
1168	0.414942	0.168106	0.181629
1169	0.414019	0.168097	0.180394
1170	0.410483	0.169518	0.181209
1171	0.409338	0.168304	0.181935
1172	0.4107	0.16965	0.182644
1173	0.40731	0.171351	0.179136
1174	0.406362	0.170173	0.17964
1175	0.406696	0.170357	0.178513
1176	0.405852	0.168789	0.179154
1177	0.405168	0.168894	0.180289
1178	0.403663	0.168465	0.17848
1179	0.402024	0.168723	0.177534
1180	0.402415	0.168262	0.178619
1181	0.399119	0.167993	0.178527
1182	0.398172	0.168833	0.177687
1183	0.396388	0.170816	0.177309
1184	0.395134	0.170795	0.177177
1185	0.394061	0.172649	0.177171
1186	0.393115	0.169518	0.176538
1187	0.392268	0.169415	0.177111
1188	0.393378	0.169173	0.176077
1189	0.391326	0.16702	0.174726
1190	0.391245	0.167747	0.177396
1191	0.386863	0.171138	0.174353
1192	0.387648	0.169714	0.17575
1193	0.389522	0.169087	0.174185
1194	0.383987	0.168242	0.173999
1195	0.38573	0.169356	0.170559
1196	0.382617	0.1675	0.173459
1197	0.382426	0.168519	0.174642
1198	0.381175	0.169728	0.173186
1199	0.379419	0.169143	0.176323
1200	0.378179	0.170518	0.174609
1201	0.378057	0.168519	0.171609
1202	0.379521	0.170714	0.172539
1203	0.376252	0.168967	0.171727
1204	0.376708	0.169698	0.17269
1205	0.371708	0.166389	0.171538
1206	0.372125	0.166922	0.171358
1207	0.370162	0.169552	0.168325
1208	0.371409	0.169613	0.170277
1209	0.367665	0.168931	0.172226
1210	0.367754	0.167213	0.171741
1211	0.37141	0.168664	0.170401
1212	0.371568	0.165618	0.170558
1213	0.368944	0.169348	0.170237
1214	0.370897	0.168087	0.167825
1215	0.369399	0.165233	0.16539
1216	0.837309	0.0839279	0.189337
1217	0.981854	0.0168531	0.284833
1218	0.985782	0.0131468	0.224919
1219	0.988436	0.0106413	0.177624
1220	0.990376	0.00881306	0.141256
1221	0.991826	0.00745083	0.114104
1222	0.992935	0.00641024	0.0940524
1223	0.993803	0.00559851	0.0788242
1224	0.994497	0.0049512	0.0670802
1225	0.995063	0.00442651	0.0577304
1226	0.995531	0.00399457	0.0501347
1227	0.995925	0.00363321	0.0439278
1228	0.99626	0.00332454	0.0389643
1229	0.996549	0.00305962	0.0348278
1230	0.996799	0.00283099	0.0312823
1231	0.997019	0.00262986	0.0283466
1232	0.997212	0.00245382	0.0257632
1233	0.997384	0.00229843	0.0234912
1234	0.997538	0.00215773	0.0216205
1235	0.997676	0.00203139	0.0199826
1236	0.997801	0.00191855	0.0184848
1237	0.997915	0.00181614	0.0171669
1238	0.998018	0.00172291	0.0159926
1239	0.998113	0.00163753	0.0149544
1240	0.998199	0.00155954	0.0140086
1241	0.998279	0.00148764	0.0131631
1242	0.998353	0.00142154	0.0123868
1243	0.998421	0.00136008	0.0116953
1244	0.998485	0.00130388	0.0110342
1245	0.998544	0.00125121	0.0104457
1246	0.998599	0.0012021	0.00990681
1247	0.99865	0.00115624	0.00940977
1248	0.998698	0.00111362	0.00894289
1249	0.998744	0.00107297	0.00853345
1250	0.998786	0.00103503	0.0081484
1251	0.998826	0.000999427	0.00778777
1252	0.998864	0.00096599	0.00744554
1253	0.9989	0.000934474	0.00712771
1254	0.998934	0.000904621	0.00683221
1255	0.998966	0.000876757	0.00654505
1256	0.998996	0.000850059	0.00628554
1257	0.999025	0.000824853	0.00603378
1258	0.999053	0.000800705	0.00579679
1259	0.999079	0.00077826	0.00556974
1260	0.999104	0.000756521	0.00536664
1261	0.999128	0.000735652	0.00517847
1262	0.999151	0.000715925	0.00499439
1263	0.999173	0.000697232	0.00481888
1264	0.999193	0.000679241	0.00465601
1265	0.999214	0.000661711	0.00450116
1266	0.999233	0.000645138	0.00435756
1267	0.999251	0.000629588	0.00421278
1268	0.999268	0.000614576	0.00407707
1269	0.999285	0.000599859	0.00395647
1270	0.999301	0.000585858	0.00383471
1271	0.999317	0.000572441	0.00372061
1272	0.999332	0.000559539	0.00361252
1273	0.999346	0.000547087	0.00350917
1274	0.99936	0.000535129	0.00341026
1275	0.999373	0.00052376	0.00331253
1276	0.999386	0.000512582	0.00322427
1277	0.999399	0.000501788	0.00313961
1278	0.999411	0.000491424	0.00305769
1279	0.999422	0.000481634	0.00297421
1280	0.999434	0.000471835	0.00290145
1281	0.999445	0.000462581	0.00282628
1282	0.999455	0.000453596	0.00275533
1283	0.999465	0.000444796	0.0026889
1284	0.999475	0.000436263	0.00262614
1285	0.999485	0.000428139	0.00256272
1286	0.999494	0.00041976	0.00250038
1287	0.999503	0.000412147	0.00244156
1288	0.999512	0.000404689	0.00238642
1289	0.999522	0.000396537	0.00232282
1290	0.99953	0.000389689	0.00226861
1291	0.999538	0.000382839	0.0022203
1292	0.999546	0.000376225	0.0021726
1293	0.999553	0.000369947	0.00212363
1294	0.999561	0.000363549	0.00208077
1295	0.999568	0.000357354	0.00203804
1296	0.999575	0.000351412	0.00199712
1297	0.999582	0.000345636	0.00195749
1298	0.999588	0.000340115	0.001917
1299	0.999595	0.000334688	0.0018789
1300	0.999601	0.000329093	0.00183977
