600	0.00373501	0.0991998	0.00371213
601	0.00370862	0.0960392	0.00368588
602	0.00373562	0.0970126	0.00371264
603	0.00371979	0.0967192	0.00369689
604	0.00378254	0.0983381	0.00375908
605	0.00380081	0.0978091	0.00377666
606	0.00380288	0.0988795	0.00377824
607	0.00380963	0.0980497	0.00378527
608	0.00380989	0.0971334	0.00378598
609	0.00378989	0.0964042	0.00376709
610	0.00379773	0.0966312	0.00377255
611	0.00379219	0.0960803	0.00376868
612	0.00386604	0.097142	0.00384169
613	0.00386922	0.0956446	0.00384409
614	0.00383741	0.0949022	0.00381332
615	0.00384967	0.0949187	0.00382479
616	0.0037937	0.0919739	0.00376936
617	0.00381919	0.0931559	0.00379381
618	0.00392129	0.094725	0.0038961
619	0.00400946	0.096716	0.00398406
620	0.00386003	0.0926634	0.00383577
621	0.00386378	0.0929777	0.00383736
622	0.00393358	0.0933128	0.00390742
623	0.00392138	0.0927494	0.00389417
624	0.00400794	0.0951572	0.00398006
625	0.0039274	0.0911436	0.0039011
626	0.00404372	0.0955199	0.00401423
627	0.00399958	0.0931978	0.0039734
628	0.00405244	0.09379	0.0040251
629	0.00403184	0.0929653	0.00400508
630	0.0040293	0.0934905	0.0040006
631	0.00403406	0.0917887	0.00400598
632	0.00405758	0.0917675	0.00402894
633	0.00412288	0.0942081	0.00409366
634	0.00408183	0.0909192	0.00405372
635	0.00408482	0.0924602	0.00405554
636	0.00408088	0.0900199	0.00405007
637	0.00408693	0.0900613	0.004057
638	0.00416345	0.0923008	0.0041324
639	0.00414595	0.0908281	0.00411538
640	0.00414507	0.0899827	0.0041149
641	0.00419159	0.0910031	0.0041609
642	0.00413969	0.089233	0.00410866
643	0.00423629	0.0921258	0.0042028
644	0.0043118	0.0928728	0.00427772
645	0.0042783	0.090532	0.00424524
646	0.00430922	0.0894346	0.00427636
647	0.0043131	0.0902032	0.0042784
648	0.00424589	0.0890952	0.00421173
649	0.00433728	0.0898856	0.00430249
650	0.00435969	0.0892325	0.00432604
651	0.00441063	0.0901668	0.00437443
652	0.00441619	0.0900817	0.00437966
653	0.00447776	0.0919978	0.00443991
654	0.00446335	0.0909817	0.00442654
655	0.00445437	0.0906795	0.00441703
656	0.0045029	0.0915175	0.00446457
657	0.00445412	0.0897532	0.00441739
658	0.00448604	0.0896579	0.00444864
659	0.00451475	0.0904995	0.00447626
660	0.0045881	0.0924252	0.0045498
661	0.00457613	0.0915013	0.0045375
662	0.00452826	0.0895544	0.00449008
663	0.00452085	0.0890433	0.004484
664	0.00455978	0.0893729	0.00452144
665	0.0045812	0.0898836	0.00454166
666	0.00466815	0.0907002	0.00462809
667	0.00470749	0.0896004	0.00466747
668	0.00471809	0.0900187	0.00467715
669	0.00481107	0.0927499	0.00476779
670	0.00476921	0.090633	0.00472842
671	0.00474745	0.0909954	0.00470376
672	0.00478262	0.0903938	0.00474076
673	0.00478382	0.0906615	0.00474139
674	0.00480813	0.0913511	0.00476416
675	0.00486256	0.0906887	0.00481857
676	0.00489599	0.0917924	0.00484927
677	0.00486215	0.0898017	0.0048178
678	0.00493463	0.0919268	0.00488672
679	0.00498028	0.092275	0.00493189
680	0.00503599	0.0911021	0.00499044
681	0.00501362	0.0903426	0.00496447
682	0.00505138	0.0901739	0.00500425
683	0.00515301	0.0915305	0.00510412
684	0.00516105	0.0917869	0.00510968
685	0.00516399	0.0891929	0.00511499
686	0.00522184	0.0902215	0.00517286
687	0.00526322	0.0908074	0.00521237
688	0.00534131	0.091827	0.00528873
689	0.00543828	0.0936078	0.00538443
690	0.00540395	0.0926153	0.00534976
691	0.00545151	0.0909732	0.00539848
692	0.00558554	0.0929857	0.00552831
693	0.00564259	0.0928429	0.00558624
694	0.00553743	0.0900754	0.00548332
695	0.00559818	0.0896377	0.00554291
696	0.0057207	0.0926145	0.00566385
697	0.00577567	0.0929598	0.0057158
698	0.00575486	0.0917886	0.00569758
699	0.00582339	0.0928927	0.00576312
700	0.00583954	0.0911428	0.00578125
701	0.00583521	0.0901989	0.00577549
702	0.00591792	0.0910852	0.00585807
703	0.00587017	0.0898796	0.0058111
704	0.0060287	0.0918016	0.00596472
705	0.00610537	0.0931101	0.00604214
706	0.00603199	0.0906977	0.00597123
707	0.00613149	0.0942916	0.00606663
708	0.00610065	0.0917015	0.00603579
709	0.00625519	0.0927677	0.00619004
710	0.00634275	0.0925712	0.00628009
711	0.00635416	0.0924487	0.00628817
712	0.00643035	0.0928236	0.00636267
713	0.0063289	0.0912161	0.00626264
714	0.00653247	0.0952066	0.00646193
715	0.00637771	0.0907213	0.00631046
716	0.00664014	0.0950357	0.00657151
717	0.00661527	0.0931157	0.00654156
718	0.00669414	0.0938024	0.00661962
719	0.00676529	0.0933279	0.00669079
720	0.00688347	0.0945832	0.00680847
721	0.0069089	0.0934085	0.00683185
722	0.00704277	0.0954071	0.00696049
723	0.00707196	0.0951994	0.00699102
724	0.00711177	0.0957569	0.00702727
725	0.00726887	0.0962397	0.00718501
726	0.00726356	0.0948328	0.007179
727	0.00748292	0.0977187	0.00739328
728	0.00744166	0.0959349	0.00735359
729	0.00753514	0.0968021	0.00744462
730	0.00765358	0.0970139	0.00755909
731	0.00774692	0.097483	0.0076517
732	0.00775978	0.0951862	0.00766637
733	0.0079394	0.0972092	0.0078445
734	0.00796246	0.0986921	0.00785424
735	0.00800914	0.0979594	0.00790836
736	0.00826783	0.100208	0.00815814
737	0.00832459	0.100147	0.00821742
738	0.00839161	0.0996904	0.00827904
739	0.00861682	0.101324	0.0084977
740	0.00856127	0.0986168	0.00844484
741	0.008717	0.0998264	0.00860254
742	0.00898419	0.102571	0.00885915
743	0.00891129	0.100336	0.0087859
744	0.00901947	0.100815	0.00889401
745	0.00924688	0.102106	0.00911918
746	0.00945735	0.102636	0.0093261
747	0.00966609	0.104104	0.00952776
748	0.00991776	0.105465	0.00977848
749	0.010045	0.104959	0.00989803
750	0.0101513	0.105527	0.00999664
751	0.0102212	0.105449	0.0100646
752	0.0103155	0.104612	0.0101546
753	0.0103257	0.104112	0.0101682
754	0.010665	0.106033	0.0104997
755	0.0107843	0.106479	0.0106137
756	0.0109744	0.10751	0.0107965
757	0.0111715	0.108116	0.0109971
758	0.0112694	0.108838	0.0110906
759	0.0113682	0.107802	0.011185
760	0.0114708	0.106432	0.0112939
761	0.0114967	0.105434	0.011315
762	0.0118112	0.1091	0.0116177
763	0.0119138	0.108931	0.0117118
764	0.0121276	0.109591	0.011924
765	0.0124774	0.112242	0.0122701
766	0.0125867	0.110074	0.0123788
767	0.0128313	0.111454	0.0126076
768	0.0129388	0.110036	0.0127158
769	0.0132766	0.112281	0.0130425
770	0.0135144	0.113716	0.0132653
771	0.0136211	0.112968	0.0133767
772	0.0139142	0.114781	0.0136563
773	0.0141324	0.113903	0.0138789
774	0.0141852	0.113689	0.0139205
775	0.0144184	0.115267	0.0141437
776	0.0146209	0.115447	0.014341
777	0.0150343	0.115962	0.0147579
778	0.0152697	0.11669	0.0149797
779	0.0151722	0.113639	0.0148796
780	0.0158522	0.118167	0.0155413
781	0.0159396	0.116217	0.0156237
782	0.0163253	0.117919	0.0159883
783	0.0164113	0.118345	0.0160695
784	0.0168095	0.120437	0.0164613
785	0.016653	0.117242	0.0163095
786	0.0170212	0.118979	0.0166675
787	0.017557	0.120688	0.0171886
788	0.0176637	0.120636	0.0172894
789	0.0181825	0.122269	0.017784
790	0.0183597	0.121627	0.0179589
791	0.0186873	0.123332	0.0182596
792	0.0189741	0.12234	0.0185504
793	0.0191279	0.121965	0.0187077
794	0.0196901	0.124177	0.0192372
795	0.0201168	0.12445	0.0196623
796	0.0205102	0.126851	0.0200157
797	0.0205799	0.124247	0.0200857
798	0.0210401	0.125677	0.0205325
799	0.0215144	0.127796	0.0209809
800	0.0219396	0.129654	0.0213788
801	0.0222268	0.128553	0.0216456
802	0.0228121	0.130331	0.0222099
803	0.0226079	0.126259	0.022011
804	0.0233072	0.130264	0.0226786
805	0.0239328	0.131554	0.0232855
806	0.0243271	0.130756	0.0236555
807	0.0245343	0.129933	0.02387
808	0.025088	0.131266	0.0244074
809	0.0258743	0.135261	0.0251722
810	0.0257893	0.132649	0.0250545
811	0.0259748	0.131918	0.0252129
812	0.0266717	0.134255	0.0258727
813	0.0270476	0.133721	0.0262174
814	0.0275229	0.134202	0.0266677
815	0.028279	0.136857	0.0274258
816	0.0287398	0.136434	0.0278704
817	0.0290051	0.13727	0.0280455
818	0.0299516	0.14136	0.0289467
819	0.0305949	0.142416	0.0295467
820	0.030929	0.138841	0.0299181
821	0.0315407	0.142512	0.0304688
822	0.0319845	0.141749	0.0308496
823	0.0326006	0.142995	0.0314201
824	0.0329086	0.138752	0.0317642
825	0.0338684	0.141133	0.0326334
826	0.0346335	0.141856	0.0333925
827	0.0355921	0.1438	0.0343126
828	0.0357663	0.14333	0.0343983
829	0.0366118	0.145111	0.0352051
830	0.0375838	0.145792	0.03614
831	0.0381167	0.146035	0.0366371
832	0.0393021	0.146523	0.0376991
833	0.0400592	0.146697	0.0384528
834	0.0406298	0.148555	0.0389416
835	0.0415252	0.149367	0.0398045
836	0.0423833	0.150851	0.0405641
837	0.0432536	0.150717	0.0413842
838	0.0441933	0.150556	0.0422374
839	0.0452758	0.151936	0.0432076
840	0.0459371	0.151771	0.0437815
841	0.0468765	0.151816	0.0447043
842	0.0481999	0.154892	0.0457858
843	0.0492603	0.154079	0.0468527
844	0.0507096	0.156294	0.0482246
845	0.0512341	0.155035	0.0487059
846	0.0524615	0.156642	0.049769
847	0.053755	0.157922	0.0508774
848	0.0551105	0.159622	0.0520686
849	0.0563926	0.159374	0.0532402
850	0.0584166	0.162498	0.0550611
851	0.0586798	0.160212	0.0552388
852	0.0602832	0.159844	0.0567328
853	0.0614722	0.161192	0.0576922
854	0.0632135	0.161376	0.0593932
855	0.0642548	0.161199	0.0602983
856	0.0662794	0.162328	0.0620767
857	0.0671888	0.161415	0.0628538
858	0.0694151	0.165067	0.064896
859	0.0714079	0.166698	0.0666213
860	0.0724711	0.168325	0.0673551
861	0.0740715	0.167325	0.0686885
862	0.0756624	0.167187	0.0701299
863	0.0773226	0.16831	0.0714976
864	0.0792249	0.169541	0.0731056
865	0.0811263	0.16806	0.0747633
866	0.0827593	0.168987	0.0760135
867	0.085738	0.170587	0.078605
868	0.0867821	0.168502	0.07955
869	0.0894256	0.169996	0.0815988
870	0.0918653	0.169534	0.0836612
871	0.0938722	0.170181	0.0854782
872	0.0967488	0.172528	0.0876523
873	0.0995665	0.172707	0.0897452
874	0.10266	0.174144	0.092522
875	0.104688	0.173513	0.093967
876	0.106618	0.169176	0.0956609
877	0.111007	0.172887	0.0992044
878	0.112666	0.171999	0.100341
879	0.116145	0.173454	0.102827
880	0.118469	0.172273	0.104586
881	0.121736	0.173339	0.106985
882	0.125461	0.173368	0.1097
883	0.128713	0.171185	0.111945
884	0.132293	0.171891	0.114618
885	0.134393	0.170891	0.116121
886	0.139249	0.173652	0.119489
887	0.14374	0.173939	0.122478
888	0.147147	0.173914	0.124624
889	0.150602	0.170695	0.127037
890	0.155024	0.174015	0.129426
891	0.159452	0.17364	0.132211
892	0.163675	0.171754	0.134878
893	0.168542	0.172066	0.1376
894	0.172506	0.169886	0.139643
895	0.176373	0.17125	0.141294
896	0.182153	0.17192	0.143801
897	0.186455	0.168983	0.146423
898	0.192563	0.169205	0.1485
899	0.197705	0.168665	0.150508
900	0.202499	0.166246	0.152576
901	0.206973	0.165407	0.153547
902	0.21373	0.165124	0.155197
903	0.220648	0.163012	0.156727
904	0.22787	0.164147	0.159216
905	0.236496	0.162238	0.160831
906	0.241462	0.158705	0.160401
907	0.248604	0.157848	0.161523
908	0.254503	0.156175	0.160925
909	0.261629	0.153678	0.159405
910	0.271162	0.15333	0.159853
911	0.280893	0.152023	0.157502
912	0.286741	0.151634	0.153547
913	0.295286	0.150132	0.151004
914	0.305309	0.146322	0.149331
915	0.312429	0.143587	0.143368
916	0.320375	0.142686	0.142387
917	0.324839	0.143595	0.14091
918	0.331812	0.142382	0.140892
919	0.336385	0.141686	0.144163
920	0.341096	0.140785	0.145073
921	0.347149	0.141718	0.144068
922	0.350936	0.14295	0.145783
923	0.350769	0.143639	0.145673
924	0.355495	0.144227	0.149404
925	0.355919	0.143601	0.149699
926	0.361459	0.145256	0.148553
927	0.368665	0.143779	0.151104
928	0.365235	0.144438	0.151495
929	0.365411	0.144067	0.148814
930	0.36544	0.145992	0.149119
931	0.376809	0.146212	0.150946
932	0.383273	0.14656	0.152716
933	0.381331	0.144026	0.151431
934	0.382375	0.146477	0.152316
935	0.37631	0.145328	0.15289
936	0.378294	0.146061	0.151856
937	0.372723	0.146918	0.150131
938	0.395087	0.147106	0.159049
939	0.400089	0.147811	0.158548
940	0.399376	0.144983	0.157527
941	0.397679	0.147302	0.157265
942	0.3961	0.146379	0.159652
943	0.395039	0.145902	0.156906
944	0.392555	0.147125	0.157077
945	0.388294	0.146146	0.157056
946	0.388139	0.146694	0.157218
947	0.38713	0.149053	0.154912
948	0.38852	0.144946	0.15772
949	0.384221	0.148989	0.157744
950	0.414101	0.150333	0.164873
951	0.424262	0.15114	0.167835
952	0.421778	0.151515	0.166718
953	0.423689	0.148399	0.165856
954	0.421224	0.150406	0.164566
955	0.420109	0.150383	0.167385
956	0.420031	0.149529	0.165475
957	0.415744	0.150144	0.165955
958	0.413775	0.151295	0.16716
959	0.412143	0.149964	0.163887
960	0.41117	0.151568	0.164984
960	0.41117	0.151568	0.164984
961	0.412117	0.149283	0.163426
962	0.407936	0.14827	0.16453
963	0.407695	0.152502	0.163825
964	0.405356	0.149651	0.162629
965	0.404221	0.149738	0.161067
966	0.406818	0.148159	0.161956
967	0.403117	0.149496	0.163444
968	0.400449	0.149821	0.162166
969	0.397505	0.14934	0.16302
970	0.401146	0.150677	0.162296
971	0.396858	0.149305	0.162016
972	0.401244	0.149428	0.161916
973	0.462928	0.153038	0.17836
974	0.466363	0.154989	0.178117
975	0.463141	0.155131	0.176251
976	0.462209	0.153891	0.177865
977	0.463142	0.152702	0.175072
978	0.461054	0.153773	0.172986
979	0.458556	0.153715	0.173727
980	0.457458	0.15525	0.1748
981	0.458261	0.1547	0.177055
982	0.454564	0.153804	0.175633
983	0.457633	0.152462	0.173851
984	0.45259	0.153392	0.174361
985	0.451262	0.154106	0.175952
986	0.44936	0.155223	0.174882
987	0.451984	0.154624	0.173941
988	0.449563	0.156193	0.17854
989	0.44681	0.155025	0.176926
990	0.444731	0.155837	0.175662
991	0.440782	0.158626	0.177119
992	0.435983	0.156294	0.175445
993	0.436838	0.157015	0.175104
994	0.438991	0.154974	0.17221
995	0.440198	0.157811	0.173022
996	0.435236	0.155599	0.173208
997	0.432764	0.156121	0.171897
998	0.432039	0.155489	0.171276
999	0.429519	0.154344	0.174485
1000	0.431676	0.152273	0.172946
1001	0.427426	0.157019	0.171952
1002	0.427413	0.156543	0.170038
1003	0.42852	0.15473	0.168954
1004	0.427651	0.155765	0.170839
1005	0.426692	0.152785	0.169564
1006	0.421079	0.154605	0.168274
1007	0.42162	0.154549	0.169028
1008	0.421902	0.153511	0.167518
1009	0.421092	0.154215	0.169254
1010	0.421593	0.152284	0.16792
1011	0.415654	0.155141	0.167432
1012	0.41544	0.15519	0.168938
1013	0.415919	0.153138	0.1665
1014	0.414331	0.152911	0.168182
1015	0.411907	0.157912	0.168222
1016	0.409607	0.153449	0.169195
1017	0.406965	0.154614	0.16549
1018	0.405935	0.154664	0.165991
1019	0.404342	0.156343	0.167716
1020	0.404435	0.156452	0.167494
1021	0.402208	0.153542	0.167849
1022	0.403878	0.155741	0.169345
1023	0.401321	0.155584	0.166861
1024	0.398889	0.1564	0.164169
1025	0.402209	0.1551	0.166912
1026	0.515489	0.158185	0.192761
1027	0.553208	0.158391	0.199673
1028	0.5539	0.156622	0.200552
1029	0.553801	0.157898	0.200887
1030	0.5527	0.158363	0.201194
1031	0.546719	0.1599	0.201383
1032	0.546825	0.160413	0.200983
1033	0.547349	0.161043	0.201474
1034	0.546781	0.157647	0.198724
1035	0.546614	0.159329	0.198027
1036	0.548027	0.159565	0.199899
1037	0.543034	0.160676	0.201626
1038	0.543504	0.161033	0.200236
1039	0.541641	0.160508	0.197366
1040	0.542079	0.159683	0.198816
1041	0.53908	0.159885	0.199102
1042	0.540474	0.159691	0.197115
1043	0.533844	0.160026	0.19452
1044	0.533654	0.161597	0.198186
1045	0.53298	0.160528	0.19684
1046	0.534236	0.161033	0.199665
1047	0.53155	0.161816	0.198844
1048	0.531729	0.160353	0.197334
1049	0.529155	0.161567	0.19893
1050	0.526833	0.164229	0.198919
1051	0.526562	0.164511	0.199814
1052	0.525482	0.16187	0.199102
1053	0.526549	0.162657	0.197642
1054	0.521386	0.162969	0.19773
1055	0.524406	0.160623	0.197388
1056	0.520089	0.162263	0.199268
1057	0.519916	0.162009	0.197354
1058	0.516424	0.163011	0.199836
1059	0.518552	0.163519	0.197028
1060	0.515703	0.163999	0.196558
1061	0.510241	0.163864	0.199265
1062	0.51313	0.164144	0.197886
1063	0.513781	0.161472	0.195881
1064	0.512143	0.16275	0.19814
1065	0.510179	0.163558	0.198123
1066	0.509361	0.162717	0.19802
1067	0.504609	0.163076	0.196022
1068	0.506622	0.163619	0.197077
1069	0.5053	0.163419	0.192152
1070	0.502893	0.162829	0.194689
1071	0.501144	0.16428	0.194342
1072	0.504117	0.162105	0.194843
1073	0.500457	0.164034	0.19452
1074	0.500531	0.165243	0.194421
1075	0.500807	0.164626	0.195238
1076	0.498797	0.163175	0.19199
1077	0.496378	0.162716	0.190477
1078	0.495103	0.16538	0.191778
1079	0.494463	0.164046	0.191306
1080	0.495532	0.164182	0.190384
1081	0.492563	0.165573	0.190871
1082	0.490755	0.165832	0.195042
1083	0.488614	0.165158	0.192532
1084	0.490252	0.16472	0.192533
1085	0.484129	0.165354	0.190248
1086	0.485313	0.167456	0.191049
1087	0.47959	0.166321	0.187059
1088	0.483665	0.165876	0.18925
1089	0.481593	0.16558	0.189824
1090	0.480259	0.166497	0.18911
1091	0.478693	0.165852	0.19465
1092	0.476591	0.165331	0.192489
1093	0.4778	0.165742	0.189289
1094	0.473241	0.165704	0.190998
1095	0.469499	0.166046	0.191296
1096	0.474033	0.164804	0.193229
1097	0.474364	0.166762	0.190582
1098	0.469044	0.167209	0.192401
1099	0.467946	0.166876	0.191545
1100	0.466388	0.166937	0.191705
1101	0.465248	0.16548	0.192079
1102	0.463342	0.166927	0.189308
1103	0.464541	0.16457	0.188343
1104	0.462898	0.16583	0.19052
1105	0.462292	0.1683	0.191776
1106	0.461687	0.164689	0.190783
1107	0.460809	0.167141	0.190293
1108	0.456631	0.168085	0.190133
1109	0.460919	0.166052	0.191041
1110	0.457592	0.167609	0.187135
1111	0.453154	0.1664	0.187895
1112	0.454519	0.16774	0.188502
1113	0.453861	0.166132	0.18872
1114	0.454136	0.164972	0.186068
1115	0.452128	0.165466	0.185392
1116	0.452981	0.168523	0.185776
1117	0.448022	0.165915	0.185701
1118	0.44986	0.167056	0.185574
1119	0.447258	0.168177	0.185499
1120	0.44341	0.167331	0.184955
1121	0.442386	0.164483	0.184243
1122	0.44166	0.167354	0.183294
1123	0.440262	0.165117	0.182338
1124	0.4407	0.166516	0.183849
1125	0.438185	0.166657	0.185455
1126	0.435769	0.166652	0.185948
1127	0.435947	0.166932	0.182626
1128	0.434347	0.169531	0.185335
1129	0.435308	0.16694	0.18217
1130	0.434456	0.165955	0.181702
1131	0.430487	0.167441	0.185032
1132	0.428894	0.168638	0.183918
1133	0.430573	0.167406	0.182227
1134	0.429013	0.168047	0.183328
1135	0.425758	0.167133	0.18285
1136	0.42708	0.167559	0.185459
1137	0.424187	0.167341	0.180708
1138	0.422069	0.167888	0.18174
1139	0.424105	0.168009	0.180794
1140	0.421869	0.165504	0.179389
1141	0.421696	0.169555	0.179269
1142	0.41989	0.168149	0.178787
1143	0.419092	0.165721	0.181684
1144	0.415649	0.167281	0.179034
1145	0.418226	0.167152	0.181152
1146	0.414894	0.16684	0.180837
1147	0.413729	0.166181	0.179194
1148	0.409996	0.167615	0.180828
1149	0.40938	0.167289	0.180479
1150	0.410564	0.168428	0.180412
1151	0.407695	0.169903	0.177873
1152	0.406191	0.1679	0.179262
1153	0.406397	0.167559	0.177574
1154	0.405229	0.167798	0.178159
1155	0.404816	0.167264	0.178658
1156	0.403117	0.166667	0.178119
1157	0.401355	0.167797	0.174937
1158	0.401311	0.167989	0.177274
1159	0.398612	0.167869	0.176498
1160	0.397319	0.167523	0.177467
1161	0.395089	0.168537	0.176588
1162	0.395554	0.168985	0.177323
1163	0.391205	0.169482	0.17622
1164	0.393486	0.16716	0.177067
1165	0.393507	0.167415	0.174925
1166	0.391965	0.165178	0.174076
1167	0.391104	0.166063	0.176236
1168	0.389096	0.167785	0.173773
1169	0.386289	0.168622	0.172774
1170	0.388185	0.167702	0.17168
1171	0.386036	0.169647	0.172964
1172	0.384889	0.166453	0.172082
1173	0.383201	0.166977	0.171882
1174	0.380971	0.168389	0.172261
1175	0.381546	0.166131	0.173249
1176	0.380117	0.169508	0.174109
1177	0.377917	0.167684	0.174107
1178	0.376278	0.167879	0.172584
1179	0.379291	0.166851	0.171717
1180	0.37525	0.167602	0.168527
1181	0.376067	0.168252	0.171735
1182	0.372226	0.166114	0.169929
1183	0.371492	0.164699	0.169425
1184	0.368352	0.16771	0.166363
1185	0.368456	0.165717	0.169148
1186	0.367036	0.167631	0.169855
1187	0.365603	0.166276	0.170466
1188	0.367272	0.168061	0.168396
1189	0.368025	0.164628	0.169934
1190	0.364576	0.167504	0.169284
1191	0.365431	0.16741	0.168622
1192	0.360311	0.165812	0.165317
1193	0.359133	0.167193	0.166371
1194	0.362173	0.166881	0.166488
1195	0.360226	0.165168	0.166432
1196	0.359153	0.163893	0.167863
1197	0.357649	0.166315	0.166729
1198	0.354817	0.16572	0.165129
1199	0.354747	0.166976	0.166825
1200	0.355903	0.167252	0.166441
1201	0.354227	0.166528	0.163272
1202	0.354136	0.16555	0.165215
1203	0.350444	0.169421	0.164256
1204	0.350424	0.16693	0.165846
1205	0.347714	0.166562	0.164291
1206	0.34524	0.167602	0.160918
1207	0.346265	0.166454	0.163437
1208	0.343694	0.165721	0.160413
1209	0.344167	0.163731	0.161962
1210	0.343442	0.168042	0.161455
1211	0.345202	0.164144	0.162852
1212	0.343979	0.166606	0.162946
1213	0.345399	0.162366	0.163139
1214	0.342442	0.164715	0.160768
1215	0.347589	0.163529	0.157848
1216	0.830782	0.085645	0.186497
1217	0.981603	0.0170069	0.2779
1218	0.985454	0.0133797	0.225114
1219	0.988038	0.0109421	0.185045
1220	0.989926	0.00916675	0.152768
1221	0.991371	0.00781466	0.126611
1222	0.992501	0.00676342	0.10563
1223	0.9934	0.00593005	0.0889453
1224	0.994128	0.00525931	0.075522
1225	0.994726	0.00471013	0.0647495
1226	0.995224	0.00424899	0.0564429
1227	0.995644	0.00386341	0.0494502
1228	0.996003	0.00353547	0.043657
1229	0.996311	0.00325159	0.0389694
1230	0.99658	0.003007	0.034913
1231	0.996815	0.00279177	0.0315528
1232	0.997023	0.00260368	0.0285844
1233	0.997207	0.00243566	0.026095
1234	0.997372	0.00228466	0.0239724
1235	0.997521	0.00215193	0.0219897
1236	0.997654	0.00203168	0.0202793
1237	0.997776	0.0019222	0.0187955
1238	0.997887	0.00182276	0.0174714
1239	0.997988	0.00173193	0.0162943
1240	0.99808	0.00165001	0.0151822
1241	0.998166	0.0015732	0.0142367
1242	0.998245	0.00150353	0.0133451
1243	0.998318	0.00143822	0.0125738
1244	0.998386	0.00137872	0.0118299
1245	0.998449	0.00132277	0.0111781
1246	0.998508	0.00127065	0.0105769
1247	0.998563	0.00122261	0.0100079
1248	0.998614	0.00117757	0.0094888
1249	0.998663	0.00113508	0.00901905
1250	0.998708	0.00109551	0.00857495
1251	0.998751	0.00105814	0.00816953
1252	0.998791	0.00102303	0.00779063
1253	0.998829	0.000989346	0.00745489
1254	0.998865	0.000958219	0.00712128
1255	0.998899	0.000928674	0.00681316
1256	0.998932	0.000900184	0.00653946
1257	0.998963	0.000873751	0.00626541
1258	0.998992	0.000847992	0.00602607
1259	0.99902	0.000823452	0.00580359
1260	0.999046	0.00080008	0.00559516
1261	0.999072	0.000778115	0.00539036
1262	0.999096	0.000756303	0.00520771
1263	0.999119	0.000736115	0.00503046
1264	0.999142	0.000716287	0.00484722
1265	0.999164	0.000698179	0.00468043
1266	0.999184	0.000680466	0.00453203
1267	0.999203	0.000663705	0.00438575
1268	0.999222	0.000647547	0.00424864
1269	0.99924	0.000632113	0.00411714
1270	0.999257	0.000617356	0.00398806
1271	0.999274	0.000602907	0.00387145
1272	0.99929	0.000589452	0.00375217
1273	0.999305	0.000576429	0.00363999
1274	0.99932	0.000563748	0.00353623
1275	0.999334	0.000551516	0.00343777
1276	0.999348	0.000539308	0.00334351
1277	0.999362	0.000528042	0.0032517
1278	0.999374	0.000517033	0.00316662
1279	0.999387	0.000506433	0.0030843
1280	0.999399	0.00049614	0.00300663
1281	0.99941	0.000486291	0.00292999
1282	0.999421	0.000476773	0.0028564
1283	0.999432	0.00046763	0.00278431
1284	0.999443	0.000458454	0.00272062
1285	0.999453	0.000449806	0.00265554
1286	0.999463	0.000441349	0.00259464
1287	0.999472	0.000433313	0.00253133
1288	0.999482	0.000425424	0.00247316
1289	0.999491	0.00041774	0.00241809
1290	0.999499	0.000410554	0.00235915
1291	0.999508	0.000403211	0.00231002
1292	0.999516	0.000396206	0.00225795
1293	0.999525	0.000389283	0.00220814
1294	0.999532	0.000382791	0.00215954
1295	0.99954	0.000376334	0.00211349
1296	0.999548	0.000370046	0.00207033
1297	0.999555	0.000363985	0.00202764
1298	0.999562	0.000358189	0.00198498
1299	0.999569	0.000352592	0.00194285
1300	0.999575	0.000347102	0.00190285
