600	0.00263833	0.083206	0.00262363
601	0.00271767	0.0846413	0.00270322
602	0.00264612	0.0813605	0.00263175
603	0.00267593	0.0830088	0.00266153
604	0.00266245	0.0812251	0.00264856
605	0.00263542	0.0793731	0.00262148
606	0.00266592	0.0799734	0.0026517
607	0.00279042	0.0836541	0.0027756
608	0.00272053	0.0802195	0.00270641
609	0.0026892	0.0803101	0.00267439
610	0.0027384	0.0808529	0.00272332
611	0.00275646	0.0803813	0.00274243
612	0.00279025	0.0807383	0.00277623
613	0.00271816	0.0777762	0.00270384
614	0.00279075	0.0801044	0.00277633
615	0.00277434	0.0798439	0.00275953
616	0.00281813	0.0802977	0.00280364
617	0.00280822	0.0803217	0.00279341
618	0.00284482	0.0812229	0.00282983
619	0.00279773	0.0789021	0.00278272
620	0.00283775	0.078889	0.00282271
621	0.00285034	0.0792814	0.00283497
622	0.00279084	0.0759778	0.00277712
623	0.00282582	0.0779237	0.00281112
624	0.00281336	0.0771421	0.00279764
625	0.00277908	0.0749766	0.00276391
626	0.00283991	0.0765376	0.00282447
627	0.00284632	0.0771097	0.00283074
628	0.00283104	0.075778	0.0028153
629	0.00289898	0.0775116	0.00288391
630	0.00281785	0.0749791	0.00280233
631	0.00288628	0.0771438	0.00287021
632	0.00293856	0.0777587	0.00292194
633	0.00290778	0.0768551	0.00289113
634	0.00292176	0.0752215	0.00290493
635	0.00291831	0.075669	0.00290032
636	0.00286702	0.0753517	0.00284919
637	0.00292622	0.0754754	0.00290848
638	0.0029046	0.0742527	0.00288723
639	0.00293495	0.0745503	0.00291698
640	0.00293709	0.0753257	0.00291897
641	0.00295591	0.0747866	0.00293831
642	0.00295548	0.0749023	0.00293775
643	0.00292756	0.0738312	0.00290932
644	0.00295349	0.0744307	0.0029347
645	0.00295298	0.073495	0.00293448
646	0.00298213	0.0738829	0.00296379
647	0.00299219	0.0746892	0.00297295
648	0.00300357	0.0746724	0.00298476
649	0.00299917	0.0744335	0.00297858
650	0.00293078	0.0711717	0.00291159
651	0.00298464	0.0732579	0.00296437
652	0.00302395	0.0741414	0.00300362
653	0.00300149	0.0731451	0.00298155
654	0.00301716	0.0715	0.00299742
655	0.00310596	0.0740018	0.00308489
656	0.00309446	0.0738245	0.00307253
657	0.00317131	0.0752446	0.00314904
658	0.00306679	0.0728624	0.00304517
659	0.00309547	0.0729664	0.00307303
660	0.00311594	0.0731388	0.00309307
661	0.00310423	0.0729602	0.00308179
662	0.00310753	0.0721873	0.00308485
663	0.00317014	0.0741671	0.00314638
664	0.00317323	0.0736752	0.00314895
665	0.0031652	0.072334	0.00314128
666	0.00323625	0.0739591	0.00321236
667	0.00325741	0.0736167	0.00323242
668	0.00323575	0.071812	0.00321069
669	0.00329398	0.0739973	0.00326776
670	0.00333314	0.073756	0.00330695
671	0.00334851	0.0735226	0.00332228
672	0.00332397	0.0716084	0.00329869
673	0.0033987	0.0722407	0.00337308
674	0.00343964	0.0738573	0.00341328
675	0.00347209	0.0749984	0.00344342
676	0.00355281	0.076519	0.00352299
677	0.00347495	0.0739672	0.00344731
678	0.00350925	0.0729259	0.00348264
679	0.00355701	0.073706	0.00352837
680	0.00365765	0.0754506	0.00362914
681	0.00360159	0.0732683	0.00357286
682	0.00357171	0.071356	0.00354413
683	0.00363524	0.0728779	0.00360702
684	0.00371861	0.0745064	0.00368917
685	0.00372359	0.0743631	0.00369255
686	0.00375395	0.0742075	0.00372413
687	0.00376879	0.073699	0.00373787
688	0.00377903	0.0735681	0.00374905
689	0.00378297	0.0728991	0.00375197
690	0.00379366	0.0724649	0.00376379
691	0.00391667	0.0750541	0.00388458
692	0.0039935	0.076129	0.00396248
693	0.00391058	0.0747433	0.00387841
694	0.00396801	0.07657	0.003935
695	0.00398444	0.0746526	0.0039532
696	0.00403826	0.0759222	0.00400426
697	0.00410571	0.0763958	0.00407263
698	0.00406245	0.0740316	0.00403026
699	0.0041656	0.0764141	0.00413155
700	0.0040795	0.0746417	0.0040447
701	0.00419545	0.0770982	0.00415901
702	0.00406631	0.0734984	0.00403326
703	0.00423649	0.0765543	0.0042018
704	0.00425203	0.0752907	0.00421598
705	0.0043552	0.0772905	0.00431744
706	0.00438408	0.0768829	0.00434668
707	0.00439541	0.0768887	0.00435626
708	0.00441624	0.0768538	0.00437563
709	0.00450521	0.0770171	0.00446418
710	0.00452625	0.0780841	0.00448456
711	0.00456577	0.0779099	0.00452276
712	0.00469515	0.0801226	0.004652
713	0.00470522	0.0789419	0.00465957
714	0.00474651	0.0786922	0.00470108
715	0.00480191	0.0801036	0.00475437
716	0.00481165	0.0795845	0.00476415
717	0.00492326	0.0801261	0.00487392
718	0.0048912	0.0775832	0.00484295
719	0.00497423	0.0787863	0.0049238
720	0.00500505	0.0789367	0.00495438
721	0.00503631	0.080381	0.00498282
722	0.00519097	0.0808195	0.00513736
723	0.00529404	0.082792	0.00523859
724	0.00518286	0.0799935	0.00512777
725	0.00537335	0.0813286	0.00532009
726	0.00538762	0.0808292	0.00532845
727	0.00541332	0.0810107	0.00535731
728	0.00554515	0.0815709	0.00548855
729	0.00554264	0.0813916	0.00548379
730	0.00557047	0.0820153	0.00550758
731	0.00577986	0.0848801	0.00571547
732	0.00582751	0.0828291	0.00576557
733	0.00593971	0.0837731	0.00587496
734	0.00605946	0.0854231	0.00599225
735	0.00611824	0.0850104	0.0060477
736	0.00627515	0.0858032	0.00620258
737	0.00624448	0.0842331	0.00617507
738	0.0063521	0.0845432	0.00628238
739	0.00633064	0.0848627	0.00625497
740	0.00644724	0.0846573	0.00637088
741	0.00658023	0.0858404	0.00650295
742	0.00671446	0.0872981	0.00663032
743	0.00681443	0.0872815	0.00673394
744	0.00682303	0.0867643	0.00674246
745	0.00685567	0.0855035	0.0067737
746	0.00694161	0.0855448	0.00685585
747	0.00706123	0.0862474	0.00697709
748	0.00716113	0.0871505	0.00706953
749	0.00719849	0.0862426	0.00710751
750	0.00726105	0.0861308	0.0071721
751	0.00756417	0.0905687	0.00746484
752	0.00752932	0.0871384	0.00743504
753	0.00781351	0.0896908	0.00771144
754	0.00788493	0.089224	0.00777702
755	0.00812724	0.0918657	0.00801614
756	0.00830125	0.0925153	0.00818406
757	0.00833044	0.0921074	0.00821338
758	0.00840107	0.0923165	0.00827841
759	0.00863411	0.0925817	0.00851225
760	0.00859871	0.0915744	0.00847285
761	0.00883587	0.0936113	0.00870598
762	0.00899869	0.0943296	0.00886205
763	0.00926109	0.0953583	0.0091224
764	0.00922076	0.0925234	0.00907681
765	0.00951785	0.0955512	0.00937463
766	0.00968269	0.0954046	0.00953103
767	0.00982516	0.0959832	0.0096745
768	0.00985328	0.0947442	0.00970262
769	0.0100312	0.0964807	0.0098732
770	0.0100716	0.0964414	0.00990275
771	0.0101605	0.0962404	0.00998998
772	0.0104457	0.0981578	0.0102774
773	0.0106506	0.0987086	0.0104733
774	0.0107386	0.0982199	0.0105529
775	0.0111572	0.101503	0.0109626
776	0.0111875	0.100104	0.0109857
777	0.0114205	0.101296	0.0112194
778	0.0114504	0.0991466	0.0112427
779	0.0118183	0.101896	0.0116047
780	0.0121041	0.101904	0.0118834
781	0.0123453	0.103609	0.0121275
782	0.0123042	0.101538	0.0120814
783	0.0126628	0.10386	0.0124226
784	0.012946	0.105666	0.012686
785	0.0130517	0.105247	0.0127976
786	0.0132569	0.105162	0.0129851
787	0.0136596	0.107391	0.0133785
788	0.013547	0.103832	0.0132628
789	0.0139313	0.107313	0.0136349
790	0.0143301	0.107798	0.0140291
791	0.0143743	0.105399	0.0140622
792	0.0145825	0.106101	0.0142681
793	0.0148753	0.106897	0.0145533
794	0.0154621	0.110663	0.0151356
795	0.0154512	0.109268	0.0151253
796	0.0155597	0.108558	0.0152198
797	0.0160133	0.110986	0.0156582
798	0.0161392	0.108951	0.0157813
799	0.0163524	0.109515	0.0159911
800	0.0168836	0.112598	0.0164959
801	0.0172134	0.112748	0.016819
802	0.0171924	0.112106	0.0167578
803	0.0177598	0.11544	0.0173128
804	0.0181936	0.116455	0.0177551
805	0.0184536	0.115491	0.0180015
806	0.0187593	0.117623	0.0182908
807	0.0191467	0.116581	0.0186753
808	0.0192175	0.115351	0.0187375
809	0.0196216	0.115609	0.0191053
810	0.0199852	0.115821	0.0194375
811	0.0206019	0.118721	0.0200453
812	0.0210563	0.119317	0.0205042
813	0.0211101	0.119036	0.0205156
814	0.0217578	0.1211	0.0211606
815	0.0224451	0.12413	0.0218004
816	0.0226074	0.121753	0.0219546
817	0.0232791	0.122185	0.0225758
818	0.0234998	0.122601	0.0227841
819	0.024025	0.124644	0.0232921
820	0.0245459	0.124963	0.0238018
821	0.0248384	0.124951	0.0240557
822	0.025303	0.124254	0.0245108
823	0.0259472	0.125417	0.0250957
824	0.026556	0.127027	0.0256679
825	0.0267349	0.126372	0.0258086
826	0.0276433	0.128194	0.0267022
827	0.0284027	0.130398	0.0274095
828	0.0287681	0.129481	0.0277588
829	0.0293926	0.128585	0.0283706
830	0.0301294	0.131491	0.0290461
831	0.0307885	0.132596	0.0296419
832	0.0316034	0.13347	0.0303985
833	0.0321139	0.133104	0.0308357
834	0.0335621	0.136797	0.0321931
835	0.0339834	0.13519	0.032616
836	0.034807	0.135876	0.0334141
837	0.0354387	0.13618	0.0339845
838	0.0367806	0.138855	0.0352471
839	0.0370463	0.137192	0.0354386
840	0.0378866	0.136874	0.0362455
841	0.0389601	0.137568	0.0373272
842	0.0399201	0.140493	0.0381595
843	0.0412859	0.143857	0.0394094
844	0.0415806	0.143394	0.0395991
845	0.0423978	0.141557	0.0403452
846	0.0433417	0.14169	0.041192
847	0.0444005	0.143591	0.0421888
848	0.0454749	0.145512	0.0431398
849	0.0465903	0.144939	0.0441454
850	0.0473568	0.145017	0.0448453
851	0.0492301	0.146982	0.046583
852	0.0498585	0.146523	0.0471416
853	0.050944	0.146061	0.0481075
854	0.0523576	0.146713	0.0493731
855	0.0535948	0.149526	0.0504451
856	0.055303	0.151163	0.0518895
857	0.0566038	0.15062	0.0530856
858	0.0588504	0.151941	0.0552876
859	0.0593428	0.151138	0.0555316
860	0.0609448	0.150677	0.0570146
861	0.0634759	0.155397	0.059232
862	0.0634614	0.152142	0.0590393
863	0.0662617	0.154964	0.061605
864	0.0671855	0.155096	0.0623565
865	0.0692481	0.156283	0.0642353
866	0.0707573	0.153511	0.0656385
867	0.0724834	0.153151	0.0669581
868	0.0745253	0.156926	0.068664
869	0.0766158	0.15684	0.0705088
870	0.0790173	0.160272	0.0724016
871	0.0820598	0.161683	0.0749846
872	0.0829722	0.157224	0.0758337
873	0.0857609	0.160271	0.078147
874	0.0884264	0.162029	0.0802611
875	0.0907825	0.161224	0.0823318
876	0.0930571	0.163024	0.0839277
877	0.0951621	0.161586	0.0858033
878	0.097378	0.160403	0.0874899
879	0.100045	0.162895	0.0894957
880	0.10317	0.163258	0.0921957
881	0.105947	0.163668	0.0941533
882	0.108474	0.163248	0.0956953
883	0.111403	0.162688	0.0981491
884	0.113318	0.162238	0.0989977
885	0.11631	0.162047	0.101315
886	0.121106	0.162509	0.104778
887	0.12448	0.163429	0.107039
888	0.129767	0.164133	0.110766
889	0.133447	0.164361	0.113114
890	0.136926	0.16394	0.115548
891	0.139371	0.162431	0.116811
892	0.143506	0.161708	0.119505
893	0.148766	0.163932	0.122463
894	0.154317	0.163274	0.125634
895	0.15667	0.163282	0.125839
896	0.161609	0.162553	0.128676
897	0.167116	0.161472	0.131926
898	0.172727	0.160125	0.13538
899	0.176916	0.159432	0.136064
900	0.181104	0.159241	0.136678
901	0.188742	0.158373	0.140101
902	0.193614	0.157647	0.141261
903	0.200022	0.156541	0.143729
904	0.206598	0.154284	0.145566
905	0.214219	0.154626	0.147869
906	0.217608	0.1537	0.146676
907	0.224938	0.153314	0.148182
908	0.23277	0.150876	0.148713
909	0.240761	0.152099	0.147639
910	0.247276	0.149756	0.146703
911	0.254753	0.145432	0.145643
912	0.263642	0.143757	0.144568
913	0.273261	0.144504	0.141147
914	0.281219	0.141491	0.138009
915	0.289864	0.141139	0.136198
916	0.297589	0.139023	0.132445
917	0.304211	0.139691	0.135479
918	0.307671	0.138546	0.133923
919	0.314634	0.140767	0.134694
920	0.31699	0.136838	0.136354
921	0.324057	0.140724	0.135871
922	0.324067	0.138808	0.138301
923	0.32836	0.140604	0.137995
924	0.336954	0.141084	0.141259
925	0.330275	0.141046	0.141066
926	0.336868	0.140737	0.142565
927	0.340581	0.143636	0.144969
928	0.340659	0.141885	0.144662
929	0.340123	0.141344	0.143723
930	0.339598	0.141249	0.143624
931	0.353757	0.145805	0.147221
932	0.354914	0.144035	0.148043
933	0.355812	0.144265	0.147406
934	0.351417	0.144467	0.147785
935	0.353892	0.142194	0.146565
936	0.353263	0.143356	0.146053
937	0.348513	0.143305	0.147394
938	0.36895	0.142814	0.151498
939	0.374456	0.147324	0.155491
940	0.371069	0.145499	0.15405
941	0.37027	0.145729	0.152736
942	0.370056	0.145438	0.151227
943	0.370657	0.144654	0.153423
944	0.366083	0.143782	0.152154
945	0.364823	0.147287	0.149717
946	0.362711	0.144882	0.150691
947	0.363026	0.144515	0.150385
948	0.364095	0.143262	0.149871
949	0.360834	0.146228	0.148585
950	0.389424	0.147514	0.157996
951	0.397219	0.148305	0.16231
952	0.400955	0.14942	0.161182
953	0.397051	0.148341	0.160706
954	0.398599	0.147989	0.159926
955	0.396191	0.148654	0.160379
956	0.39324	0.149097	0.159329
957	0.390391	0.149334	0.157778
958	0.389449	0.147898	0.158488
959	0.388992	0.147944	0.158325
960	0.386738	0.148719	0.153505
960	0.386738	0.148719	0.153505
961	0.38573	0.146474	0.155209
962	0.384769	0.148866	0.15712
963	0.383448	0.149059	0.157853
964	0.3819	0.146591	0.156338
965	0.383334	0.147583	0.154564
966	0.378794	0.146476	0.154609
967	0.376387	0.147797	0.1558
968	0.376127	0.148219	0.157186
969	0.376012	0.147144	0.155747
970	0.376863	0.147359	0.155581
971	0.372682	0.149809	0.154476
972	0.371791	0.15143	0.156449
973	0.43232	0.153593	0.171892
974	0.436098	0.153709	0.174433
975	0.436456	0.155022	0.173756
976	0.440801	0.153553	0.17467
977	0.436866	0.154166	0.171884
978	0.434977	0.155922	0.173494
979	0.432562	0.154933	0.171437
980	0.430974	0.153411	0.170741
981	0.429824	0.152695	0.171821
982	0.430448	0.154396	0.172844
983	0.425698	0.153492	0.170158
984	0.428469	0.152726	0.169995
985	0.428072	0.153916	0.169314
986	0.42828	0.153248	0.167972
987	0.423643	0.152709	0.168005
988	0.42088	0.153098	0.169054
989	0.422508	0.152806	0.166951
990	0.420644	0.155046	0.169052
991	0.422277	0.150487	0.167703
992	0.41804	0.154056	0.166565
993	0.414294	0.156072	0.166522
994	0.41569	0.154084	0.165892
995	0.414967	0.152507	0.166577
996	0.412723	0.154761	0.166341
997	0.408809	0.152839	0.168917
998	0.407126	0.152808	0.164358
999	0.406515	0.152936	0.1648
1000	0.403773	0.155531	0.165453
1001	0.404799	0.154202	0.167447
1002	0.401811	0.152625	0.16593
1003	0.403898	0.154431	0.16738
1004	0.401029	0.15439	0.166329
1005	0.398558	0.15452	0.163405
1006	0.401046	0.154036	0.165152
1007	0.397488	0.153701	0.164911
1008	0.396502	0.154212	0.164488
1009	0.393856	0.153674	0.16219
1010	0.395054	0.152022	0.163022
1011	0.392245	0.15314	0.163765
1012	0.387791	0.154713	0.162905
1013	0.388617	0.153769	0.164149
1014	0.388365	0.152947	0.163946
1015	0.385731	0.153521	0.15889
1016	0.385677	0.153907	0.162137
1017	0.387202	0.154277	0.162947
1018	0.383562	0.154027	0.162655
1019	0.382494	0.153391	0.160029
1020	0.38029	0.153311	0.158723
1021	0.378335	0.153722	0.161418
1022	0.377073	0.152888	0.159302
1023	0.379797	0.152273	0.157573
1024	0.373905	0.151274	0.155825
1025	0.37264	0.154343	0.158946
1026	0.491824	0.159894	0.187454
1027	0.532642	0.160876	0.198706
1028	0.531168	0.161321	0.195453
1029	0.531275	0.157757	0.194737
1030	0.525309	0.160393	0.197909
1031	0.527658	0.159885	0.198663
1032	0.525094	0.16074	0.19763
1033	0.526545	0.160288	0.200265
1034	0.523414	0.16041	0.197128
1035	0.524246	0.161029	0.193767
1036	0.520877	0.16164	0.197949
1037	0.520404	0.160754	0.196109
1038	0.517715	0.162674	0.196213
1039	0.518181	0.161657	0.19465
1040	0.516266	0.160624	0.195561
1041	0.512307	0.163311	0.198863
1042	0.511758	0.16125	0.199016
1043	0.513499	0.161155	0.195489
1044	0.513176	0.162093	0.195537
1045	0.51013	0.162909	0.196995
1046	0.509841	0.163164	0.196418
1047	0.505012	0.160934	0.196591
1048	0.506636	0.161741	0.195594
1049	0.505182	0.162098	0.192914
1050	0.503953	0.161074	0.192622
1051	0.500946	0.163484	0.193744
1052	0.503469	0.161344	0.194181
1053	0.50178	0.16226	0.193133
1054	0.500978	0.16349	0.191976
1055	0.500735	0.162952	0.193546
1056	0.498687	0.162209	0.190215
1057	0.496759	0.160927	0.190076
1058	0.495405	0.163941	0.190275
1059	0.494512	0.16281	0.189904
1060	0.495513	0.163066	0.188956
1061	0.492394	0.164611	0.189924
1062	0.490486	0.164527	0.193518
1063	0.488767	0.163642	0.19182
1064	0.489917	0.16342	0.191454
1065	0.484586	0.163912	0.189501
1066	0.484856	0.16563	0.189447
1067	0.479825	0.164792	0.186362
1068	0.484293	0.16464	0.188482
1069	0.481034	0.164248	0.188197
1070	0.479598	0.166406	0.189987
1071	0.478212	0.164521	0.193232
1072	0.476605	0.16382	0.191099
1073	0.476658	0.164749	0.189827
1074	0.471539	0.164792	0.189925
1075	0.470333	0.165115	0.189945
1076	0.475564	0.163173	0.193972
1077	0.472945	0.164427	0.190033
1078	0.468158	0.164742	0.191485
1079	0.468167	0.165992	0.190234
1080	0.465741	0.165608	0.191859
1081	0.464789	0.164471	0.189292
1082	0.464481	0.163325	0.189475
1083	0.46382	0.163344	0.189785
1084	0.462739	0.16387	0.189834
1085	0.462216	0.164105	0.191192
1086	0.461309	0.162119	0.189061
1087	0.458423	0.164926	0.188546
1088	0.458242	0.165339	0.188773
1089	0.46033	0.167253	0.187805
1090	0.453879	0.164717	0.18567
1091	0.454645	0.166438	0.186543
1092	0.453106	0.167483	0.186348
1093	0.453267	0.164923	0.18486
1094	0.453036	0.165384	0.183884
1095	0.452824	0.167302	0.185317
1096	0.449095	0.166039	0.182941
1097	0.447987	0.164526	0.183773
1098	0.44891	0.166015	0.186259
1099	0.443576	0.1666	0.184784
1100	0.442739	0.165029	0.184005
1101	0.441787	0.167938	0.183577
1102	0.440545	0.165165	0.18062
1103	0.441399	0.165235	0.180365
1104	0.438727	0.165781	0.184722
1105	0.435959	0.164902	0.184844
1106	0.435868	0.164884	0.18287
1107	0.434486	0.167223	0.1849
1108	0.434955	0.165644	0.18198
1109	0.434698	0.164316	0.180078
1110	0.430331	0.166218	0.184006
1111	0.428894	0.167071	0.182233
1112	0.430459	0.166078	0.181133
1113	0.428942	0.166953	0.181948
1114	0.425752	0.166003	0.18156
1115	0.426919	0.166659	0.183778
1116	0.423853	0.165001	0.180922
1117	0.422156	0.166496	0.180828
1118	0.424139	0.166855	0.180033
1119	0.421727	0.164214	0.178339
1120	0.421598	0.167626	0.178342
1121	0.419732	0.16658	0.177839
1122	0.418267	0.16569	0.179745
1123	0.41637	0.165721	0.177923
1124	0.416726	0.167214	0.179562
1125	0.415458	0.166644	0.179411
1126	0.412181	0.163746	0.177226
1127	0.409252	0.166263	0.181077
1128	0.410341	0.166584	0.181848
1129	0.408757	0.165303	0.176849
1130	0.408047	0.166319	0.178731
1131	0.405589	0.167067	0.176833
1132	0.405998	0.164583	0.177588
1133	0.404963	0.165785	0.177618
1134	0.403529	0.166265	0.175982
1135	0.403075	0.166258	0.175305
1136	0.401473	0.167313	0.175321
1137	0.399997	0.165726	0.176052
1138	0.397644	0.164663	0.174777
1139	0.396024	0.167828	0.17389
1140	0.394549	0.166575	0.174562
1141	0.394631	0.171292	0.174761
1142	0.392379	0.16697	0.174694
1143	0.391868	0.166644	0.174983
1144	0.392862	0.166521	0.173754
1145	0.390704	0.16434	0.172721
1146	0.390512	0.166343	0.17405
1147	0.385656	0.168671	0.1717
1148	0.387322	0.167176	0.172393
1149	0.388286	0.166892	0.172452
1150	0.383687	0.16459	0.171771
1151	0.384176	0.166338	0.169586
1152	0.381544	0.165792	0.171842
1153	0.381609	0.166754	0.172079
1154	0.379842	0.166293	0.172385
1155	0.37758	0.166693	0.173142
1156	0.376153	0.167171	0.171167
1157	0.378742	0.165278	0.169707
1158	0.375473	0.166129	0.167471
1159	0.375382	0.168156	0.169951
1160	0.372482	0.165774	0.167842
1161	0.371256	0.162999	0.168004
1162	0.368149	0.166357	0.164894
1163	0.367837	0.163842	0.168212
1164	0.366858	0.166249	0.16872
1165	0.365335	0.165087	0.169272
1166	0.366937	0.166362	0.167431
1167	0.367675	0.163306	0.16876
1168	0.36425	0.166315	0.168497
1169	0.364977	0.166199	0.167123
1170	0.3595	0.164328	0.164229
1171	0.35894	0.165383	0.165731
1172	0.361347	0.165977	0.16491
1173	0.359404	0.163335	0.165616
1174	0.358397	0.162683	0.167103
1175	0.356059	0.16504	0.166046
1176	0.353802	0.166097	0.163246
1177	0.354623	0.165114	0.165412
1178	0.354685	0.165903	0.162725
1179	0.353104	0.165408	0.163859
1180	0.352378	0.163716	0.163502
1181	0.349333	0.167984	0.164902
1182	0.348849	0.165185	0.164525
1183	0.346118	0.164892	0.163147
1184	0.343489	0.166423	0.159488
1185	0.343647	0.163962	0.161065
1186	0.343313	0.16213	0.160472
1187	0.340654	0.164986	0.157468
1188	0.34235	0.162198	0.161438
1189	0.341827	0.163182	0.162505
1190	0.340836	0.165742	0.1606
1191	0.340108	0.163624	0.159739
1192	0.336465	0.163516	0.15902
1193	0.336181	0.159352	0.159591
1194	0.336427	0.162292	0.158336
1195	0.331883	0.163624	0.157157
1196	0.332361	0.162932	0.158324
1197	0.33308	0.165695	0.158888
1198	0.331698	0.16424	0.156719
1199	0.329467	0.164746	0.15787
1200	0.327619	0.164252	0.157293
1201	0.328344	0.161583	0.156189
1202	0.327225	0.165409	0.156597
1203	0.323957	0.163691	0.155466
1204	0.32252	0.162489	0.154755
1205	0.323279	0.160385	0.154428
1206	0.324064	0.16314	0.155089
1207	0.319966	0.162916	0.153953
1208	0.321499	0.161663	0.154428
1209	0.316769	0.162637	0.152021
1210	0.318605	0.159823	0.153482
1211	0.316195	0.162725	0.153245
1212	0.320082	0.161193	0.15276
1213	0.319158	0.161026	0.150213
1214	0.316965	0.161293	0.152749
1215	0.319779	0.162714	0.150345
1216	0.823302	0.0865878	0.177346
1217	0.981705	0.0168481	0.260007
1218	0.985711	0.0130978	0.204266
1219	0.988306	0.0106534	0.166812
1220	0.990174	0.00889991	0.137436
1221	0.991585	0.00758252	0.113925
1222	0.992679	0.00656786	0.0949982
1223	0.993547	0.00577044	0.0797413
1224	0.994247	0.00512297	0.0681763
1225	0.994822	0.00459224	0.0589743
1226	0.995302	0.00415307	0.051398
1227	0.995706	0.00378243	0.0452645
1228	0.996051	0.00346893	0.0400511
1229	0.996349	0.00320012	0.0356428
1230	0.996608	0.00296413	0.0320693
1231	0.996836	0.00275724	0.0290341
1232	0.997037	0.00257437	0.0264441
1233	0.997216	0.00241275	0.0241616
1234	0.997377	0.00226848	0.0221639
1235	0.997521	0.00213896	0.0204121
1236	0.997652	0.00202144	0.0188937
1237	0.997771	0.00191523	0.017532
1238	0.997879	0.00181862	0.0163145
1239	0.997978	0.00172971	0.015234
1240	0.99807	0.00164908	0.0142402
1241	0.998155	0.00157346	0.0133618
1242	0.998232	0.00150479	0.0125584
1243	0.998304	0.00144034	0.0118608
1244	0.998371	0.00138107	0.0112046
1245	0.998433	0.00132584	0.0106084
1246	0.998492	0.00127446	0.0100575
1247	0.998546	0.00122632	0.00955216
1248	0.998597	0.00118151	0.00908046
1249	0.998645	0.00113947	0.00864597
1250	0.99869	0.00110087	0.00821586
1251	0.998733	0.0010641	0.00783068
1252	0.998774	0.00102905	0.00747404
1253	0.998812	0.000996132	0.00714692
1254	0.998847	0.000964725	0.0068496
1255	0.998882	0.000935593	0.00655525
1256	0.998914	0.000907417	0.00629468
1257	0.998945	0.000880966	0.00604263
1258	0.998974	0.000855526	0.00581404
1259	0.999002	0.000831347	0.00559867
1260	0.999028	0.000807949	0.00540179
1261	0.999054	0.000786113	0.00520711
1262	0.999078	0.000765131	0.00502663
1263	0.999101	0.000745445	0.0048467
1264	0.999123	0.000726337	0.00468398
1265	0.999145	0.000708573	0.00451811
1266	0.999165	0.000691181	0.00436782
1267	0.999185	0.000674466	0.00422802
1268	0.999204	0.000658132	0.0040997
1269	0.999222	0.000642643	0.00397207
1270	0.999239	0.00062796	0.00384951
1271	0.999256	0.00061349	0.00373753
1272	0.999272	0.000599722	0.00362994
1273	0.999288	0.000586438	0.00352706
1274	0.999303	0.000573775	0.00342716
1275	0.999317	0.000561626	0.00333086
1276	0.999331	0.000549723	0.00324222
1277	0.999344	0.000538629	0.00314956
1278	0.999357	0.00052756	0.00306827
1279	0.99937	0.000516708	0.00299214
1280	0.999382	0.000506409	0.00291646
1281	0.999394	0.00049651	0.00284042
1282	0.999405	0.000486962	0.00276818
1283	0.999416	0.000477661	0.00270046
1284	0.999427	0.000468586	0.00263696
1285	0.999437	0.000459955	0.00257304
1286	0.999447	0.000451669	0.00250985
1287	0.999457	0.000443444	0.00245111
1288	0.999466	0.000435488	0.00239496
1289	0.999475	0.000427689	0.00234276
1290	0.999484	0.000420079	0.00229189
1291	0.999493	0.000412755	0.00224175
1292	0.999501	0.000405949	0.00218913
1293	0.99951	0.000399142	0.00214148
1294	0.999518	0.000392577	0.00209446
1295	0.999525	0.000386134	0.00205034
1296	0.999533	0.000379743	0.00200934
1297	0.99954	0.000373651	0.00196796
1298	0.999547	0.000367548	0.00192903
1299	0.999554	0.000361726	0.00189096
1300	0.999561	0.000356026	0.00185399
