600	0.00185787	0.0699022	0.00184988
601	0.00188049	0.0713736	0.00187199
602	0.00182953	0.0676036	0.00182151
603	0.00189778	0.0710272	0.00188946
604	0.00187382	0.0690425	0.00186576
605	0.00191505	0.070314	0.00190702
606	0.00190781	0.0699502	0.00189956
607	0.00190647	0.0696501	0.00189818
608	0.00190508	0.0685394	0.00189687
609	0.00190544	0.0677121	0.00189706
610	0.00193618	0.0687234	0.00192846
611	0.00189509	0.0664983	0.00188708
612	0.00191871	0.0680537	0.00191047
613	0.00191633	0.0668578	0.00190805
614	0.00190958	0.0657569	0.00190135
615	0.00195786	0.0683352	0.00194943
616	0.00191573	0.0657142	0.00190774
617	0.0019444	0.0665632	0.0019363
618	0.00192475	0.0654659	0.00191686
619	0.00191371	0.0657658	0.0019049
620	0.00196985	0.0666915	0.00196109
621	0.00195872	0.0664552	0.00194982
622	0.00200883	0.0661201	0.00199998
623	0.00191575	0.0615316	0.00190741
624	0.00194123	0.063821	0.0019329
625	0.00194507	0.0648034	0.00193612
626	0.0019616	0.0632813	0.00195331
627	0.00194937	0.0621626	0.00194107
628	0.0019843	0.0637639	0.00197599
629	0.00198194	0.0631301	0.00197317
630	0.00199819	0.0641985	0.00198926
631	0.00194715	0.0610518	0.00193864
632	0.00197809	0.0624067	0.00196898
633	0.00198085	0.0620958	0.00197129
634	0.00200334	0.0626601	0.00199443
635	0.00198678	0.0621135	0.00197777
636	0.00202993	0.0637522	0.00202083
637	0.00199095	0.0609648	0.00198188
638	0.0019571	0.0596883	0.00194808
639	0.00199109	0.0611347	0.00198183
640	0.00201349	0.0609481	0.00200376
641	0.00200879	0.0608315	0.00199961
642	0.00202745	0.0604634	0.00201847
643	0.00206103	0.0614117	0.00205118
644	0.00206134	0.0614442	0.00205108
645	0.00210181	0.0625332	0.00209094
646	0.00204036	0.060864	0.00202974
647	0.00204198	0.0597649	0.00203178
648	0.00205231	0.0594456	0.00204216
649	0.00204663	0.0596608	0.00203665
650	0.00207874	0.0608274	0.00206822
651	0.00208594	0.0603573	0.00207487
652	0.00210777	0.0605246	0.00209611
653	0.00210295	0.0597948	0.00209157
654	0.00213451	0.0603295	0.00212313
655	0.00214677	0.060518	0.00213465
656	0.0021179	0.0577881	0.00210571
657	0.00216084	0.0609596	0.00214784
658	0.00219235	0.0604146	0.00217934
659	0.00220777	0.0610805	0.00219436
660	0.0021746	0.0582516	0.00216208
661	0.00223565	0.0600666	0.00222223
662	0.00226793	0.0616364	0.00225388
663	0.00229952	0.0632197	0.00228469
664	0.00227503	0.0612921	0.00226087
665	0.0022935	0.0623763	0.00227938
666	0.0022852	0.0604138	0.0022711
667	0.00234827	0.0621309	0.00233355
668	0.00237467	0.0627716	0.00235925
669	0.00231251	0.0605766	0.00229649
670	0.00233215	0.0600663	0.00231699
671	0.00236604	0.0601372	0.00235049
672	0.00242725	0.062456	0.00241087
673	0.00242779	0.0625695	0.00241088
674	0.00241578	0.0612671	0.00239838
675	0.00246584	0.0623729	0.00244778
676	0.00243268	0.0614698	0.0024156
677	0.00247826	0.0613285	0.00246155
678	0.00252011	0.0625771	0.00250182
679	0.00255741	0.0628804	0.00253951
680	0.00251448	0.0619314	0.00249658
681	0.00256105	0.0637494	0.00254263
682	0.00255267	0.0615074	0.00253547
683	0.00261572	0.0628889	0.00259727
684	0.00262904	0.063964	0.00261016
685	0.0026196	0.062122	0.00260121
686	0.00267653	0.0633822	0.00265772
687	0.00264845	0.0633067	0.0026289
688	0.00268913	0.0639063	0.00266899
689	0.00258554	0.0602858	0.00256681
690	0.00271797	0.0642463	0.00269876
691	0.00268839	0.0616877	0.00266848
692	0.00274344	0.0623852	0.00272381
693	0.0027904	0.0632484	0.00277045
694	0.00280297	0.0635886	0.00278161
695	0.00284571	0.0641395	0.00282318
696	0.00288265	0.0631901	0.00286041
697	0.00291666	0.0653984	0.00289372
698	0.0029099	0.0643527	0.00288731
699	0.00300289	0.0657319	0.00297955
700	0.00300637	0.0652722	0.002982
701	0.00303536	0.0647494	0.00301182
702	0.00307884	0.066676	0.00305447
703	0.0030934	0.0662075	0.00306885
704	0.00314617	0.0656054	0.00312089
705	0.00314125	0.0643503	0.00311528
706	0.00314256	0.0647982	0.00311523
707	0.00319522	0.0658687	0.00316854
708	0.00313068	0.0651062	0.00310338
709	0.00328104	0.0657512	0.00325366
710	0.00326922	0.0657227	0.00324135
711	0.00327958	0.065732	0.00325126
712	0.0033502	0.0666548	0.00332141
713	0.00330687	0.0643558	0.00327748
714	0.00331835	0.0644318	0.00329046
715	0.00341299	0.0662085	0.00338272
716	0.00338685	0.0653434	0.00335641
717	0.00339205	0.0654827	0.00336074
718	0.00349893	0.0665608	0.00346731
719	0.003568	0.0664861	0.00353609
720	0.00362177	0.0680419	0.00358623
721	0.00363649	0.066503	0.0036022
722	0.00375773	0.0689772	0.00371976
723	0.00375518	0.0677722	0.00371942
724	0.00379654	0.0681384	0.00376048
725	0.00380785	0.0662242	0.00377256
726	0.00395046	0.0691112	0.00391403
727	0.00387489	0.0666083	0.00383809
728	0.00400909	0.06912	0.0039692
729	0.0041048	0.0688628	0.00406614
730	0.00413022	0.0687574	0.00409251
731	0.00415765	0.0683632	0.00411788
732	0.0042366	0.0684744	0.00419565
733	0.00423376	0.0675654	0.00419401
734	0.00430706	0.0691834	0.00426058
735	0.0044143	0.0695289	0.00436895
736	0.00442978	0.068168	0.00438642
737	0.00453704	0.0716423	0.00448956
738	0.00461424	0.0705445	0.00456764
739	0.00468645	0.0718716	0.00463334
740	0.0048394	0.0723294	0.00478617
741	0.00490632	0.0724113	0.00485223
742	0.00505861	0.0744252	0.00500192
743	0.00509821	0.0751002	0.00503893
744	0.00511305	0.0743324	0.00505296
745	0.00523456	0.0741191	0.0051772
746	0.00525617	0.0739078	0.00519386
747	0.00534165	0.0749981	0.00527664
748	0.00536392	0.074928	0.0052972
749	0.00557454	0.0759064	0.00550454
750	0.00557328	0.074228	0.00550171
751	0.0057295	0.0775564	0.00565399
752	0.00579544	0.0767371	0.00572048
753	0.00589227	0.0775627	0.00581519
754	0.00586465	0.0760314	0.0057871
755	0.00598613	0.077058	0.00590762
756	0.00598416	0.0769591	0.00590236
757	0.00600493	0.0761269	0.00592673
758	0.00620109	0.0781913	0.00611923
759	0.00627671	0.0779041	0.00619186
760	0.00640164	0.079118	0.0063125
761	0.00661309	0.0798281	0.00652164
762	0.00659594	0.0780231	0.00650596
763	0.00678916	0.0801065	0.00669192
764	0.00684293	0.0789797	0.00674984
765	0.00703959	0.081131	0.00694178
766	0.00718597	0.0807424	0.00708876
767	0.00721786	0.081667	0.00711146
768	0.00719202	0.0783929	0.00709013
769	0.00751134	0.082514	0.00740008
770	0.00763143	0.0833401	0.00751514
771	0.00770172	0.0832264	0.00758568
772	0.00784881	0.0828762	0.00772904
773	0.0080366	0.0842016	0.00790931
774	0.00815258	0.0844037	0.00801974
775	0.00829219	0.0855375	0.00815332
776	0.00846572	0.0857142	0.00832972
777	0.00852564	0.0828521	0.00838973
778	0.00860776	0.083821	0.00846777
779	0.00884548	0.0855057	0.00870071
780	0.00914724	0.0881681	0.00899887
781	0.00928025	0.0895361	0.00912894
782	0.00929215	0.0880854	0.00913055
783	0.00950624	0.0871878	0.00934263
784	0.00953619	0.0870877	0.00936684
785	0.00982248	0.0895079	0.00964652
786	0.0100449	0.089969	0.00986641
787	0.0101816	0.0908731	0.0099863
788	0.010364	0.0912738	0.0101684
789	0.0105935	0.0932626	0.0103898
790	0.0108679	0.0939674	0.0106597
791	0.011	0.0943949	0.0107862
792	0.0111738	0.0949128	0.0109463
793	0.0112937	0.0924465	0.0110732
794	0.0113969	0.0921722	0.0111653
795	0.0117121	0.0933945	0.0114612
796	0.0120032	0.0947777	0.0117531
797	0.0122798	0.0959022	0.0120228
798	0.0123822	0.0950151	0.0121278
799	0.012629	0.0962251	0.0123601
800	0.0131545	0.099799	0.0128642
801	0.013137	0.0975152	0.0128399
802	0.0136971	0.0983922	0.0133973
803	0.0137651	0.0982801	0.0134419
804	0.0139251	0.0991755	0.0135977
805	0.0143339	0.101236	0.0139935
806	0.0145563	0.101201	0.0142073
807	0.0148399	0.100916	0.0144788
808	0.0151431	0.101556	0.0147661
809	0.0156173	0.103422	0.0152167
810	0.0155687	0.101305	0.0151686
811	0.0162073	0.103758	0.0158009
812	0.0166716	0.10586	0.0162383
813	0.0167735	0.104463	0.0163354
814	0.0172583	0.105715	0.0167821
815	0.0175567	0.105799	0.0170939
816	0.0179397	0.106917	0.0174392
817	0.0184151	0.108294	0.0178913
818	0.0186999	0.10747	0.0181713
819	0.0196596	0.111898	0.0190944
820	0.0196352	0.109662	0.019048
821	0.0201732	0.11061	0.0195749
822	0.0205958	0.111276	0.0199667
823	0.0213132	0.11257	0.0206679
824	0.0214693	0.111721	0.0207873
825	0.0222621	0.112078	0.0215807
826	0.0225786	0.112694	0.0218898
827	0.0232185	0.116034	0.0224529
828	0.0237021	0.117292	0.0229225
829	0.0240833	0.1171	0.0232852
830	0.0241873	0.114492	0.0233521
831	0.0251109	0.117144	0.0242293
832	0.0257072	0.118492	0.0247926
833	0.0262662	0.119072	0.0253285
834	0.026939	0.120445	0.025945
835	0.0274934	0.120318	0.0264808
836	0.0281665	0.119993	0.027104
837	0.0282986	0.117985	0.0272384
838	0.0295577	0.122416	0.0283926
839	0.0299271	0.121829	0.0287454
840	0.0305362	0.122012	0.029281
841	0.031889	0.124496	0.030549
842	0.0328065	0.125462	0.0314554
843	0.0334438	0.125955	0.0320179
844	0.0340406	0.124014	0.0325619
845	0.0352833	0.127231	0.0337493
846	0.0359822	0.128335	0.0343642
847	0.0365282	0.12597	0.0349179
848	0.0374186	0.127734	0.0357171
849	0.0385274	0.129329	0.0367354
850	0.0393033	0.128717	0.0374157
851	0.0405475	0.128049	0.0385948
852	0.0415183	0.131341	0.0393944
853	0.0423062	0.131522	0.0401273
854	0.0439335	0.135142	0.0415647
855	0.0456071	0.136023	0.0431673
856	0.0461234	0.134181	0.0435132
857	0.0476958	0.135288	0.0451297
858	0.0491476	0.138381	0.046319
859	0.0504594	0.137193	0.0475828
860	0.0515197	0.138071	0.0484759
861	0.0524243	0.13805	0.0491838
862	0.0543429	0.139779	0.0509858
863	0.0557341	0.14167	0.052158
864	0.0574446	0.142027	0.0537358
865	0.0587877	0.143658	0.0546726
866	0.0603836	0.143041	0.0561891
867	0.0618535	0.143324	0.0574731
868	0.0629573	0.142238	0.0583802
869	0.0641077	0.142569	0.0592182
870	0.0670794	0.143294	0.0619541
871	0.069197	0.144378	0.063756
872	0.0721878	0.148069	0.0662498
873	0.0739562	0.148413	0.0676178
874	0.075644	0.148838	0.0689635
875	0.0769805	0.146892	0.0701355
876	0.079261	0.148471	0.0716703
877	0.0826493	0.149898	0.0747968
878	0.085022	0.150024	0.0766058
879	0.0866706	0.148319	0.077892
880	0.0892574	0.148875	0.0799398
881	0.0933185	0.153694	0.0830135
882	0.0942355	0.149232	0.0837529
883	0.0974076	0.149218	0.085959
884	0.101224	0.151232	0.0889985
885	0.104527	0.151784	0.0908921
886	0.107044	0.152051	0.0927451
887	0.111538	0.151167	0.0963669
888	0.115248	0.154489	0.0987131
889	0.11748	0.151463	0.10045
890	0.120712	0.153157	0.102401
891	0.124876	0.153236	0.10494
892	0.1289	0.153176	0.107146
893	0.133315	0.153212	0.11032
894	0.136835	0.151807	0.112844
895	0.141311	0.151943	0.114888
896	0.145942	0.15337	0.117153
897	0.150379	0.152177	0.119218
898	0.156186	0.15082	0.12267
899	0.160511	0.151597	0.124399
900	0.166432	0.151478	0.127205
901	0.169592	0.14985	0.127927
902	0.177351	0.15115	0.130798
903	0.17989	0.146689	0.130415
904	0.188714	0.150232	0.134295
905	0.194975	0.148974	0.135739
906	0.200301	0.146801	0.1352
907	0.2073	0.144793	0.136833
908	0.211615	0.144099	0.136464
909	0.219969	0.143834	0.137148
910	0.225791	0.14384	0.137093
911	0.232446	0.141343	0.136789
912	0.241227	0.139201	0.135126
913	0.250601	0.140027	0.133133
914	0.258549	0.138541	0.129952
915	0.26537	0.13574	0.127744
916	0.272816	0.134592	0.127264
917	0.277587	0.13597	0.125124
918	0.286609	0.133762	0.126592
919	0.290425	0.13573	0.127505
920	0.292379	0.136614	0.130687
921	0.299019	0.132919	0.13095
922	0.300141	0.138661	0.132165
923	0.301644	0.136602	0.133282
924	0.308125	0.136831	0.133043
925	0.307102	0.139127	0.133227
926	0.311474	0.137227	0.134679
927	0.317273	0.138096	0.137409
928	0.317918	0.139777	0.136924
929	0.316045	0.138525	0.136517
930	0.316744	0.137886	0.135328
931	0.330022	0.139507	0.139001
932	0.331247	0.141139	0.141397
933	0.329313	0.140807	0.138855
934	0.327318	0.138851	0.138784
935	0.328944	0.140205	0.141415
936	0.327576	0.139897	0.139702
937	0.327364	0.140721	0.138408
938	0.344688	0.143459	0.142062
939	0.349004	0.142582	0.145711
940	0.348337	0.143067	0.145337
941	0.348946	0.143856	0.14691
942	0.345764	0.141431	0.145687
943	0.345076	0.142114	0.144192
944	0.341005	0.143093	0.141588
945	0.341955	0.142194	0.144259
946	0.339303	0.142329	0.143539
947	0.341287	0.141902	0.141399
948	0.339314	0.14036	0.141043
949	0.334684	0.142094	0.142202
950	0.365216	0.145094	0.150658
951	0.375632	0.148294	0.153465
952	0.377159	0.146789	0.155955
953	0.374213	0.14678	0.156287
954	0.371004	0.148392	0.155529
955	0.367705	0.148952	0.154765
956	0.363181	0.146775	0.15342
957	0.363674	0.147028	0.154012
958	0.36566	0.14718	0.152279
959	0.366166	0.147663	0.152156
960	0.361774	0.147019	0.151322
960	0.361774	0.147019	0.151322
961	0.3591	0.145697	0.149932
962	0.357755	0.147216	0.149229
963	0.358082	0.145992	0.150976
964	0.358104	0.145776	0.151209
965	0.353406	0.146664	0.150378
966	0.353479	0.146943	0.148835
967	0.352749	0.145907	0.147992
968	0.354146	0.14624	0.147996
969	0.350628	0.145747	0.147239
970	0.348126	0.145269	0.147653
971	0.349253	0.145529	0.147489
972	0.349537	0.147391	0.147227
973	0.415365	0.148525	0.164944
974	0.417506	0.153309	0.16487
975	0.41433	0.154541	0.165975
976	0.415989	0.152098	0.165071
977	0.414754	0.150576	0.165604
978	0.411996	0.155147	0.165659
979	0.409182	0.152342	0.166263
980	0.406942	0.152138	0.163632
981	0.405723	0.152007	0.164237
982	0.404397	0.154147	0.16558
983	0.403556	0.154205	0.164558
984	0.402491	0.151566	0.165885
985	0.403649	0.154102	0.16566
986	0.400666	0.153216	0.162564
987	0.398077	0.151189	0.16257
988	0.400664	0.153561	0.165619
989	0.396791	0.15323	0.164752
990	0.394215	0.151625	0.163195
991	0.394811	0.151353	0.162264
992	0.394433	0.151458	0.161421
993	0.388913	0.151667	0.162252
994	0.38769	0.152677	0.16193
995	0.38874	0.152259	0.161861
996	0.387166	0.150135	0.161243
997	0.384883	0.152629	0.159993
998	0.386694	0.151728	0.160398
999	0.385129	0.154367	0.160828
1000	0.383333	0.153096	0.160391
1001	0.38026	0.152044	0.157738
1002	0.381796	0.151327	0.158534
1003	0.375425	0.152811	0.15906
1004	0.38005	0.149963	0.157263
1005	0.374579	0.150517	0.15549
1006	0.373051	0.15163	0.157819
1007	0.37131	0.15218	0.15695
1008	0.372848	0.151182	0.158759
1009	0.369172	0.151166	0.156793
1010	0.369363	0.15207	0.156017
1011	0.366399	0.151839	0.155797
1012	0.366588	0.152291	0.156448
1013	0.363397	0.152528	0.157531
1014	0.363287	0.153285	0.156218
1015	0.362525	0.15015	0.156254
1016	0.362487	0.15067	0.154896
1017	0.361084	0.149973	0.153826
1018	0.358652	0.151428	0.155256
1019	0.355571	0.150395	0.153882
1020	0.354434	0.152118	0.154703
1021	0.355218	0.15326	0.153583
1022	0.350375	0.153513	0.153547
1023	0.350253	0.152005	0.153391
1024	0.350478	0.150142	0.154128
1025	0.351726	0.151567	0.152199
1026	0.467385	0.159668	0.186411
1027	0.509287	0.161531	0.195746
1028	0.504506	0.159887	0.195607
1029	0.5066	0.160952	0.194443
1030	0.505112	0.160746	0.19095
1031	0.503294	0.160615	0.191395
1032	0.5008	0.162112	0.191671
1033	0.503828	0.159742	0.192495
1034	0.50025	0.161701	0.192047
1035	0.500306	0.163036	0.192399
1036	0.500728	0.162308	0.193715
1037	0.498802	0.161141	0.189549
1038	0.495712	0.162423	0.187673
1039	0.495322	0.162798	0.190511
1040	0.494232	0.163084	0.188785
1041	0.495036	0.161606	0.188515
1042	0.491766	0.162291	0.189728
1043	0.489501	0.16099	0.193317
1044	0.490179	0.164188	0.191499
1045	0.486353	0.163947	0.189463
1046	0.48523	0.16258	0.18753
1047	0.483018	0.163738	0.187661
1048	0.480807	0.162782	0.185836
1049	0.48225	0.16189	0.186559
1050	0.480035	0.161567	0.187733
1051	0.478594	0.164805	0.189701
1052	0.477182	0.164833	0.188884
1053	0.47821	0.163457	0.188551
1054	0.475146	0.16298	0.18875
1055	0.469725	0.163944	0.189607
1056	0.473009	0.16274	0.190507
1057	0.475073	0.165502	0.188838
1058	0.469385	0.165797	0.189431
1059	0.46782	0.165021	0.188616
1060	0.466236	0.164517	0.189504
1061	0.465065	0.163026	0.189436
1062	0.463266	0.163812	0.188097
1063	0.464829	0.161939	0.18631
1064	0.463375	0.162604	0.190053
1065	0.461471	0.164737	0.189387
1066	0.461698	0.163628	0.186704
1067	0.459955	0.164018	0.18721
1068	0.457249	0.164506	0.187897
1069	0.46138	0.16464	0.188352
1070	0.454974	0.163464	0.184236
1071	0.454585	0.165212	0.185202
1072	0.45378	0.165581	0.186192
1073	0.452969	0.16355	0.184722
1074	0.45328	0.164355	0.183809
1075	0.452952	0.165474	0.184531
1076	0.449627	0.164571	0.182254
1077	0.447472	0.163168	0.183025
1078	0.449095	0.164947	0.184831
1079	0.443491	0.165698	0.1833
1080	0.442696	0.163789	0.182961
1081	0.441705	0.166454	0.182509
1082	0.440667	0.164147	0.178977
1083	0.441122	0.164117	0.17983
1084	0.438404	0.16491	0.183425
1085	0.435552	0.164296	0.183312
1086	0.435747	0.16442	0.180436
1087	0.434237	0.167177	0.183157
1088	0.435488	0.164184	0.179887
1089	0.434387	0.164162	0.18005
1090	0.43029	0.165441	0.183477
1091	0.427568	0.167376	0.182058
1092	0.431485	0.16481	0.180122
1093	0.426958	0.165301	0.181353
1094	0.426974	0.163932	0.18176
1095	0.425206	0.165437	0.180471
1096	0.423295	0.163268	0.179198
1097	0.422661	0.163712	0.179199
1098	0.424235	0.165109	0.178704
1099	0.420397	0.164978	0.176037
1100	0.421033	0.163512	0.176864
1101	0.418901	0.163531	0.179652
1102	0.415837	0.164121	0.176257
1103	0.418713	0.1671	0.179215
1104	0.414554	0.166107	0.177311
1105	0.414573	0.162352	0.179872
1106	0.410227	0.164073	0.178263
1107	0.409482	0.165308	0.179182
1108	0.410123	0.165448	0.180187
1109	0.407064	0.16753	0.175609
1110	0.405979	0.166678	0.176226
1111	0.406346	0.165541	0.175292
1112	0.405068	0.165084	0.176003
1113	0.404572	0.164741	0.176491
1114	0.402939	0.164186	0.176007
1115	0.40109	0.165815	0.172545
1116	0.400811	0.166522	0.174883
1117	0.398823	0.165653	0.173509
1118	0.396826	0.165879	0.173235
1119	0.394013	0.1663	0.172347
1120	0.395823	0.16774	0.17514
1121	0.391816	0.167049	0.173524
1122	0.392519	0.165561	0.174409
1123	0.39326	0.165242	0.172539
1124	0.390583	0.163777	0.170293
1125	0.391162	0.163848	0.173332
1126	0.386742	0.166495	0.171494
1127	0.386902	0.165771	0.171945
1128	0.388342	0.165468	0.170972
1129	0.383351	0.162959	0.171266
1130	0.38449	0.165292	0.16785
1131	0.381368	0.164062	0.170682
1132	0.381396	0.165691	0.170782
1133	0.379752	0.164815	0.171394
1134	0.377523	0.165415	0.172179
1135	0.376023	0.165766	0.170354
1136	0.378659	0.163858	0.16921
1137	0.375109	0.164783	0.166752
1138	0.3755	0.165818	0.169813
1139	0.371997	0.163907	0.167486
1140	0.371018	0.162134	0.167382
1141	0.368067	0.165701	0.163973
1142	0.368795	0.163971	0.16727
1143	0.365823	0.164761	0.168365
1144	0.364998	0.163282	0.167669
1145	0.368291	0.164544	0.166375
1146	0.367192	0.161291	0.167089
1147	0.36316	0.165603	0.166043
1148	0.363799	0.164148	0.16519
1149	0.358	0.163881	0.162965
1150	0.359526	0.165116	0.165252
1151	0.360936	0.164729	0.163221
1152	0.358969	0.162023	0.165185
1153	0.356991	0.161129	0.165031
1154	0.355779	0.162043	0.16456
1155	0.353926	0.165768	0.163487
1156	0.354346	0.165564	0.16446
1157	0.353748	0.16214	0.161693
1158	0.353448	0.163177	0.163813
1159	0.350052	0.163613	0.161158
1160	0.348789	0.163809	0.163643
1161	0.347249	0.163649	0.161182
1162	0.343964	0.163835	0.158291
1163	0.344209	0.164508	0.160634
1164	0.341831	0.161928	0.158386
1165	0.342112	0.160818	0.159254
1166	0.340873	0.165667	0.158319
1167	0.341882	0.161645	0.160045
1168	0.340204	0.164545	0.160002
1169	0.340748	0.160755	0.16074
1170	0.336389	0.162612	0.157797
1171	0.337332	0.159973	0.157845
1172	0.333962	0.162147	0.15678
1173	0.333781	0.16054	0.156776
1174	0.329986	0.162604	0.155629
1175	0.332435	0.162267	0.157868
1176	0.331848	0.163549	0.156662
1177	0.329499	0.163296	0.156956
1178	0.326229	0.164101	0.155896
1179	0.32809	0.162134	0.155264
1180	0.326902	0.163979	0.154504
1181	0.323533	0.16295	0.153754
1182	0.321536	0.161409	0.153704
1183	0.322256	0.158595	0.153576
1184	0.322687	0.160897	0.154297
1185	0.318745	0.161919	0.152379
1186	0.319906	0.160259	0.1531
1187	0.314926	0.161191	0.150784
1188	0.316178	0.15848	0.151686
1189	0.313346	0.160953	0.151765
1190	0.317143	0.160043	0.15165
1191	0.315017	0.160331	0.149658
1192	0.311721	0.160624	0.152256
1193	0.310025	0.162267	0.151035
1194	0.312226	0.160364	0.151813
1195	0.309025	0.159349	0.150069
1196	0.307598	0.156843	0.149642
1197	0.307799	0.164265	0.148972
1198	0.307479	0.159004	0.150947
1199	0.305759	0.160474	0.147797
1200	0.307283	0.159328	0.150206
1201	0.303961	0.160811	0.148508
1202	0.30084	0.159236	0.148355
1203	0.301915	0.159161	0.148401
1204	0.302123	0.157335	0.145827
1205	0.301093	0.159778	0.146248
1206	0.300237	0.158706	0.145951
1207	0.297677	0.160949	0.14793
1208	0.295623	0.158074	0.14593
1209	0.295482	0.160373	0.145872
1210	0.297161	0.159307	0.148159
1211	0.295465	0.157898	0.145722
1212	0.294205	0.158422	0.145785
1213	0.29471	0.158323	0.145367
1214	0.29506	0.155402	0.145826
1215	0.297434	0.156363	0.142641
1216	0.81365	0.0873963	0.177671
1217	0.980731	0.0176858	0.270688
1218	0.984875	0.0137999	0.213597
1219	0.987668	0.0111759	0.170721
1220	0.989683	0.00929633	0.137782
1221	0.991191	0.00789468	0.112959
1222	0.99235	0.0068321	0.0929253
1223	0.993264	0.00598751	0.0784268
1224	0.993999	0.00530883	0.0671768
1225	0.9946	0.00475711	0.0580369
1226	0.995101	0.00429908	0.0506975
1227	0.995523	0.00391407	0.0446847
1228	0.995883	0.00358618	0.0397291
1229	0.996194	0.00330584	0.0354666
1230	0.996464	0.00306182	0.0319224
1231	0.996702	0.00284954	0.0288343
1232	0.996912	0.00266177	0.0262129
1233	0.997098	0.00249421	0.0239849
1234	0.997265	0.00234473	0.0220337
1235	0.997416	0.00221198	0.0202571
1236	0.997552	0.00209116	0.0187348
1237	0.997676	0.00198056	0.0174239
1238	0.997789	0.0018812	0.0162053
1239	0.997892	0.00178994	0.0151322
1240	0.997987	0.00170654	0.0141567
1241	0.998074	0.00162938	0.0132916
1242	0.998155	0.00155813	0.0125086
1243	0.99823	0.00149219	0.0117946
1244	0.9983	0.00143077	0.011153
1245	0.998365	0.00137423	0.0105449
1246	0.998426	0.0013218	0.00997875
1247	0.998483	0.00127195	0.00948589
1248	0.998536	0.00122568	0.00901644
1249	0.998586	0.00118218	0.00858808
1250	0.998633	0.00114153	0.00818434
1251	0.998678	0.00110305	0.0078165
1252	0.998719	0.00106695	0.00747003
1253	0.998759	0.0010326	0.00715343
1254	0.998796	0.000999904	0.00686374
1255	0.998832	0.000969021	0.00659053
1256	0.998866	0.000939931	0.0063294
1257	0.998898	0.000912131	0.00608679
1258	0.998928	0.000886049	0.00585285
1259	0.998958	0.000861244	0.00563247
1260	0.998985	0.000837734	0.005422
1261	0.999012	0.00081484	0.00523539
1262	0.999037	0.000793349	0.00505054
1263	0.999061	0.000772574	0.00488109
1264	0.999084	0.000752929	0.00471394
1265	0.999106	0.000733893	0.00456263
1266	0.999128	0.00071572	0.00441773
1267	0.999148	0.000698526	0.00427414
1268	0.999168	0.000681659	0.00414591
1269	0.999187	0.000665859	0.00401638
1270	0.999205	0.00065077	0.00389117
1271	0.999222	0.000636066	0.00377599
1272	0.999239	0.000621877	0.00366679
1273	0.999255	0.000608291	0.00356163
1274	0.999271	0.000595093	0.00346256
1275	0.999286	0.000582547	0.00336397
1276	0.9993	0.000570374	0.00327171
1277	0.999314	0.000558225	0.0031909
1278	0.999328	0.000546761	0.00310648
1279	0.999341	0.00053606	0.00302095
1280	0.999353	0.000525293	0.00294644
1281	0.999366	0.000514888	0.00287483
1282	0.999377	0.00050492	0.00280408
1283	0.999389	0.000495264	0.00273662
1284	0.9994	0.000485896	0.00267164
1285	0.999411	0.00047692	0.00260736
1286	0.999421	0.000468191	0.00254542
1287	0.999432	0.000459765	0.00248404
1288	0.999441	0.000451482	0.00242793
1289	0.999451	0.000443424	0.00237485
1290	0.99946	0.000435723	0.00232161
1291	0.999469	0.000428184	0.00227116
1292	0.999478	0.000420894	0.00222192
1293	0.999487	0.000413659	0.00217524
1294	0.999495	0.000406907	0.00212683
1295	0.999503	0.000400242	0.00208185
1296	0.999511	0.000393629	0.00204041
1297	0.999519	0.000387352	0.0019978
1298	0.999526	0.000381131	0.00195805
1299	0.999533	0.000375041	0.00191962
1300	0.99954	0.000369116	0.00188309
