600	0.00113713	0.0504348	0.00113308
601	0.0011346	0.0509146	0.00113062
602	0.00112723	0.0495429	0.0011232
603	0.00111439	0.0482276	0.00111034
604	0.00113591	0.0500268	0.00113174
605	0.00110649	0.0484123	0.00110253
606	0.00111319	0.0479526	0.00110935
607	0.00111456	0.0483807	0.00111048
608	0.00112585	0.0492311	0.0011215
609	0.00114518	0.048871	0.0011409
610	0.00114151	0.048475	0.00113707
611	0.00117265	0.0490348	0.00116805
612	0.0011355	0.0467626	0.00113107
613	0.00115155	0.0481367	0.00114708
614	0.00114369	0.0475505	0.00113937
615	0.001157	0.0475745	0.00115282
616	0.00114472	0.0467457	0.00114038
617	0.00115128	0.0462971	0.00114695
618	0.001153	0.0467972	0.00114877
619	0.00115552	0.0472067	0.0011512
620	0.00112374	0.0451298	0.00111935
621	0.0011612	0.0464881	0.00115692
622	0.00117812	0.0480354	0.00117359
623	0.0011678	0.0468302	0.00116327
624	0.00116652	0.0470005	0.00116207
625	0.00114794	0.0457232	0.00114366
626	0.00115193	0.0456779	0.00114739
627	0.00114679	0.045118	0.00114229
628	0.0011574	0.0453364	0.00115299
629	0.00117765	0.0460921	0.00117288
630	0.00116229	0.0454492	0.00115796
631	0.00119192	0.0461545	0.00118716
632	0.00120203	0.0470495	0.00119682
633	0.0012186	0.0473954	0.00121329
634	0.00118655	0.0454085	0.00118146
635	0.00116849	0.0447723	0.00116335
636	0.00118645	0.0443666	0.00118161
637	0.00118917	0.0454631	0.00118411
638	0.00120315	0.0459423	0.00119801
639	0.00119544	0.0440061	0.00119018
640	0.00121782	0.045212	0.00121275
641	0.00122983	0.0457521	0.00122456
642	0.00122543	0.0450287	0.00121996
643	0.00125674	0.0463002	0.00125117
644	0.0011998	0.0420666	0.00119462
645	0.00123971	0.0448486	0.00123411
646	0.00129365	0.0467389	0.00128744
647	0.00130488	0.0467743	0.00129851
648	0.00126444	0.0449108	0.00125831
649	0.00130604	0.0447121	0.00129999
650	0.00131303	0.045729	0.00130645
651	0.00133464	0.0472379	0.00132741
652	0.00133787	0.0467963	0.00133069
653	0.00131738	0.0456515	0.00131082
654	0.00134528	0.0457903	0.00133833
655	0.0013888	0.0473923	0.00138144
656	0.00141262	0.0485237	0.00140501
657	0.00134169	0.0445317	0.00133508
658	0.00135742	0.0454265	0.00135076
659	0.00138162	0.0463509	0.00137426
660	0.00140226	0.0470077	0.00139468
661	0.00140017	0.0464726	0.00139275
662	0.00140385	0.0460814	0.0013966
663	0.00140895	0.0453797	0.00140166
664	0.00142005	0.0457549	0.00141242
665	0.00143608	0.0467241	0.0014279
666	0.00144854	0.0462452	0.00144077
667	0.001448	0.0461031	0.00144023
668	0.00143031	0.0458967	0.0014223
669	0.00147036	0.0476071	0.00146209
670	0.00144153	0.0452506	0.00143344
671	0.00148973	0.0468078	0.00148144
672	0.00148295	0.0457671	0.00147574
673	0.00148937	0.045433	0.00148158
674	0.00155656	0.0484964	0.00154841
675	0.00151444	0.0462905	0.00150633
676	0.0015272	0.0467634	0.00151928
677	0.00145842	0.0440777	0.00145067
678	0.00153771	0.0465397	0.00152952
679	0.00155532	0.0463247	0.00154715
680	0.00160044	0.0474507	0.00159229
681	0.00161386	0.0487851	0.00160481
682	0.00157919	0.0460282	0.00157082
683	0.00160518	0.0465913	0.00159619
684	0.00167448	0.0492825	0.00166519
685	0.00165128	0.0480497	0.00164206
686	0.00168664	0.0481482	0.00167686
687	0.00170145	0.0490006	0.0016915
688	0.00172641	0.0490527	0.00171592
689	0.00173426	0.0486035	0.00172381
690	0.00176492	0.0498632	0.0017545
691	0.00175939	0.0488027	0.00174886
692	0.00180389	0.0493343	0.00179286
693	0.00179341	0.0483119	0.00178188
694	0.00180493	0.0490671	0.00179283
695	0.00181135	0.0493634	0.00179939
696	0.00183145	0.0488927	0.00182039
697	0.00190934	0.0504923	0.0018977
698	0.00188223	0.0499169	0.00187057
699	0.00189537	0.049366	0.00188316
700	0.00191385	0.0485911	0.00190166
701	0.00191695	0.0491193	0.00190508
702	0.001947	0.0492264	0.00193439
703	0.00192283	0.048917	0.00191038
704	0.00193542	0.0487075	0.0019228
705	0.002	0.0499472	0.00198672
706	0.00204189	0.0504407	0.00202725
707	0.00207535	0.0518429	0.00206108
708	0.00207934	0.0500538	0.00206464
709	0.00214518	0.0515087	0.00212943
710	0.00215939	0.0504867	0.00214426
711	0.00220141	0.0521642	0.00218552
712	0.00220241	0.0515124	0.00218605
713	0.0022671	0.0527742	0.00225037
714	0.00219727	0.0494718	0.00218146
715	0.00227948	0.051107	0.0022613
716	0.00234006	0.0514165	0.00232323
717	0.00235446	0.0517881	0.00233691
718	0.00236495	0.050854	0.00234739
719	0.00245343	0.0527832	0.00243416
720	0.00243664	0.0514956	0.00241758
721	0.00250612	0.0533303	0.00248483
722	0.00259427	0.0539841	0.00257365
723	0.0025973	0.0532821	0.0025778
724	0.00271488	0.057632	0.00269063
725	0.0027145	0.0552712	0.00269116
726	0.00279554	0.05727	0.00277057
727	0.00281305	0.0552562	0.002789
728	0.00293895	0.057701	0.00291255
729	0.00298267	0.0591501	0.00295512
730	0.00299662	0.0583227	0.00296765
731	0.00300013	0.0574718	0.00297127
732	0.00311805	0.0594201	0.00308792
733	0.00306619	0.0573486	0.00303619
734	0.00316383	0.0594206	0.00313247
735	0.00320134	0.0599653	0.00316769
736	0.00331836	0.0601661	0.00328392
737	0.00331277	0.0590837	0.00327638
738	0.0033766	0.0600239	0.00334205
739	0.00344921	0.0614819	0.0034115
740	0.00345226	0.0605857	0.00341724
741	0.00347907	0.0605556	0.00344073
742	0.00354204	0.062057	0.0035024
743	0.00346777	0.0600227	0.00343049
744	0.00363538	0.0629245	0.00359631
745	0.00367187	0.0618978	0.00363277
746	0.00365247	0.0611843	0.00361182
747	0.00380913	0.0635164	0.00376955
748	0.00384428	0.0624526	0.00380399
749	0.00390737	0.0632919	0.00386464
750	0.00398757	0.0639213	0.00394378
751	0.00407748	0.0655007	0.00403214
752	0.00411876	0.0637711	0.00407397
753	0.00419452	0.0652648	0.00414771
754	0.0041604	0.0631547	0.00411386
755	0.00431949	0.0663668	0.00426788
756	0.00441174	0.0669365	0.00435916
757	0.00436795	0.0659192	0.0043163
758	0.00450238	0.0658247	0.00444744
759	0.0046987	0.0689736	0.00464078
760	0.00471596	0.0670206	0.00466044
761	0.00470581	0.0669932	0.00465115
762	0.00487785	0.068868	0.00481613
763	0.00492432	0.0676627	0.00486067
764	0.00497344	0.0677276	0.0049112
765	0.00502898	0.0681635	0.00496609
766	0.00522919	0.0714744	0.00516093
767	0.00528587	0.0718214	0.00522
768	0.0053051	0.0710412	0.00523475
769	0.00536511	0.0692948	0.0052939
770	0.0053374	0.0687912	0.00526481
771	0.00553242	0.0713619	0.00545763
772	0.00570208	0.072262	0.00562404
773	0.00570837	0.071268	0.00563086
774	0.00594446	0.0747181	0.00586017
775	0.00596532	0.0738828	0.00587911
776	0.00617711	0.0762945	0.00608663
777	0.00624235	0.0763076	0.00614912
778	0.00633577	0.0747949	0.00624362
779	0.00636847	0.0731875	0.00627054
780	0.00640189	0.071946	0.00630623
781	0.0065423	0.0736063	0.00643703
782	0.00689531	0.0770075	0.00678645
783	0.00693105	0.0755405	0.00681945
784	0.00700471	0.0754929	0.006897
785	0.00720946	0.0772974	0.00709627
786	0.00742897	0.0786194	0.00730802
787	0.00754872	0.0783832	0.00742258
788	0.00783896	0.0787843	0.00770897
789	0.00782095	0.0784408	0.00768474
790	0.00801872	0.0800833	0.0078803
791	0.00812423	0.0804181	0.00798065
792	0.008399	0.0823315	0.00824938
793	0.00841364	0.0802862	0.00826287
794	0.00865019	0.0814004	0.00849078
795	0.00871726	0.0812759	0.00855353
796	0.00875284	0.0800545	0.00858206
797	0.00915353	0.0836806	0.00897487
798	0.00932075	0.0830957	0.00913798
799	0.00948577	0.0840911	0.00929435
800	0.00969784	0.0838212	0.00950827
801	0.00999214	0.0856146	0.00978365
802	0.0100356	0.0845723	0.0098246
803	0.0103202	0.0853557	0.0100982
804	0.0107969	0.0894877	0.0105431
805	0.0109043	0.0872634	0.0106611
806	0.0110869	0.0867237	0.0108346
807	0.0113707	0.0873602	0.0111107
808	0.0118398	0.0899525	0.011567
809	0.0120866	0.0903317	0.0118013
810	0.0122313	0.0890133	0.0119498
811	0.0125931	0.0904399	0.0123043
812	0.0126785	0.0901766	0.0123714
813	0.013191	0.0935171	0.0128629
814	0.0133054	0.093168	0.0129723
815	0.0134034	0.0916716	0.0130595
816	0.0138238	0.0919255	0.0134827
817	0.0143703	0.0957548	0.0139889
818	0.0146012	0.0960393	0.0141948
819	0.0148904	0.095943	0.0144823
820	0.015363	0.0976045	0.0149322
821	0.0157652	0.0970066	0.0153168
822	0.0155827	0.0943594	0.01515
823	0.0166099	0.0997425	0.0161249
824	0.0166953	0.0988085	0.0162206
825	0.0169619	0.098074	0.0164546
826	0.0176543	0.0992416	0.0171269
827	0.0182703	0.101442	0.0176981
828	0.0185715	0.102164	0.0179975
829	0.0190591	0.101663	0.0184411
830	0.0198031	0.104891	0.0191769
831	0.0200733	0.103362	0.0194503
832	0.0203954	0.102214	0.0197458
833	0.0211613	0.106116	0.020451
834	0.0215708	0.1062	0.0208394
835	0.0219698	0.105773	0.0212142
836	0.0228658	0.106846	0.0220946
837	0.0231954	0.108138	0.0223505
838	0.0239393	0.110406	0.0230688
839	0.02464	0.110801	0.0237198
840	0.0253588	0.110719	0.0244255
841	0.0257775	0.11079	0.0247845
842	0.0267479	0.113361	0.025731
843	0.0274251	0.11461	0.0263703
844	0.0282646	0.113296	0.0271375
845	0.0286884	0.114601	0.0275304
846	0.0293392	0.114229	0.0281552
847	0.0303463	0.117566	0.0290626
848	0.0313988	0.119381	0.0300682
849	0.0317225	0.117755	0.0303416
850	0.0327122	0.119901	0.031179
851	0.0336094	0.119105	0.0320987
852	0.0341153	0.11928	0.0324874
853	0.03463	0.119231	0.0329685
854	0.0358021	0.120582	0.0340141
855	0.0372563	0.120711	0.0354071
856	0.0388235	0.123918	0.0368001
857	0.0399978	0.12518	0.0378386
858	0.0412311	0.126432	0.0390589
859	0.0415244	0.125595	0.0392123
860	0.0426538	0.124875	0.0402198
861	0.0442039	0.127264	0.0416766
862	0.0458175	0.127246	0.043127
863	0.0462557	0.126909	0.043373
864	0.0481153	0.128772	0.0451061
865	0.0497702	0.13046	0.0465653
866	0.0510493	0.129328	0.0477074
867	0.0523447	0.130434	0.0486331
868	0.0542141	0.132326	0.0502768
869	0.0561673	0.13246	0.0519683
870	0.0572041	0.131833	0.0529037
871	0.0597253	0.132372	0.0551813
872	0.0621264	0.136801	0.0571161
873	0.0630294	0.132873	0.0580904
874	0.0641753	0.134203	0.0588197
875	0.0672921	0.136939	0.0614597
876	0.0690566	0.137588	0.0627836
877	0.0714134	0.138761	0.0648049
878	0.0734762	0.139766	0.066477
879	0.0753051	0.13854	0.0679315
880	0.077943	0.140188	0.0698588
881	0.0801961	0.138678	0.0719644
882	0.0833599	0.139038	0.0746529
883	0.0859719	0.140935	0.0764094
884	0.089261	0.141397	0.0789058
885	0.0905624	0.140529	0.0796336
886	0.0945818	0.142747	0.082489
887	0.0959899	0.138903	0.0834352
888	0.101241	0.14484	0.0874638
889	0.104517	0.144906	0.0895763
890	0.107058	0.144018	0.0911345
891	0.110438	0.142643	0.0935498
892	0.112388	0.141918	0.0946244
893	0.117229	0.144767	0.0979877
894	0.119653	0.144423	0.0993286
895	0.12386	0.143368	0.102074
896	0.128696	0.143677	0.104534
897	0.133435	0.1434	0.107212
898	0.136268	0.143499	0.108546
899	0.140117	0.141384	0.110217
900	0.145609	0.142639	0.11279
901	0.150691	0.142852	0.115138
902	0.158305	0.142072	0.118804
903	0.161226	0.140677	0.118495
904	0.167355	0.140938	0.120942
905	0.17442	0.141591	0.122256
906	0.178009	0.139091	0.122801
907	0.183855	0.139397	0.123622
908	0.191443	0.138425	0.125691
909	0.199489	0.138185	0.125932
910	0.205051	0.136107	0.126111
911	0.211982	0.136342	0.125934
912	0.220038	0.133355	0.125492
913	0.227752	0.132867	0.123332
914	0.235987	0.131558	0.1208
915	0.24473	0.129166	0.118788
916	0.249852	0.130361	0.118291
917	0.253836	0.127955	0.117163
918	0.263161	0.129994	0.119721
919	0.265228	0.129189	0.12105
920	0.273119	0.13098	0.122001
921	0.275942	0.13238	0.123629
922	0.276932	0.131015	0.123857
923	0.279337	0.132924	0.124375
924	0.286445	0.132303	0.126508
925	0.283842	0.132111	0.126574
926	0.286762	0.134576	0.125249
927	0.295673	0.135379	0.128409
928	0.294837	0.135372	0.129465
929	0.292737	0.134985	0.129347
930	0.293771	0.134424	0.127506
931	0.306875	0.135498	0.131651
932	0.307312	0.136666	0.133307
933	0.3059	0.137895	0.13312
934	0.306591	0.136933	0.132994
935	0.306578	0.136815	0.134685
936	0.303042	0.137727	0.133398
937	0.300597	0.138056	0.132802
938	0.315856	0.14043	0.138883
939	0.32204	0.140444	0.139568
940	0.321136	0.140322	0.139967
941	0.323751	0.139686	0.13806
942	0.322056	0.139665	0.138887
943	0.319649	0.141486	0.138332
944	0.317984	0.140376	0.136096
945	0.316021	0.140595	0.136891
946	0.315407	0.137285	0.138473
947	0.314763	0.139946	0.136343
948	0.310612	0.14122	0.134892
949	0.311702	0.139138	0.134023
950	0.34169	0.14352	0.143338
951	0.353318	0.143205	0.147021
952	0.348721	0.143517	0.145862
953	0.348364	0.145012	0.146171
954	0.348446	0.144875	0.145015
955	0.346373	0.142574	0.146285
956	0.34714	0.142451	0.144277
957	0.342259	0.142157	0.145296
958	0.341036	0.144703	0.145423
959	0.341599	0.139549	0.144433
960	0.339919	0.142636	0.143735
960	0.339919	0.142636	0.143735
961	0.335556	0.145504	0.145381
962	0.335468	0.144147	0.141651
963	0.332104	0.140262	0.14282
964	0.332115	0.142698	0.140905
965	0.331239	0.143569	0.143141
966	0.328895	0.14382	0.140778
967	0.32988	0.142525	0.143384
968	0.326798	0.14317	0.14303
969	0.324646	0.14146	0.139654
970	0.32661	0.141634	0.140037
971	0.322959	0.143724	0.140344
972	0.324778	0.142037	0.140594
973	0.387339	0.149975	0.158621
974	0.394901	0.149587	0.160752
975	0.391411	0.151394	0.161188
976	0.38768	0.150968	0.160815
977	0.3881	0.1513	0.161868
978	0.38817	0.150128	0.161984
979	0.385673	0.151261	0.157238
980	0.385849	0.15165	0.158571
981	0.38603	0.15311	0.159575
982	0.38312	0.152142	0.159241
983	0.38057	0.15164	0.156979
984	0.381635	0.150265	0.157186
985	0.375382	0.151392	0.158823
986	0.380219	0.148488	0.156597
987	0.375002	0.148504	0.154709
988	0.373024	0.150472	0.156144
989	0.371185	0.151189	0.155922
990	0.372784	0.149963	0.157788
991	0.369179	0.149972	0.155811
992	0.369292	0.150809	0.155319
993	0.366165	0.150543	0.154657
994	0.366552	0.150476	0.155198
995	0.363334	0.150397	0.157147
996	0.36353	0.152881	0.154979
997	0.36214	0.149284	0.154252
998	0.362923	0.149184	0.153156
999	0.35989	0.149051	0.152793
1000	0.358463	0.150591	0.153125
1001	0.353995	0.148636	0.153916
1002	0.354799	0.151552	0.153591
1003	0.353594	0.150208	0.152349
1004	0.349351	0.150031	0.153339
1005	0.350673	0.152011	0.151514
1006	0.350663	0.148068	0.153028
1007	0.348679	0.149878	0.151202
1008	0.346194	0.148318	0.150973
1009	0.347198	0.148131	0.152485
1010	0.343352	0.148487	0.150834
1011	0.342675	0.148917	0.150574
1012	0.340786	0.147559	0.148669
1013	0.337552	0.149209	0.148893
1014	0.338359	0.150095	0.147859
1015	0.339746	0.147552	0.149381
1016	0.336947	0.148039	0.147138
1017	0.336771	0.149067	0.147417
1018	0.334521	0.147154	0.147387
1019	0.334464	0.1502	0.144881
1020	0.331717	0.149302	0.146319
1021	0.329901	0.146299	0.146526
1022	0.329982	0.146721	0.144726
1023	0.328104	0.147607	0.143099
1024	0.326062	0.148566	0.146982
1025	0.325507	0.147663	0.146087
1026	0.446689	0.159628	0.179353
1027	0.483906	0.161518	0.187486
1028	0.484436	0.163493	0.185928
1029	0.479931	0.16237	0.183582
1030	0.483934	0.162985	0.18532
1031	0.479516	0.161288	0.185856
1032	0.478861	0.164574	0.188646
1033	0.477471	0.163007	0.189358
1034	0.477215	0.162226	0.188054
1035	0.476236	0.16241	0.18679
1036	0.469976	0.162692	0.188454
1037	0.472583	0.16275	0.188992
1038	0.476087	0.163586	0.189036
1039	0.470192	0.165139	0.188003
1040	0.467589	0.163059	0.188365
1041	0.46627	0.163803	0.187931
1042	0.465101	0.16199	0.188798
1043	0.463261	0.163367	0.186313
1044	0.464744	0.160735	0.185302
1045	0.463296	0.161582	0.188883
1046	0.461494	0.163956	0.187706
1047	0.461946	0.161598	0.186532
1048	0.459479	0.162991	0.185835
1049	0.457669	0.162872	0.187648
1050	0.460855	0.164082	0.186711
1051	0.45412	0.162141	0.183333
1052	0.454448	0.16375	0.184549
1053	0.453032	0.165125	0.184343
1054	0.453135	0.162	0.183178
1055	0.452512	0.162474	0.181491
1056	0.452498	0.165385	0.182147
1057	0.4485	0.16283	0.181349
1058	0.449314	0.162954	0.18144
1059	0.447784	0.16393	0.182591
1060	0.443293	0.163801	0.181666
1061	0.442422	0.161585	0.180346
1062	0.441278	0.163577	0.179247
1063	0.439493	0.161963	0.178417
1064	0.440681	0.162657	0.183062
1065	0.437822	0.162582	0.180589
1066	0.435906	0.163522	0.181107
1067	0.434945	0.164073	0.18118
1068	0.434909	0.163118	0.182225
1069	0.434209	0.163249	0.178402
1070	0.432083	0.163445	0.182653
1071	0.430402	0.161726	0.181097
1072	0.429075	0.165019	0.180199
1073	0.429178	0.165073	0.179094
1074	0.425401	0.165656	0.17784
1075	0.427123	0.163925	0.181977
1076	0.424105	0.16454	0.177608
1077	0.421774	0.163985	0.178368
1078	0.423777	0.164171	0.178057
1079	0.421701	0.161869	0.176254
1080	0.421597	0.165251	0.17603
1081	0.419637	0.16371	0.176129
1082	0.417761	0.163406	0.177307
1083	0.416871	0.162722	0.177215
1084	0.416008	0.164223	0.177594
1085	0.415047	0.162932	0.178162
1086	0.411564	0.161788	0.17534
1087	0.40936	0.164903	0.178481
1088	0.410524	0.165099	0.179039
1089	0.407928	0.166123	0.17494
1090	0.406514	0.164668	0.176978
1091	0.405919	0.165378	0.174598
1092	0.40503	0.163942	0.174593
1093	0.404474	0.163629	0.175907
1094	0.402753	0.163037	0.174275
1095	0.401187	0.163731	0.171993
1096	0.400807	0.164722	0.17407
1097	0.39857	0.164504	0.172829
1098	0.396853	0.164943	0.171907
1099	0.394058	0.165089	0.171594
1100	0.395724	0.166486	0.174154
1101	0.391936	0.165709	0.172591
1102	0.392376	0.164494	0.173146
1103	0.392887	0.164142	0.171225
1104	0.390487	0.162089	0.169862
1105	0.390561	0.162958	0.172492
1106	0.38576	0.165868	0.169881
1107	0.387123	0.164719	0.170243
1108	0.387966	0.164508	0.17029
1109	0.383827	0.16242	0.169441
1110	0.383586	0.163721	0.168075
1111	0.38083	0.164235	0.169747
1112	0.381016	0.163464	0.16952
1113	0.379717	0.165513	0.171343
1114	0.377477	0.164708	0.169929
1115	0.375945	0.165027	0.167989
1116	0.378667	0.163909	0.168583
1117	0.374966	0.162955	0.167018
1118	0.375185	0.16502	0.167529
1119	0.370224	0.161719	0.166516
1120	0.369915	0.161154	0.165703
1121	0.368589	0.163142	0.164437
1122	0.368553	0.163706	0.166319
1123	0.364226	0.163949	0.167778
1124	0.366101	0.162685	0.165724
1125	0.367557	0.161263	0.165453
1126	0.365627	0.1604	0.166735
1127	0.36374	0.163156	0.165182
1128	0.360671	0.162212	0.161926
1129	0.358238	0.162313	0.164509
1130	0.361635	0.162106	0.163957
1131	0.359428	0.161823	0.162537
1132	0.358356	0.159696	0.164937
1133	0.356013	0.162487	0.164011
1134	0.353457	0.163498	0.161387
1135	0.354477	0.162976	0.163409
1136	0.353977	0.162505	0.160872
1137	0.353274	0.163108	0.162366
1138	0.351239	0.161073	0.161171
1139	0.348485	0.16566	0.161861
1140	0.348506	0.162586	0.161965
1141	0.345042	0.16148	0.159488
1142	0.343259	0.163655	0.159328
1143	0.342661	0.160615	0.157637
1144	0.342469	0.158273	0.158846
1145	0.340023	0.16305	0.157668
1146	0.342073	0.159345	0.159333
1147	0.340368	0.162813	0.158952
1148	0.340905	0.159135	0.160167
1149	0.336646	0.161554	0.157651
1150	0.337212	0.159498	0.156392
1151	0.333874	0.160494	0.156252
1152	0.334002	0.159492	0.155791
1153	0.329727	0.16043	0.155232
1154	0.332233	0.161038	0.156591
1155	0.331664	0.162313	0.155708
1156	0.32918	0.161918	0.156042
1157	0.326217	0.162606	0.154792
1158	0.327757	0.160027	0.15454
1159	0.32639	0.162924	0.154125
1160	0.322884	0.160798	0.153377
1161	0.321294	0.15949	0.152789
1162	0.321929	0.157242	0.152274
1163	0.322665	0.159836	0.153423
1164	0.317906	0.159913	0.151578
1165	0.318874	0.159353	0.152373
1166	0.314814	0.158581	0.149758
1167	0.315574	0.156904	0.152987
1168	0.312969	0.15802	0.149561
1169	0.318162	0.15864	0.151685
1170	0.313075	0.157973	0.150371
1171	0.311684	0.160169	0.150021
1172	0.309363	0.1606	0.150644
1173	0.311959	0.157661	0.149935
1174	0.307424	0.157436	0.148276
1175	0.308653	0.158253	0.149139
1176	0.305574	0.161289	0.149443
1177	0.307103	0.157076	0.149499
1178	0.306322	0.159024	0.148103
1179	0.304715	0.158984	0.148653
1180	0.301477	0.157206	0.147264
1181	0.299287	0.157539	0.14763
1182	0.30112	0.155754	0.146607
1183	0.300815	0.158642	0.145602
1184	0.299313	0.157198	0.14465
1185	0.297195	0.156237	0.145997
1186	0.295283	0.15642	0.146284
1187	0.292888	0.158103	0.143527
1188	0.294395	0.158045	0.146997
1189	0.293327	0.156773	0.143934
1190	0.292388	0.157399	0.144427
1191	0.291134	0.15662	0.144984
1192	0.290155	0.154944	0.143473
1193	0.289812	0.156202	0.144559
1194	0.284154	0.154391	0.139888
1195	0.286898	0.155124	0.141179
1196	0.286165	0.155377	0.140909
1197	0.284317	0.155971	0.142223
1198	0.282305	0.155065	0.142285
1199	0.281909	0.155857	0.139951
1200	0.280165	0.156045	0.140635
1201	0.27677	0.155922	0.137932
1202	0.280082	0.156043	0.139094
1203	0.278014	0.153743	0.138516
1204	0.277522	0.151805	0.139877
1205	0.275488	0.154338	0.137709
1206	0.273866	0.15474	0.138626
1207	0.274502	0.152596	0.138141
1208	0.274676	0.153503	0.138618
1209	0.27234	0.154824	0.138338
1210	0.272039	0.154362	0.137559
1211	0.269553	0.154166	0.137314
1212	0.270466	0.154927	0.136254
1213	0.268949	0.15147	0.13648
1214	0.270028	0.153312	0.136147
1215	0.272041	0.151379	0.132918
1216	0.807554	0.0876693	0.184407
1217	0.979026	0.0192579	0.288251
1218	0.983343	0.0152027	0.235052
1219	0.986271	0.0124664	0.192016
1220	0.988438	0.010444	0.158217
1221	0.990097	0.00890552	0.131022
1222	0.991397	0.007698	0.110155
1223	0.992433	0.00674	0.0932983
1224	0.993272	0.00596226	0.0800699
1225	0.993962	0.00533005	0.0689229
1226	0.994537	0.00480332	0.05996
1227	0.995022	0.00436244	0.052463
1228	0.995436	0.00398562	0.0463895
1229	0.995791	0.00366305	0.0412553
1230	0.9961	0.00338263	0.0369862
1231	0.996371	0.00313755	0.0333676
1232	0.996609	0.00292175	0.0302782
1233	0.996821	0.0027321	0.0275415
1234	0.99701	0.00256199	0.0252231
1235	0.99718	0.00241062	0.0231474
1236	0.997333	0.00227431	0.0213299
1237	0.997472	0.00215107	0.0197245
1238	0.997598	0.00203938	0.0182899
1239	0.997713	0.0019379	0.0169978
1240	0.997819	0.00184457	0.0158595
1241	0.997916	0.00175993	0.0147978
1242	0.998006	0.00168049	0.0138931
1243	0.998089	0.00160709	0.0130742
1244	0.998167	0.00153957	0.0123147
1245	0.998238	0.00147646	0.0116354
1246	0.998305	0.00141814	0.011001
1247	0.998368	0.00136422	0.0104049
1248	0.998426	0.00131312	0.0098785
1249	0.998481	0.00126562	0.00938274
1250	0.998533	0.00122067	0.00893432
1251	0.998581	0.00117902	0.00850172
1252	0.998627	0.00113898	0.00812398
1253	0.99867	0.0011017	0.00776058
1254	0.998711	0.00106624	0.00742867
1255	0.99875	0.00103284	0.00711323
1256	0.998787	0.0010012	0.00682109
1257	0.998822	0.000971534	0.00653942
1258	0.998855	0.000943492	0.00627215
1259	0.998886	0.000916328	0.00603363
1260	0.998916	0.000890508	0.0058089
1261	0.998945	0.00086587	0.00559824
1262	0.998972	0.000842707	0.00539183
1263	0.998999	0.00082026	0.00520368
1264	0.999024	0.000798671	0.00502804
1265	0.999048	0.000778248	0.00485817
1266	0.999071	0.000758749	0.00469707
1267	0.999093	0.00074003	0.00454508
1268	0.999114	0.000722223	0.00439764
1269	0.999134	0.000705351	0.00425366
1270	0.999154	0.00068846	0.00412954
1271	0.999172	0.000672564	0.00400567
1272	0.99919	0.00065746	0.0038841
1273	0.999208	0.000642652	0.00377387
1274	0.999225	0.000628564	0.00366528
1275	0.999241	0.000614943	0.0035622
1276	0.999256	0.000602024	0.00345986
1277	0.999271	0.000589707	0.0033597
1278	0.999286	0.000577452	0.00326947
1279	0.9993	0.000565793	0.00318089
1280	0.999314	0.000554161	0.00309517
1281	0.999327	0.000543275	0.00301429
1282	0.99934	0.000532498	0.0029391
1283	0.999352	0.000522287	0.00286495
1284	0.999364	0.000512232	0.00279604
1285	0.999376	0.000502617	0.00272798
1286	0.999387	0.000493237	0.00266359
1287	0.999398	0.000484238	0.00260039
1288	0.999408	0.000475373	0.002541
1289	0.999419	0.000466768	0.00248424
1290	0.999429	0.000458381	0.00243051
1291	0.999438	0.000450383	0.00237616
1292	0.999447	0.000442756	0.00232172
1293	0.999457	0.000434719	0.00226301
1294	0.999466	0.000427412	0.0022142
1295	0.999475	0.000420268	0.0021679
1296	0.999483	0.000413337	0.00212268
1297	0.999491	0.000406641	0.00207845
1298	0.999499	0.000400007	0.00203649
1299	0.999507	0.000393507	0.00199578
1300	0.999515	0.000387234	0.00195715
