600	0.000764752	0.0416639	0.000762536
601	0.000738462	0.0395784	0.000736189
602	0.000765766	0.0413669	0.000763354
603	0.000760457	0.0408525	0.000758032
604	0.000760635	0.0406324	0.000758339
605	0.000771564	0.0414268	0.000769163
606	0.00077303	0.0405284	0.000770537
607	0.000760238	0.0402462	0.000757742
608	0.000760072	0.0405826	0.000757675
609	0.000735097	0.0381573	0.000732686
610	0.00076481	0.0400258	0.000762182
611	0.000779416	0.041517	0.000776789
612	0.000757916	0.0390894	0.000755436
613	0.000774242	0.0406541	0.000771695
614	0.000765053	0.0404178	0.000762422
615	0.00076009	0.0394502	0.000757626
616	0.000751332	0.0384403	0.000748977
617	0.000769504	0.0392798	0.000767052
618	0.000774027	0.0393079	0.000771417
619	0.000753968	0.0382537	0.000751521
620	0.000783863	0.0394205	0.000781329
621	0.000797191	0.0403633	0.000794553
622	0.000814951	0.0413296	0.000812191
623	0.000771459	0.0379636	0.000768863
624	0.000777549	0.0387024	0.000774733
625	0.000798465	0.0395166	0.000795627
626	0.000786388	0.0391196	0.000783626
627	0.000793334	0.0390946	0.000790661
628	0.000794164	0.0383819	0.000791316
629	0.000802939	0.0388205	0.000800057
630	0.000809372	0.0389984	0.000806516
631	0.000808473	0.0384706	0.000805335
632	0.000821638	0.0390466	0.000818677
633	0.000806049	0.0369809	0.000803086
634	0.00084004	0.0395574	0.000836785
635	0.000861767	0.0402326	0.000858433
636	0.000865687	0.0407967	0.000862114
637	0.000869443	0.0394962	0.000866088
638	0.0008733	0.0396197	0.000869818
639	0.000898856	0.0411783	0.000895019
640	0.000894236	0.0417883	0.000890233
641	0.000865778	0.0388267	0.000861946
642	0.000891354	0.0402451	0.000887557
643	0.000907249	0.0397021	0.000903693
644	0.000935606	0.0413825	0.000931557
645	0.000932175	0.0412232	0.000928263
646	0.00089264	0.0385623	0.000888737
647	0.000919622	0.0400905	0.00091589
648	0.000931338	0.0402007	0.000927475
649	0.000924519	0.0401869	0.000920275
650	0.000949958	0.0408755	0.000945791
651	0.00095495	0.0398074	0.000950805
652	0.000935044	0.0382225	0.000931316
653	0.000948605	0.0391173	0.000944744
654	0.000965048	0.0392473	0.000960914
655	0.000971489	0.0392045	0.000967258
656	0.000960857	0.0392748	0.000956687
657	0.000987823	0.0413073	0.000983717
658	0.000955816	0.0391409	0.000951401
659	0.00100613	0.0407324	0.00100191
660	0.000988822	0.0397067	0.000984921
661	0.000999431	0.039587	0.000995294
662	0.00103721	0.0421406	0.0010327
663	0.00101768	0.041244	0.00101312
664	0.00101779	0.0405109	0.00101349
665	0.000962699	0.0372081	0.000958608
666	0.00102387	0.0402267	0.00101981
667	0.00103391	0.0400292	0.00102954
668	0.00106977	0.0413879	0.00106515
669	0.00107576	0.0424363	0.00107103
670	0.00103336	0.0397478	0.00102882
671	0.00106743	0.0405152	0.00106291
672	0.00110986	0.0424624	0.00110528
673	0.0010899	0.0413696	0.00108531
674	0.00110354	0.0413146	0.00109821
675	0.00111575	0.0420688	0.00111071
676	0.00113313	0.0421377	0.00112793
677	0.00113915	0.0418299	0.00113379
678	0.00114826	0.0425514	0.00114277
679	0.00116836	0.0431958	0.00116244
680	0.00118865	0.0421971	0.00118277
681	0.0011589	0.0408551	0.0011531
682	0.00118134	0.0419959	0.00117509
683	0.00118155	0.0424485	0.00117513
684	0.00121491	0.0424362	0.00120833
685	0.00121663	0.0422006	0.00121038
686	0.00121093	0.0422882	0.0012046
687	0.00121352	0.041532	0.0012072
688	0.00121137	0.0406702	0.00120469
689	0.00122623	0.0411572	0.00122001
690	0.00124842	0.0415336	0.00124183
691	0.00124579	0.0408964	0.00123906
692	0.00122862	0.0402088	0.00122184
693	0.0012952	0.0426346	0.00128832
694	0.00131282	0.0423938	0.00130559
695	0.00130726	0.042664	0.00129958
696	0.00133445	0.042003	0.00132705
697	0.00138912	0.0435711	0.00138093
698	0.00136748	0.0420546	0.00135988
699	0.00141628	0.0437243	0.00140775
700	0.00139997	0.0430388	0.00139207
701	0.00140026	0.0420523	0.00139175
702	0.00139642	0.0417634	0.00138841
703	0.00145213	0.0422205	0.00144378
704	0.00147907	0.0438397	0.00147049
705	0.00143953	0.0416727	0.00143093
706	0.00150331	0.0434776	0.0014946
707	0.00147599	0.0410198	0.00146775
708	0.00152528	0.0432114	0.00151584
709	0.00157847	0.0448659	0.00156882
710	0.0015956	0.0437085	0.00158606
711	0.00162363	0.0447638	0.00161371
712	0.00164236	0.045588	0.00163121
713	0.00169705	0.0460603	0.00168537
714	0.00174204	0.0467514	0.00173013
715	0.00177664	0.0466198	0.00176419
716	0.00181628	0.0483273	0.00180321
717	0.00181253	0.0474635	0.00179953
718	0.00180745	0.0469824	0.00179439
719	0.00186446	0.0464502	0.00185165
720	0.0018468	0.0460986	0.00183307
721	0.00189241	0.0479568	0.00187727
722	0.00188755	0.0466822	0.00187302
723	0.00198898	0.0477256	0.00197422
724	0.00198094	0.0464774	0.0019661
725	0.00202341	0.0485321	0.00200808
726	0.002057	0.0483815	0.00204051
727	0.0020332	0.0471599	0.0020169
728	0.00207958	0.0477657	0.00206313
729	0.0021243	0.0492176	0.00210724
730	0.00209067	0.0478157	0.00207465
731	0.00215541	0.0494658	0.00213899
732	0.00218608	0.0490145	0.00216874
733	0.00216718	0.0475982	0.00215016
734	0.00227202	0.0501158	0.00225387
735	0.00227759	0.0485708	0.00226047
736	0.00231103	0.0494645	0.00229279
737	0.00237691	0.0505126	0.00235789
738	0.00246165	0.0529911	0.00244132
739	0.00244075	0.049357	0.00242169
740	0.00248963	0.0507171	0.00246942
741	0.00245152	0.0492848	0.00243081
742	0.00259125	0.0525221	0.00256823
743	0.00259528	0.0514621	0.00257381
744	0.00263127	0.0528327	0.00260684
745	0.00269835	0.0528327	0.00267461
746	0.00273851	0.0535705	0.00271238
747	0.00280141	0.0536267	0.00277621
748	0.002789	0.0526653	0.00276407
749	0.00283305	0.0538881	0.00280413
750	0.0028784	0.0525056	0.00285011
751	0.00289368	0.0525017	0.0028661
752	0.00295827	0.0540404	0.0029281
753	0.00299783	0.0547525	0.0029686
754	0.00303716	0.0554746	0.0030063
755	0.00311951	0.0552822	0.00308875
756	0.00313901	0.0549965	0.00310688
757	0.00309836	0.0541807	0.00306609
758	0.00320259	0.055993	0.00316945
759	0.0033272	0.0571522	0.00329213
760	0.00332443	0.0567373	0.00328831
761	0.0033597	0.0562296	0.00332575
762	0.00345329	0.0575243	0.00341678
763	0.00354716	0.058614	0.00350927
764	0.00353425	0.0576273	0.00349438
765	0.00361617	0.0567112	0.00357677
766	0.00360747	0.0554762	0.00356687
767	0.00370386	0.0559531	0.00366147
768	0.00389	0.0591051	0.00384295
769	0.00392039	0.0575663	0.00387631
770	0.00396566	0.0583985	0.00391873
771	0.00406349	0.0591667	0.0040154
772	0.00419071	0.0608697	0.00413913
773	0.00416407	0.0589945	0.00411389
774	0.00440812	0.060585	0.00435472
775	0.0044844	0.0619632	0.00442709
776	0.00452976	0.0618707	0.0044717
777	0.00462813	0.0638258	0.00456909
778	0.00469899	0.0634323	0.00463793
779	0.00470474	0.0620695	0.00464217
780	0.00471667	0.0594653	0.00465747
781	0.00479969	0.0604071	0.00473726
782	0.00481722	0.0597725	0.00475434
783	0.00509668	0.0636069	0.00502925
784	0.00514927	0.0625878	0.00507983
785	0.00528958	0.0642864	0.0052156
786	0.00536598	0.06341	0.00529112
787	0.00549896	0.0646739	0.005419
788	0.00548463	0.0627915	0.00540354
789	0.00559752	0.0632867	0.00551676
790	0.0059821	0.067533	0.00588337
791	0.00602283	0.0662814	0.00593071
792	0.00609355	0.0648132	0.00599922
793	0.00622351	0.0655581	0.00612944
794	0.00646354	0.0670161	0.00635905
795	0.00655553	0.0673276	0.00645083
796	0.00681306	0.0682439	0.00669778
797	0.00687639	0.0680372	0.00676611
798	0.00704357	0.0696553	0.0069204
799	0.00713528	0.0689368	0.00701546
800	0.00726697	0.0697551	0.00714482
801	0.00725613	0.0689588	0.00712315
802	0.00756708	0.0702054	0.00742208
803	0.00783105	0.0720034	0.00768027
804	0.00804771	0.0723537	0.00789857
805	0.00819915	0.0739396	0.00803703
806	0.00856186	0.0751635	0.00839262
807	0.00850654	0.073505	0.0083345
808	0.00864132	0.0734715	0.00846764
809	0.00889827	0.073948	0.0087212
810	0.00916927	0.0763288	0.00898215
811	0.00926503	0.0741525	0.00907397
812	0.00963758	0.0760488	0.00944105
813	0.0100113	0.0781108	0.00980207
814	0.00999121	0.0759656	0.00977813
815	0.0104664	0.0786008	0.0102357
816	0.0108376	0.0816192	0.0105915
817	0.0108061	0.0779972	0.0105703
818	0.0112061	0.0802015	0.0109503
819	0.0116758	0.0827817	0.0113907
820	0.0116103	0.0804598	0.0113401
821	0.0121302	0.0816581	0.0118389
822	0.0122892	0.0817335	0.0119901
823	0.012608	0.0834312	0.0123068
824	0.0129742	0.0851969	0.0126444
825	0.0133958	0.0843213	0.013051
826	0.0137237	0.0854527	0.0133686
827	0.014108	0.0868355	0.0137445
828	0.0145199	0.0881549	0.0141326
829	0.0149285	0.0881585	0.0145126
830	0.015194	0.0883273	0.0147724
831	0.0154954	0.0888491	0.0150546
832	0.0160028	0.0905477	0.0155587
833	0.0166597	0.0933175	0.0161724
834	0.016953	0.0930274	0.016453
835	0.0174424	0.0946216	0.0169074
836	0.0178384	0.0936681	0.0172934
837	0.0181892	0.0942295	0.0176168
838	0.0182606	0.0930974	0.0176869
839	0.0186329	0.0926796	0.018004
840	0.0196018	0.094315	0.0189596
841	0.0205264	0.0970145	0.0198374
842	0.0211651	0.0981958	0.0204482
843	0.0218377	0.100919	0.0210704
844	0.0219324	0.100538	0.0211086
845	0.0224468	0.0994387	0.0215836
846	0.0234331	0.101089	0.0225505
847	0.024282	0.10209	0.0233637
848	0.0244089	0.100635	0.0234097
849	0.0253161	0.102378	0.0242923
850	0.0265744	0.105704	0.025505
851	0.0270342	0.105142	0.0258788
852	0.027807	0.106161	0.0265753
853	0.0288372	0.105856	0.0275393
854	0.0298066	0.105825	0.0284596
855	0.0302173	0.106913	0.0287988
856	0.0315236	0.108229	0.0299479
857	0.0329774	0.112201	0.0313702
858	0.0329901	0.107788	0.0313865
859	0.0342224	0.111929	0.0324149
860	0.035458	0.1119	0.0336335
861	0.0365939	0.114327	0.0346043
862	0.0374381	0.113791	0.0353591
863	0.0383879	0.115079	0.0361557
864	0.0401367	0.116006	0.0377657
865	0.0412606	0.11673	0.0387978
866	0.0427707	0.117624	0.0401566
867	0.0438338	0.119023	0.0409993
868	0.045361	0.118289	0.0424032
869	0.0465498	0.119832	0.0434284
870	0.0481984	0.119367	0.0448501
871	0.0494458	0.121017	0.0458818
872	0.0515479	0.123721	0.0477476
873	0.0533854	0.12529	0.0493315
874	0.0546917	0.12493	0.050319
875	0.0557667	0.122864	0.051387
876	0.0577351	0.124171	0.0529881
877	0.0594345	0.126019	0.0542976
878	0.0612254	0.125697	0.0559942
879	0.0628307	0.12667	0.0571578
880	0.0653123	0.128972	0.0589347
881	0.0678513	0.126954	0.0614456
882	0.0695049	0.128197	0.0624797
883	0.0710475	0.128246	0.0635443
884	0.0735776	0.12777	0.0656374
885	0.07653	0.128929	0.0680853
886	0.079957	0.131944	0.0706001
887	0.0821316	0.132067	0.0721279
888	0.0847037	0.132449	0.0740001
889	0.0882695	0.132402	0.0765214
890	0.090433	0.1326	0.0779597
891	0.0932904	0.132713	0.0800094
892	0.0964147	0.133872	0.0819768
893	0.101107	0.134204	0.0852958
894	0.104331	0.133634	0.087427
895	0.10717	0.136468	0.0887242
896	0.111572	0.136188	0.0915575
897	0.114678	0.135003	0.093453
898	0.119073	0.133586	0.0962316
899	0.123878	0.1344	0.0988182
900	0.12732	0.134938	0.100291
901	0.131002	0.131851	0.102071
902	0.13824	0.134841	0.106306
903	0.141064	0.132708	0.106455
904	0.148473	0.134136	0.110047
905	0.153384	0.13357	0.110778
906	0.158538	0.133736	0.112127
907	0.163741	0.132388	0.113858
908	0.170808	0.133124	0.114323
909	0.175483	0.131163	0.115381
910	0.183214	0.131779	0.11544
911	0.189815	0.130219	0.114773
912	0.198239	0.1312	0.114919
913	0.205103	0.126075	0.112826
914	0.215536	0.127533	0.111622
915	0.221191	0.124506	0.110034
916	0.226842	0.124741	0.109882
917	0.233654	0.126469	0.111002
918	0.239615	0.125583	0.110761
919	0.24517	0.125951	0.112851
920	0.247084	0.127747	0.11471
921	0.249741	0.127955	0.115105
922	0.250557	0.126468	0.116276
923	0.251829	0.130374	0.116396
924	0.26167	0.130032	0.118582
925	0.263089	0.128766	0.117868
926	0.263752	0.130053	0.120002
927	0.270836	0.130091	0.121512
928	0.269581	0.131337	0.121881
929	0.268951	0.131246	0.122425
930	0.269105	0.129594	0.12212
931	0.27925	0.133577	0.125423
932	0.283229	0.13417	0.125934
933	0.283103	0.13375	0.124459
934	0.282994	0.134716	0.124942
935	0.280376	0.132996	0.124331
936	0.279354	0.132706	0.124846
937	0.279295	0.133305	0.124514
938	0.296335	0.135507	0.129023
939	0.304265	0.134936	0.130667
940	0.301063	0.135394	0.131309
941	0.298534	0.137602	0.130694
942	0.298886	0.133879	0.130016
943	0.298256	0.136057	0.130399
944	0.294558	0.138952	0.13106
945	0.294125	0.135966	0.128545
946	0.288797	0.133499	0.128454
947	0.289758	0.135474	0.12685
948	0.288951	0.135834	0.128694
949	0.287156	0.135948	0.126521
950	0.318353	0.139198	0.138973
951	0.326818	0.142261	0.142046
952	0.324673	0.140441	0.138723
953	0.326597	0.14079	0.139349
954	0.322967	0.142637	0.139603
955	0.321807	0.140582	0.139026
956	0.321098	0.140147	0.13978
957	0.322055	0.140966	0.137776
958	0.317069	0.141741	0.136991
959	0.314581	0.140276	0.137074
960	0.316011	0.140742	0.138844
960	0.316011	0.140742	0.138844
961	0.314479	0.139442	0.136569
962	0.311956	0.14073	0.136869
963	0.311602	0.140427	0.136644
964	0.310093	0.141179	0.136345
965	0.309447	0.140643	0.136524
966	0.306736	0.13849	0.134767
967	0.306347	0.139078	0.135786
968	0.301469	0.140808	0.133284
969	0.304036	0.139688	0.133219
970	0.300089	0.138957	0.130422
971	0.298402	0.139133	0.134256
972	0.301028	0.138716	0.134478
973	0.364081	0.148475	0.153969
974	0.369095	0.150525	0.153128
975	0.367803	0.148879	0.155636
976	0.364972	0.148175	0.154215
977	0.366393	0.150712	0.155272
978	0.363096	0.150063	0.153771
979	0.363084	0.150223	0.154734
980	0.36142	0.148651	0.15319
981	0.362498	0.147687	0.152668
982	0.357968	0.149299	0.15224
983	0.356227	0.14803	0.150718
984	0.353081	0.148704	0.152019
985	0.355907	0.151402	0.153206
986	0.35102	0.15096	0.151562
987	0.350317	0.148602	0.152311
988	0.350144	0.147839	0.151918
989	0.350739	0.149268	0.150706
990	0.34582	0.147071	0.151514
991	0.348236	0.148281	0.150765
992	0.343186	0.146856	0.150744
993	0.343106	0.14923	0.149398
994	0.341358	0.147158	0.146882
995	0.338261	0.147633	0.147322
996	0.33744	0.149291	0.146431
997	0.340276	0.148437	0.148159
998	0.336821	0.148034	0.14626
999	0.336959	0.147407	0.14713
1000	0.334763	0.144996	0.147773
1001	0.334648	0.148087	0.145618
1002	0.331884	0.148277	0.14517
1003	0.329715	0.145604	0.145455
1004	0.330027	0.145944	0.143615
1005	0.327967	0.146249	0.142324
1006	0.325988	0.147477	0.145661
1007	0.324553	0.146831	0.144882
1008	0.324971	0.146379	0.14533
1009	0.3222	0.146898	0.143771
1010	0.320777	0.148865	0.142642
1011	0.317676	0.144135	0.139126
1012	0.318676	0.145759	0.139804
1013	0.316714	0.14382	0.140958
1014	0.31436	0.146213	0.141012
1015	0.31286	0.144748	0.141312
1016	0.312099	0.145037	0.141527
1017	0.309786	0.14351	0.13998
1018	0.306461	0.143747	0.139545
1019	0.306782	0.144957	0.138224
1020	0.308995	0.146291	0.138655
1021	0.303523	0.144038	0.14055
1022	0.302184	0.145847	0.13984
1023	0.300776	0.144044	0.13952
1024	0.300228	0.143735	0.138799
1025	0.299387	0.14283	0.138132
1026	0.42011	0.156248	0.176669
1027	0.462281	0.160458	0.186738
1028	0.461315	0.161641	0.185991
1029	0.46052	0.161909	0.183949
1030	0.456962	0.161419	0.186067
1031	0.459509	0.161231	0.185993
1032	0.458236	0.162849	0.182938
1033	0.452877	0.160733	0.183731
1034	0.454454	0.163018	0.183987
1035	0.453492	0.160831	0.183746
1036	0.453346	0.160372	0.18218
1037	0.452326	0.160198	0.181359
1038	0.451845	0.164268	0.181015
1039	0.44645	0.163243	0.18059
1040	0.450003	0.162814	0.182945
1041	0.4441	0.163443	0.182685
1042	0.442529	0.161825	0.180652
1043	0.442035	0.16373	0.180834
1044	0.440561	0.161668	0.177654
1045	0.441076	0.161683	0.177728
1046	0.438147	0.162596	0.181157
1047	0.435815	0.161913	0.180862
1048	0.435608	0.161537	0.178944
1049	0.435011	0.164107	0.181476
1050	0.43473	0.162892	0.176087
1051	0.432881	0.162591	0.17918
1052	0.429516	0.162881	0.18038
1053	0.428295	0.163558	0.180904
1054	0.430482	0.163514	0.178746
1055	0.425514	0.162841	0.178054
1056	0.427381	0.162567	0.181104
1057	0.42422	0.164415	0.177191
1058	0.422195	0.16303	0.176354
1059	0.423523	0.162075	0.176926
1060	0.421838	0.161263	0.174906
1061	0.421636	0.164277	0.175245
1062	0.419745	0.162829	0.174828
1063	0.417884	0.162234	0.176461
1064	0.416872	0.161603	0.176096
1065	0.415924	0.163266	0.176258
1066	0.415027	0.161694	0.176947
1067	0.411268	0.160941	0.175188
1068	0.409378	0.16351	0.177734
1069	0.410334	0.163955	0.177807
1070	0.407425	0.165245	0.173316
1071	0.406008	0.164738	0.174266
1072	0.406146	0.163586	0.173038
1073	0.405084	0.162745	0.174053
1074	0.404605	0.162003	0.174842
1075	0.403319	0.16177	0.173728
1076	0.40129	0.163643	0.171098
1077	0.401251	0.16336	0.172891
1078	0.398219	0.161737	0.171142
1079	0.395815	0.16399	0.170534
1080	0.394607	0.162926	0.171491
1081	0.393979	0.166906	0.171872
1082	0.392347	0.163209	0.17059
1083	0.391976	0.163941	0.169551
1084	0.392214	0.160473	0.170683
1085	0.39114	0.161337	0.171472
1086	0.388976	0.162354	0.170698
1087	0.385812	0.163185	0.169238
1088	0.388034	0.161685	0.168045
1089	0.3849	0.164881	0.166485
1090	0.38469	0.162421	0.166321
1091	0.38203	0.159957	0.168774
1092	0.381431	0.162495	0.169201
1093	0.380088	0.163609	0.167263
1094	0.378085	0.163594	0.170058
1095	0.376675	0.163756	0.168866
1096	0.378169	0.161489	0.166468
1097	0.375578	0.161891	0.164769
1098	0.375057	0.164385	0.166807
1099	0.371918	0.161887	0.165207
1100	0.370805	0.159759	0.165369
1101	0.367997	0.163268	0.162204
1102	0.369101	0.1616	0.165499
1103	0.365058	0.162518	0.166608
1104	0.365737	0.16053	0.164293
1105	0.367951	0.160872	0.164087
1106	0.36626	0.157706	0.165238
1107	0.363287	0.162422	0.164186
1108	0.362253	0.161456	0.162752
1109	0.357826	0.162452	0.161076
1110	0.361308	0.16106	0.164784
1111	0.359527	0.159216	0.16173
1112	0.358438	0.159296	0.163034
1113	0.35668	0.161179	0.162597
1114	0.353585	0.161565	0.160681
1115	0.354099	0.162001	0.161982
1116	0.354227	0.161924	0.159771
1117	0.352823	0.162017	0.161132
1118	0.351298	0.159792	0.160505
1119	0.348306	0.16447	0.160906
1120	0.34835	0.161494	0.160943
1121	0.34475	0.160312	0.158459
1122	0.34327	0.162507	0.158307
1123	0.34224	0.159302	0.156506
1124	0.34226	0.157922	0.157221
1125	0.340403	0.162856	0.156381
1126	0.341839	0.158772	0.158249
1127	0.340021	0.161988	0.158104
1128	0.340393	0.158619	0.158593
1129	0.335944	0.160095	0.155475
1130	0.336605	0.156714	0.156581
1131	0.334216	0.15899	0.155664
1132	0.332264	0.1588	0.154363
1133	0.331115	0.15878	0.155658
1134	0.332334	0.161558	0.155816
1135	0.330708	0.159588	0.154336
1136	0.328229	0.160314	0.155572
1137	0.326744	0.160008	0.154194
1138	0.326789	0.157325	0.152361
1139	0.325	0.160792	0.152946
1140	0.322756	0.157636	0.152527
1141	0.320832	0.157573	0.151519
1142	0.322011	0.156231	0.153102
1143	0.32051	0.157126	0.151847
1144	0.318711	0.157327	0.151806
1145	0.315824	0.159878	0.149764
1146	0.316112	0.157754	0.149596
1147	0.314372	0.158727	0.151299
1148	0.315291	0.157902	0.149479
1149	0.315496	0.158578	0.147049
1150	0.311507	0.158476	0.14926
1151	0.310125	0.15966	0.14907
1152	0.311344	0.158287	0.149095
1153	0.308972	0.15714	0.147645
1154	0.306945	0.153723	0.14786
1155	0.307008	0.161582	0.146902
1156	0.306716	0.156661	0.148597
1157	0.305149	0.157402	0.146222
1158	0.305995	0.155713	0.148143
1159	0.302811	0.156058	0.147295
1160	0.299488	0.155522	0.147439
1161	0.300487	0.155878	0.14587
1162	0.300205	0.156822	0.143761
1163	0.2994	0.156396	0.144214
1164	0.298105	0.15562	0.144078
1165	0.295826	0.157642	0.145175
1166	0.292121	0.155212	0.143794
1167	0.293493	0.15608	0.145777
1168	0.29295	0.155135	0.143329
1169	0.291659	0.156052	0.142817
1170	0.290427	0.154929	0.144017
1171	0.289748	0.15288	0.143106
1172	0.289186	0.155556	0.143477
1173	0.284266	0.153188	0.138959
1174	0.286399	0.153568	0.140475
1175	0.28567	0.153844	0.140134
1176	0.28379	0.154481	0.141383
1177	0.281677	0.153742	0.141006
1178	0.281132	0.153731	0.139153
1179	0.279584	0.154013	0.13965
1180	0.275744	0.153477	0.137241
1181	0.279685	0.153979	0.138001
1182	0.276578	0.152356	0.136831
1183	0.276122	0.150265	0.138109
1184	0.274031	0.154499	0.136158
1185	0.273166	0.15183	0.136589
1186	0.272811	0.150004	0.137619
1187	0.27279	0.153895	0.135337
1188	0.270493	0.154175	0.137096
1189	0.269746	0.153768	0.137092
1190	0.266659	0.151959	0.13534
1191	0.267762	0.152693	0.134989
1192	0.26373	0.151469	0.134406
1193	0.265966	0.154449	0.135977
1194	0.262638	0.148543	0.132053
1195	0.265703	0.150321	0.13594
1196	0.263867	0.152492	0.135398
1197	0.262364	0.153511	0.13443
1198	0.259144	0.149427	0.130497
1199	0.257688	0.148466	0.131167
1200	0.25981	0.150165	0.13214
1201	0.258163	0.150742	0.130414
1202	0.25505	0.148973	0.130695
1203	0.254837	0.150681	0.129134
1204	0.252488	0.150956	0.131013
1205	0.251151	0.149462	0.128442
1206	0.250093	0.151812	0.129504
1207	0.250139	0.148241	0.129703
1208	0.248395	0.14798	0.12866
1209	0.249111	0.147333	0.129112
1210	0.247727	0.148204	0.129871
1211	0.247815	0.150599	0.129906
1212	0.245387	0.147407	0.128
1213	0.244901	0.146638	0.128366
1214	0.246274	0.148061	0.126376
1215	0.249799	0.1464	0.127024
1216	0.797873	0.0899404	0.194438
1217	0.976358	0.0216796	0.315266
1218	0.981232	0.0171116	0.255799
1219	0.984652	0.0138974	0.208334
1220	0.987175	0.0115444	0.169987
1221	0.989083	0.00977203	0.140151
1222	0.990559	0.00840567	0.116929
1223	0.991725	0.00733354	0.0984468
1224	0.992663	0.00647194	0.0839978
1225	0.993429	0.00577129	0.0723037
1226	0.994065	0.00519372	0.0627045
1227	0.9946	0.00471081	0.0547916
1228	0.995054	0.00429799	0.0484717
1229	0.995444	0.00394205	0.0433178
1230	0.995783	0.00363791	0.0387653
1231	0.996079	0.00337372	0.0348469
1232	0.996339	0.0031416	0.0314993
1233	0.99657	0.00293443	0.0287026
1234	0.996776	0.00275034	0.0262606
1235	0.996961	0.00258612	0.0241028
1236	0.997128	0.00243814	0.0222178
1237	0.997279	0.00230471	0.0205399
1238	0.997416	0.00218309	0.0190709
1239	0.997541	0.00207189	0.0177743
1240	0.997656	0.0019709	0.0165854
1241	0.997762	0.00187754	0.0155412
1242	0.997859	0.00179164	0.0145946
1243	0.997949	0.0017129	0.0137193
1244	0.998033	0.00164039	0.0129113
1245	0.99811	0.0015719	0.0122135
1246	0.998183	0.0015092	0.0115434
1247	0.99825	0.00145126	0.0109139
1248	0.998314	0.00139654	0.0103526
1249	0.998373	0.00134552	0.00982923
1250	0.998429	0.00129756	0.00934957
1251	0.998481	0.00125223	0.00891331
1252	0.998531	0.00120958	0.00850757
1253	0.998577	0.00116956	0.00812571
1254	0.998621	0.00113213	0.00776205
1255	0.998663	0.00109625	0.00743475
1256	0.998703	0.00106211	0.00713324
1257	0.99874	0.00103069	0.00682789
1258	0.998777	0.000999798	0.00655982
1259	0.998811	0.000971566	0.00628888
1260	0.998843	0.00094391	0.0060523
1261	0.998874	0.000917857	0.0058238
1262	0.998904	0.000893023	0.00560949
1263	0.998932	0.000869217	0.00540941
1264	0.998959	0.000846106	0.00522824
1265	0.998984	0.000824418	0.00504745
1266	0.999009	0.000803602	0.00487805
1267	0.999033	0.000784014	0.00471009
1268	0.999055	0.000765042	0.00455569
1269	0.999077	0.000746656	0.00441269
1270	0.999099	0.000728308	0.00427432
1271	0.999119	0.000711534	0.00414187
1272	0.999138	0.000695198	0.00401993
1273	0.999157	0.000679308	0.00390682
1274	0.999175	0.000664554	0.00378889
1275	0.999192	0.000650228	0.0036779
1276	0.999209	0.000636066	0.00357785
1277	0.999225	0.00062271	0.00347752
1278	0.999241	0.000609594	0.00338565
1279	0.999256	0.000596979	0.0032969
1280	0.99927	0.000584947	0.00320972
1281	0.999284	0.000573167	0.00312739
1282	0.999298	0.000561588	0.00304514
1283	0.999311	0.00055054	0.00297097
1284	0.999324	0.000540049	0.00289603
1285	0.999336	0.000529579	0.00282922
1286	0.999348	0.000519731	0.00276024
1287	0.99936	0.000509993	0.00269597
1288	0.999371	0.000500739	0.00263243
1289	0.999382	0.000491697	0.00257218
1290	0.999393	0.000482739	0.00251671
1291	0.999403	0.000474302	0.00245956
1292	0.999413	0.000466299	0.00240141
1293	0.999423	0.000458254	0.00234962
1294	0.999432	0.000450696	0.00229526
1295	0.999442	0.000442909	0.00224746
1296	0.999451	0.000435551	0.00219963
1297	0.999459	0.000428493	0.00215263
1298	0.999468	0.000421477	0.00210926
1299	0.999476	0.000414706	0.0020664
1300	0.999484	0.00040812	0.00202494
