600	0.000509194	0.0340015	0.000507795
601	0.000495604	0.03284	0.000494272
602	0.000491692	0.0321148	0.000490338
603	0.000493897	0.0325271	0.000492583
604	0.00048303	0.031457	0.000481689
605	0.00048331	0.0312674	0.000482079
606	0.000491135	0.031788	0.000489796
607	0.000489946	0.0308041	0.000488574
608	0.000488652	0.0318566	0.000487199
609	0.000510717	0.0329699	0.000509204
610	0.000510923	0.0328515	0.000509365
611	0.000510601	0.0327576	0.000509059
612	0.000505482	0.0321339	0.000503973
613	0.000486	0.0299685	0.00048453
614	0.000502824	0.0310969	0.000501284
615	0.000508399	0.0318335	0.000506768
616	0.000522079	0.033011	0.000520493
617	0.000508609	0.0307474	0.000506974
618	0.000509804	0.0310774	0.000508205
619	0.000523028	0.0319259	0.000521486
620	0.000523406	0.0318741	0.000521841
621	0.000524549	0.0315808	0.000522754
622	0.000517136	0.030058	0.000515462
623	0.00055362	0.033151	0.000551902
624	0.000551046	0.0326202	0.000549213
625	0.000549544	0.0323204	0.00054775
626	0.000552102	0.031734	0.000550329
627	0.000551084	0.0315327	0.000549296
628	0.000573546	0.033112	0.000571426
629	0.000569607	0.0334291	0.000567613
630	0.000558791	0.0317642	0.000556914
631	0.000576467	0.0330378	0.000574594
632	0.000587021	0.0325256	0.000585066
633	0.000614681	0.0351509	0.000612585
634	0.000584991	0.0327858	0.000582906
635	0.000578964	0.0317538	0.000577028
636	0.000599334	0.033677	0.00059723
637	0.000591064	0.0325009	0.000588947
638	0.000594404	0.0326943	0.00059226
639	0.00060992	0.0334438	0.000607578
640	0.000612565	0.0322423	0.000610177
641	0.000607568	0.032164	0.000605419
642	0.000608075	0.0321644	0.000605859
643	0.000628626	0.0333969	0.000626143
644	0.000627874	0.0327838	0.000625652
645	0.000613391	0.0318686	0.000611114
646	0.000634713	0.0340169	0.000632202
647	0.000628469	0.0327276	0.000626131
648	0.000638044	0.0325081	0.000635604
649	0.000661712	0.0339069	0.000659311
650	0.000651157	0.0330595	0.000648822
651	0.000672655	0.0347166	0.000670144
652	0.000657455	0.0334211	0.000654808
653	0.000624249	0.0309937	0.000621938
654	0.000638133	0.0318442	0.00063592
655	0.000675334	0.0339069	0.000672888
656	0.000689468	0.034018	0.000686946
657	0.000712607	0.035512	0.000710069
658	0.00068739	0.0342871	0.000684751
659	0.000697278	0.0339755	0.000694803
660	0.000717504	0.0338529	0.000714933
661	0.000715549	0.034369	0.000712892
662	0.000705313	0.0328656	0.000702675
663	0.000731072	0.0350822	0.000728321
664	0.000741787	0.0353794	0.000738948
665	0.000734943	0.0337423	0.000732028
666	0.00075684	0.0359864	0.000753897
667	0.000755905	0.0353093	0.000752898
668	0.0007915	0.0365602	0.000788497
669	0.00077011	0.0340147	0.00076721
670	0.000763737	0.0340166	0.000760629
671	0.000777607	0.0352876	0.000774444
672	0.000775919	0.0349774	0.000772842
673	0.000797212	0.0344017	0.000794176
674	0.000793771	0.0355825	0.000790538
675	0.000802427	0.0355049	0.000799311
676	0.000788551	0.0341949	0.000785177
677	0.000793617	0.0344872	0.00079035
678	0.000804163	0.034593	0.000800798
679	0.000790542	0.033307	0.000787268
680	0.000794909	0.0330622	0.000791796
681	0.000841028	0.0352935	0.000837637
682	0.000863806	0.0357554	0.000860366
683	0.000836608	0.034258	0.000832904
684	0.000849594	0.0338924	0.000845731
685	0.000886616	0.0352867	0.000882603
686	0.000869186	0.0343034	0.000865389
687	0.000897283	0.0353695	0.000893288
688	0.000869225	0.0336037	0.000865654
689	0.000882061	0.0335902	0.000878346
690	0.000877324	0.0332793	0.000873297
691	0.000898444	0.0335069	0.000894351
692	0.000911114	0.0344018	0.000906922
693	0.000882362	0.0324333	0.000878287
694	0.000948548	0.035451	0.000944614
695	0.000913853	0.0325779	0.000909597
696	0.000949396	0.0341822	0.000944836
697	0.000963784	0.0343574	0.000959554
698	0.000970336	0.0341957	0.000965923
699	0.0010204	0.0363851	0.00101534
700	0.00101604	0.0353824	0.00101098
701	0.00105411	0.0364643	0.00104857
702	0.00103283	0.0340276	0.00102786
703	0.00110229	0.0368312	0.00109685
704	0.00109472	0.0356995	0.00108943
705	0.00111019	0.0367231	0.00110406
706	0.00109505	0.0351331	0.00108903
707	0.00111113	0.0355864	0.00110509
708	0.00111745	0.0353947	0.00111137
709	0.00111059	0.0358965	0.00110385
710	0.00117091	0.0363802	0.0011641
711	0.00118413	0.0356923	0.0011773
712	0.00118685	0.0361563	0.00117965
713	0.001219	0.0361391	0.00121231
714	0.00122998	0.0363548	0.00122281
715	0.00123285	0.0366759	0.001226
716	0.00126165	0.0370653	0.00125454
717	0.00125785	0.037099	0.00125026
718	0.0012505	0.0366734	0.00124302
719	0.00130998	0.0389593	0.00130216
720	0.00128338	0.0368647	0.00127603
721	0.00132788	0.0373127	0.00132025
722	0.00135886	0.0390701	0.00135036
723	0.00132694	0.0369148	0.00131918
724	0.00138123	0.0385707	0.0013735
725	0.00142549	0.0407064	0.00141649
726	0.00141782	0.038354	0.00140906
727	0.00145821	0.038708	0.00144861
728	0.00140354	0.0362798	0.00139466
729	0.00151986	0.0407062	0.00150964
730	0.00151209	0.0393215	0.0015022
731	0.00151455	0.0399873	0.00150397
732	0.00159168	0.0407717	0.00158046
733	0.00159196	0.0405445	0.0015806
734	0.00162424	0.0407705	0.00161286
735	0.0016165	0.0399591	0.00160507
736	0.00163633	0.0399638	0.00162419
737	0.00172414	0.0421543	0.00171112
738	0.00170745	0.0410638	0.00169505
739	0.00177393	0.0428794	0.00176061
740	0.00178131	0.0433302	0.00176754
741	0.00176053	0.0421809	0.00174636
742	0.00182372	0.0433837	0.00180957
743	0.00183877	0.0425693	0.00182418
744	0.00183619	0.0431463	0.0018219
745	0.00185949	0.0434068	0.00184424
746	0.00194613	0.0452572	0.00192981
747	0.00195865	0.0439826	0.00194282
748	0.00193332	0.043283	0.00191829
749	0.00201547	0.0452054	0.00199862
750	0.0020556	0.045496	0.00203732
751	0.00205627	0.0453687	0.00203802
752	0.00209298	0.0441266	0.00207515
753	0.00209062	0.0437765	0.00207171
754	0.00215293	0.0443999	0.00213367
755	0.00225696	0.0462843	0.00223721
756	0.00225557	0.0450216	0.00223574
757	0.00225759	0.0450701	0.00223733
758	0.00232046	0.0453173	0.00229918
759	0.00239106	0.0462295	0.00236895
760	0.0024508	0.0472622	0.00242769
761	0.00253471	0.0467556	0.00251153
762	0.00259265	0.048658	0.00256749
763	0.0025872	0.0482021	0.00256166
764	0.00263283	0.0489572	0.00260778
765	0.00271626	0.0496697	0.00268993
766	0.00262652	0.0468121	0.00259955
767	0.00271335	0.0475372	0.00268594
768	0.00269328	0.0466248	0.00266548
769	0.00279838	0.048015	0.00276986
770	0.0029135	0.0483986	0.00288538
771	0.00294353	0.0493973	0.00291374
772	0.00305857	0.0516918	0.00302507
773	0.00302401	0.0492067	0.00299074
774	0.00306112	0.049449	0.00302914
775	0.00309785	0.0492851	0.00306479
776	0.00317599	0.0490004	0.00313958
777	0.00336049	0.0515173	0.0033207
778	0.00335015	0.0505032	0.00331224
779	0.00342256	0.0510936	0.00338401
780	0.00355962	0.0512737	0.00352075
781	0.00366181	0.0526714	0.00361796
782	0.00366199	0.0519245	0.00361897
783	0.00386865	0.0537414	0.00382054
784	0.00386684	0.0529837	0.00382147
785	0.00391963	0.0527253	0.00387331
786	0.00400872	0.0545097	0.00395856
787	0.00408997	0.0545084	0.00403795
788	0.00420306	0.0545619	0.00414559
789	0.00438627	0.0563825	0.00432645
790	0.00446766	0.0561817	0.00440691
791	0.00455627	0.0570214	0.00449372
792	0.00477208	0.0596419	0.0047006
793	0.00479386	0.0578162	0.00472749
794	0.00479932	0.0570853	0.00472949
795	0.0048967	0.0570058	0.00482577
796	0.00504558	0.0592416	0.0049702
797	0.00518656	0.0587002	0.00510972
798	0.00534167	0.0597286	0.00526405
799	0.00548817	0.0609772	0.00540099
800	0.00555534	0.0589115	0.00547231
801	0.00574931	0.060114	0.00565865
802	0.0059524	0.0629083	0.00585308
803	0.00599555	0.0607558	0.00590133
804	0.00618972	0.0627312	0.00608292
805	0.00640689	0.0637727	0.00629393
806	0.00639933	0.0622011	0.00629169
807	0.00675373	0.0645348	0.00663275
808	0.00681137	0.0638037	0.00669363
809	0.00702447	0.0665834	0.00690147
810	0.0072733	0.0682817	0.00713885
811	0.00737503	0.0668705	0.00723429
812	0.00756929	0.0675085	0.0074274
813	0.0078742	0.0703808	0.00772242
814	0.00797558	0.0694964	0.00782432
815	0.00817436	0.0696255	0.00800783
816	0.00831072	0.0699253	0.00814143
817	0.00844528	0.0697707	0.00827588
818	0.00864705	0.0702564	0.0084651
819	0.0090537	0.0733145	0.00885983
820	0.00933036	0.074402	0.00913
821	0.00942006	0.0737707	0.00921509
822	0.00977025	0.0755142	0.00955295
823	0.00968689	0.072559	0.00946857
824	0.00988911	0.0733259	0.00967051
825	0.0101919	0.07333	0.00996015
826	0.010599	0.0744899	0.0103524
827	0.0112026	0.0788057	0.0109244
828	0.0112734	0.0779816	0.0109937
829	0.0115998	0.0788909	0.0113124
830	0.0119205	0.0792053	0.0116125
831	0.0121728	0.0797431	0.0118376
832	0.0126183	0.0797291	0.0122903
833	0.012864	0.0802206	0.012507
834	0.0132964	0.08098	0.012912
835	0.0136969	0.0821481	0.013315
836	0.0142562	0.0834455	0.0138278
837	0.0144368	0.0830787	0.0139809
838	0.0150605	0.0849567	0.0145824
839	0.0155737	0.0848547	0.0150683
840	0.0159503	0.0856857	0.0154174
841	0.0164967	0.0860712	0.0159354
842	0.0172443	0.0901272	0.0166595
843	0.0173199	0.0866365	0.0167338
844	0.0175843	0.0865902	0.0169642
845	0.0184087	0.0883416	0.0177684
846	0.0191837	0.0909027	0.0185048
847	0.0194098	0.090285	0.0186972
848	0.0198747	0.0910995	0.0191162
849	0.0207172	0.0915267	0.0199031
850	0.0216717	0.0940958	0.020832
851	0.0222208	0.0947859	0.0213041
852	0.0227938	0.0943556	0.0218855
853	0.0235359	0.0948919	0.0225723
854	0.0240147	0.0954231	0.023003
855	0.0250366	0.0968892	0.0239017
856	0.0257185	0.0982728	0.0245364
857	0.0269598	0.101264	0.0256959
858	0.0280019	0.103293	0.0266482
859	0.028619	0.10243	0.0271937
860	0.0288597	0.0996712	0.0274076
861	0.0300724	0.102133	0.0285256
862	0.0307653	0.102553	0.0291515
863	0.0315638	0.102631	0.0298688
864	0.0325094	0.103823	0.0306901
865	0.0336991	0.104852	0.0317667
866	0.0350141	0.105776	0.0329012
867	0.0358427	0.106954	0.0336107
868	0.0366094	0.10506	0.0343449
869	0.0380297	0.107132	0.0355619
870	0.0394715	0.107677	0.0369715
871	0.0408243	0.109626	0.0380391
872	0.042213	0.111765	0.0393212
873	0.0434639	0.11064	0.0403116
874	0.0455077	0.11262	0.0421031
875	0.0458343	0.110888	0.0422803
876	0.0476163	0.11273	0.0438704
877	0.0496717	0.114587	0.0456282
878	0.0517914	0.114672	0.0476273
879	0.0524362	0.1149	0.0479378
880	0.0546516	0.116913	0.049834
881	0.0566059	0.117431	0.0514042
882	0.058301	0.116267	0.0526866
883	0.060676	0.117507	0.0548599
884	0.0622445	0.119264	0.0559512
885	0.0641475	0.11716	0.0574141
886	0.0672851	0.11972	0.0600421
887	0.0689228	0.120143	0.0609832
888	0.0720708	0.121364	0.0636844
889	0.0751647	0.122045	0.0658901
890	0.0772283	0.120774	0.0676571
891	0.079507	0.122195	0.069109
892	0.0827202	0.123128	0.0712603
893	0.0859201	0.123999	0.0734746
894	0.0889487	0.123465	0.0751708
895	0.0924134	0.124723	0.0775799
896	0.0964778	0.126563	0.0801449
897	0.100383	0.124816	0.0829633
898	0.104311	0.125474	0.084853
899	0.107922	0.125795	0.0868224
900	0.11168	0.127211	0.0883345
901	0.115963	0.126787	0.0908195
902	0.121085	0.124266	0.0935155
903	0.126445	0.127121	0.0960371
904	0.129526	0.125261	0.0964831
905	0.134	0.12468	0.098421
906	0.138396	0.124015	0.0994607
907	0.144031	0.126217	0.100988
908	0.151556	0.124794	0.103694
909	0.159235	0.124176	0.10505
910	0.163826	0.123361	0.104962
911	0.16963	0.123117	0.104932
912	0.176494	0.122768	0.104859
913	0.184254	0.122935	0.104225
914	0.192405	0.120623	0.103139
915	0.198331	0.12024	0.101785
916	0.204372	0.120303	0.100443
917	0.211411	0.118312	0.101025
918	0.217022	0.119549	0.104162
919	0.220527	0.119504	0.103468
920	0.225209	0.120977	0.106177
921	0.229509	0.122935	0.106232
922	0.232487	0.122431	0.108159
923	0.234955	0.122292	0.10912
924	0.23996	0.123324	0.111276
925	0.237814	0.12377	0.110507
926	0.242122	0.122125	0.111619
927	0.25081	0.127382	0.114278
928	0.247692	0.127137	0.115731
929	0.245834	0.125489	0.111661
930	0.243726	0.124652	0.112117
931	0.257109	0.129349	0.117154
932	0.261122	0.130442	0.118527
933	0.259156	0.128437	0.118721
934	0.259537	0.129292	0.119147
935	0.256373	0.130151	0.117116
936	0.25582	0.128288	0.11553
937	0.256167	0.127426	0.118325
938	0.271848	0.131617	0.123092
939	0.279141	0.13171	0.125138
940	0.279531	0.13298	0.126139
941	0.278018	0.133135	0.124962
942	0.273682	0.132315	0.12365
943	0.272822	0.132294	0.124214
944	0.273803	0.132638	0.124282
945	0.270225	0.131453	0.122117
946	0.26932	0.131073	0.122146
947	0.269245	0.134016	0.1225
948	0.26663	0.133331	0.121907
949	0.265336	0.131955	0.120286
950	0.296132	0.136859	0.130314
951	0.301821	0.138367	0.133453
952	0.304574	0.138983	0.132292
953	0.300291	0.137257	0.131248
954	0.298823	0.139159	0.131527
955	0.29788	0.137318	0.132009
956	0.298036	0.137716	0.133336
957	0.295467	0.138963	0.132593
958	0.294657	0.137129	0.131417
959	0.291892	0.138452	0.129472
960	0.292319	0.136208	0.131531
960	0.292319	0.136208	0.131531
961	0.289868	0.136642	0.130585
962	0.289503	0.137844	0.129932
963	0.28668	0.134747	0.128925
964	0.288123	0.135912	0.128595
965	0.28382	0.135439	0.128805
966	0.282651	0.134424	0.127041
967	0.278943	0.135573	0.126889
968	0.281673	0.136559	0.129688
969	0.2767	0.137381	0.12642
970	0.276339	0.136527	0.12697
971	0.275905	0.135892	0.126794
972	0.278085	0.135891	0.127016
973	0.339141	0.145502	0.148164
974	0.347636	0.147189	0.14999
975	0.343152	0.146102	0.149636
976	0.342947	0.147027	0.149186
977	0.341073	0.145365	0.146806
978	0.337703	0.14638	0.147517
979	0.338143	0.147475	0.146073
980	0.339487	0.145485	0.147304
981	0.337088	0.14504	0.146028
982	0.336339	0.146913	0.145489
983	0.334362	0.145658	0.144617
984	0.33389	0.146083	0.143122
985	0.330751	0.146743	0.144943
986	0.330009	0.145983	0.143018
987	0.329664	0.145283	0.141937
988	0.327413	0.146282	0.141329
989	0.325102	0.146132	0.145092
990	0.325524	0.145112	0.144439
991	0.322533	0.146707	0.142953
992	0.322426	0.145586	0.141903
993	0.318507	0.144879	0.13993
994	0.317584	0.142443	0.139709
995	0.318019	0.14536	0.1382
996	0.316088	0.143716	0.139361
997	0.312998	0.145672	0.141379
998	0.312549	0.143548	0.140631
999	0.310967	0.143425	0.139698
1000	0.30697	0.142111	0.138963
1001	0.305997	0.145651	0.138226
1002	0.309707	0.145841	0.139687
1003	0.306263	0.144342	0.139247
1004	0.301916	0.144608	0.138787
1005	0.300667	0.143638	0.137184
1006	0.29981	0.141976	0.137899
1007	0.298165	0.142531	0.137457
1008	0.298452	0.140998	0.136049
1009	0.297493	0.14475	0.136949
1010	0.294953	0.143127	0.137148
1011	0.296023	0.140926	0.136125
1012	0.293939	0.141857	0.136777
1013	0.292485	0.142176	0.135248
1014	0.292324	0.141722	0.134796
1015	0.287784	0.139792	0.131746
1016	0.287384	0.143388	0.131578
1017	0.286423	0.14138	0.133113
1018	0.285989	0.138177	0.131485
1019	0.285111	0.139358	0.131302
1020	0.283221	0.140581	0.130637
1021	0.279292	0.141483	0.130772
1022	0.27931	0.141086	0.131158
1023	0.276151	0.140032	0.129837
1024	0.274486	0.140413	0.128543
1025	0.274499	0.140053	0.131001
1026	0.396291	0.156076	0.164878
1027	0.440377	0.160557	0.176807
1028	0.437588	0.161212	0.180016
1029	0.43549	0.160904	0.17989
1030	0.435634	0.160306	0.178105
1031	0.435122	0.162477	0.180694
1032	0.434143	0.162104	0.174616
1033	0.432374	0.160886	0.179899
1034	0.429929	0.160415	0.179058
1035	0.429035	0.162923	0.178546
1036	0.42913	0.162742	0.177169
1037	0.425336	0.163184	0.176047
1038	0.42703	0.161165	0.180612
1039	0.423739	0.161334	0.176163
1040	0.421903	0.162147	0.176241
1041	0.423915	0.162549	0.174832
1042	0.421154	0.160868	0.173179
1043	0.421125	0.160722	0.173553
1044	0.418809	0.160381	0.175941
1045	0.415885	0.16055	0.173043
1046	0.41856	0.163257	0.176082
1047	0.414496	0.161916	0.174194
1048	0.414124	0.160508	0.174417
1049	0.409958	0.162272	0.174907
1050	0.409744	0.161335	0.175981
1051	0.409361	0.160795	0.173959
1052	0.407693	0.162547	0.173078
1053	0.405398	0.162407	0.17264
1054	0.406071	0.160469	0.173591
1055	0.404541	0.160946	0.173983
1056	0.404	0.161381	0.171563
1057	0.401638	0.162267	0.170866
1058	0.4016	0.160614	0.172511
1059	0.39827	0.160578	0.17219
1060	0.39715	0.161594	0.171573
1061	0.394066	0.162718	0.170821
1062	0.395315	0.163265	0.172855
1063	0.391784	0.164008	0.170275
1064	0.392327	0.161973	0.171689
1065	0.39275	0.162028	0.169209
1066	0.390381	0.159316	0.168823
1067	0.38996	0.161606	0.169952
1068	0.386011	0.163479	0.16722
1069	0.388062	0.162097	0.167164
1070	0.386314	0.162762	0.168112
1071	0.384521	0.160611	0.166792
1072	0.382621	0.159388	0.167436
1073	0.381381	0.160278	0.168754
1074	0.380455	0.161253	0.167535
1075	0.378067	0.161767	0.169822
1076	0.376683	0.162697	0.168337
1077	0.377669	0.159918	0.165623
1078	0.376133	0.161548	0.163619
1079	0.374678	0.163616	0.165883
1080	0.372109	0.160429	0.164561
1081	0.3707	0.158426	0.164298
1082	0.367973	0.161812	0.161359
1083	0.369101	0.160364	0.164622
1084	0.365012	0.161184	0.165992
1085	0.365814	0.158773	0.16383
1086	0.367662	0.159391	0.163377
1087	0.366247	0.157223	0.164422
1088	0.363487	0.160448	0.163558
1089	0.361403	0.160188	0.161034
1090	0.358027	0.160433	0.161508
1091	0.361551	0.160162	0.162128
1092	0.359303	0.158994	0.161091
1093	0.358077	0.156644	0.163894
1094	0.355546	0.160463	0.161866
1095	0.353364	0.161332	0.15966
1096	0.354463	0.160371	0.162355
1097	0.353576	0.159	0.158313
1098	0.353309	0.160388	0.160535
1099	0.34976	0.159828	0.158282
1100	0.348681	0.160497	0.160577
1101	0.347003	0.159893	0.158678
1102	0.343609	0.160316	0.156499
1103	0.344213	0.159639	0.157726
1104	0.342254	0.1595	0.155631
1105	0.340849	0.158582	0.155312
1106	0.341813	0.158977	0.156735
1107	0.341181	0.158463	0.158128
1108	0.340587	0.160726	0.157229
1109	0.338528	0.15872	0.156421
1110	0.337006	0.158709	0.15442
1111	0.334155	0.156658	0.155061
1112	0.335579	0.156409	0.154196
1113	0.329646	0.158912	0.153411
1114	0.331581	0.15727	0.153729
1115	0.331901	0.159925	0.154031
1116	0.329698	0.159987	0.154348
1117	0.325796	0.160662	0.153566
1118	0.32761	0.158711	0.152466
1119	0.326416	0.160681	0.151794
1120	0.322746	0.158295	0.151558
1121	0.321089	0.156671	0.151228
1122	0.321858	0.154926	0.151113
1123	0.321978	0.156956	0.151095
1124	0.317715	0.156168	0.150833
1125	0.3178	0.157607	0.150774
1126	0.315264	0.156381	0.148531
1127	0.31467	0.157729	0.151966
1128	0.314616	0.155254	0.148603
1129	0.316778	0.156228	0.14854
1130	0.311207	0.157084	0.148416
1131	0.310704	0.158252	0.14827
1132	0.310609	0.158533	0.147372
1133	0.309801	0.156338	0.146675
1134	0.307079	0.153417	0.145908
1135	0.306929	0.160554	0.145021
1136	0.30667	0.155108	0.148397
1137	0.304996	0.156619	0.144869
1138	0.305968	0.154466	0.147538
1139	0.302755	0.154982	0.146471
1140	0.299379	0.154538	0.146469
1141	0.300304	0.154336	0.145116
1142	0.300176	0.155623	0.143304
1143	0.299356	0.155168	0.142869
1144	0.297569	0.154306	0.143561
1145	0.29516	0.15476	0.144535
1146	0.292063	0.154581	0.142544
1147	0.293831	0.155125	0.145432
1148	0.292932	0.154434	0.142237
1149	0.291915	0.154911	0.142541
1150	0.290571	0.154163	0.143079
1151	0.289483	0.151948	0.141861
1152	0.288779	0.15324	0.14193
1153	0.283724	0.151924	0.139228
1154	0.286501	0.153192	0.139631
1155	0.284428	0.151675	0.140887
1156	0.282978	0.153398	0.139622
1157	0.281487	0.153929	0.139967
1158	0.279966	0.151959	0.138183
1159	0.278432	0.154011	0.138611
1160	0.275312	0.151395	0.136894
1161	0.278688	0.152195	0.139097
1162	0.276491	0.152137	0.137193
1163	0.275219	0.150796	0.135725
1164	0.272797	0.151953	0.135736
1165	0.272916	0.149056	0.135596
1166	0.272759	0.151917	0.136386
1167	0.271476	0.151292	0.135506
1168	0.270524	0.151816	0.136032
1169	0.266961	0.151145	0.134881
1170	0.266096	0.15136	0.135075
1171	0.265916	0.150014	0.133892
1172	0.264872	0.150277	0.13451
1173	0.263682	0.14961	0.132114
1174	0.264258	0.150129	0.133101
1175	0.26468	0.149552	0.134368
1176	0.26283	0.151928	0.13318
1177	0.259456	0.146348	0.130863
1178	0.257775	0.145801	0.128701
1179	0.257192	0.149542	0.129831
1180	0.259248	0.146915	0.130777
1181	0.255688	0.147782	0.130633
1182	0.253187	0.146941	0.128357
1183	0.252343	0.148823	0.128879
1184	0.250363	0.148327	0.128125
1185	0.248902	0.149821	0.128109
1186	0.248914	0.14579	0.127748
1187	0.247243	0.14578	0.127745
1188	0.247504	0.14743	0.127769
1189	0.245068	0.145616	0.128544
1190	0.245841	0.148297	0.129083
1191	0.242286	0.146825	0.126346
1192	0.241425	0.146057	0.127165
1193	0.241529	0.146745	0.12544
1194	0.241051	0.146154	0.125545
1195	0.238563	0.145255	0.124608
1196	0.237966	0.148343	0.125046
1197	0.235446	0.145849	0.123154
1198	0.234809	0.145658	0.122891
1199	0.236214	0.145314	0.124607
1200	0.233905	0.145022	0.121732
1201	0.231884	0.144378	0.121618
1202	0.231531	0.145857	0.121688
1203	0.228043	0.14414	0.119531
1204	0.227649	0.142762	0.120334
1205	0.226633	0.143959	0.120809
1206	0.224024	0.142584	0.118812
1207	0.223963	0.142044	0.117457
1208	0.224549	0.142999	0.119173
1209	0.22038	0.140974	0.116925
1210	0.218716	0.140441	0.116761
1211	0.217725	0.140965	0.11679
1212	0.216871	0.139376	0.115744
1213	0.217817	0.142445	0.1164
1214	0.215887	0.141836	0.11487
1215	0.218491	0.14058	0.115697
1216	0.786602	0.0885418	0.189473
1217	0.97651	0.0214084	0.299677
1218	0.981552	0.0167076	0.23834
1219	0.984925	0.0135647	0.192057
1220	0.987373	0.0112957	0.15647
1221	0.989216	0.00958914	0.129396
1222	0.990641	0.00827629	0.108121
1223	0.991767	0.00724494	0.0912227
1224	0.992675	0.00641166	0.0782337
1225	0.993419	0.00573936	0.0672475
1226	0.994038	0.0051786	0.0586001
1227	0.994559	0.00471069	0.0513286
1228	0.995004	0.00431121	0.0454227
1229	0.995387	0.00396759	0.040513
1230	0.99572	0.00366923	0.0363938
1231	0.996012	0.0034065	0.0329762
1232	0.99627	0.0031772	0.0299454
1233	0.996499	0.00297502	0.0272759
1234	0.996704	0.00279256	0.0250449
1235	0.996888	0.00263052	0.0230237
1236	0.997055	0.00248409	0.0212503
1237	0.997206	0.00235327	0.0196231
1238	0.997344	0.00223236	0.0182416
1239	0.99747	0.00212117	0.0170384
1240	0.997586	0.00202032	0.0159247
1241	0.997693	0.00192759	0.0149219
1242	0.997791	0.00184184	0.0140229
1243	0.997882	0.00176183	0.0132275
1244	0.997967	0.00168805	0.0124907
1245	0.998046	0.00161955	0.0118154
1246	0.998119	0.00155559	0.0112002
1247	0.998188	0.0014966	0.0106152
1248	0.998253	0.00143982	0.0101013
1249	0.998314	0.0013878	0.00961217
1250	0.99837	0.00133884	0.00916289
1251	0.998424	0.00129299	0.00874104
1252	0.998475	0.00124968	0.0083522
1253	0.998522	0.00120877	0.00799129
1254	0.998568	0.00117026	0.00765037
1255	0.998611	0.00113371	0.00733456
1256	0.998651	0.00109918	0.00703679
1257	0.99869	0.00106597	0.00676799
1258	0.998726	0.0010352	0.0064987
1259	0.998761	0.00100569	0.00625103
1260	0.998795	0.000976996	0.00602308
1261	0.998827	0.00094986	0.00581144
1262	0.998857	0.000924463	0.00560119
1263	0.998886	0.000900048	0.00540592
1264	0.998914	0.000876673	0.00522208
1265	0.998941	0.000854254	0.0050488
1266	0.998966	0.000832996	0.00488098
1267	0.998991	0.000812592	0.00472256
1268	0.999014	0.000793547	0.00456206
1269	0.999037	0.000775085	0.00441327
1270	0.999058	0.000756975	0.00427897
1271	0.999079	0.000739625	0.00414998
1272	0.999099	0.000722737	0.00403026
1273	0.999119	0.000706046	0.00392249
1274	0.999137	0.000690542	0.0038112
1275	0.999155	0.000675705	0.00370314
1276	0.999173	0.000661264	0.00360194
1277	0.999189	0.000647348	0.00350496
1278	0.999206	0.000633666	0.00341453
1279	0.999221	0.000620724	0.00332238
1280	0.999236	0.000608249	0.00323595
1281	0.999251	0.000595805	0.0031556
1282	0.999266	0.000583906	0.00308026
1283	0.999279	0.000572741	0.00300129
1284	0.999293	0.000561802	0.00292684
1285	0.999306	0.000551027	0.00285474
1286	0.999318	0.00054076	0.00278736
1287	0.999331	0.00053077	0.00272118
1288	0.999342	0.000521189	0.00265698
1289	0.999354	0.000512034	0.00259339
1290	0.999365	0.00050298	0.00253517
1291	0.999375	0.000494137	0.00247995
1292	0.999386	0.000485426	0.00242801
1293	0.999396	0.000477221	0.00237405
1294	0.999406	0.000468924	0.0023248
1295	0.999416	0.00046116	0.00227467
1296	0.999425	0.000453633	0.00222618
1297	0.999434	0.000446166	0.00217957
1298	0.999443	0.000438902	0.00213622
1299	0.999452	0.000431639	0.00209403
1300	0.99946	0.000424868	0.00205089
