600	0.000306135	0.0257085	0.000305332
601	0.000313386	0.0272072	0.000312502
602	0.000297727	0.0246076	0.00029686
603	0.000295906	0.0242021	0.000295117
604	0.000304026	0.02554	0.000303178
605	0.0003034	0.0251998	0.000302576
606	0.000307027	0.0255536	0.000306146
607	0.000306565	0.0249732	0.000305629
608	0.000321895	0.026622	0.000320975
609	0.000319587	0.0264694	0.000318679
610	0.000329058	0.0272672	0.000328058
611	0.000316321	0.0245094	0.000315428
612	0.000321715	0.0258857	0.000320776
613	0.000349448	0.0285484	0.000348367
614	0.000342164	0.0267722	0.000341176
615	0.000335103	0.0264157	0.000334167
616	0.000340588	0.0261141	0.00033965
617	0.000338124	0.0258871	0.000337145
618	0.000351974	0.0275683	0.000350947
619	0.00034115	0.0260533	0.000340191
620	0.00034782	0.026733	0.000346768
621	0.00036265	0.0263873	0.000361692
622	0.000374926	0.0277222	0.000373913
623	0.000374963	0.0284631	0.000373846
624	0.000350823	0.0252212	0.000349856
625	0.000365772	0.0267446	0.000364783
626	0.000368672	0.0267065	0.000367623
627	0.000361158	0.0263719	0.000360133
628	0.000369367	0.0267069	0.000368317
629	0.000362606	0.0248605	0.000361523
630	0.000364786	0.0256016	0.000363685
631	0.00036765	0.0255689	0.000366507
632	0.000369577	0.0256915	0.000368464
633	0.000381218	0.0263338	0.000380108
634	0.000373709	0.0252036	0.00037261
635	0.000394563	0.0270508	0.000393431
636	0.000387108	0.0266346	0.000385915
637	0.000382139	0.0252286	0.000381053
638	0.000396876	0.026506	0.000395764
639	0.000387728	0.0258222	0.000386585
640	0.000404946	0.0269241	0.00040381
641	0.000393585	0.0260384	0.000392391
642	0.000368538	0.0240093	0.000367418
643	0.000387589	0.0253204	0.000386503
644	0.000403493	0.026543	0.00040234
645	0.000398759	0.0252556	0.000397691
646	0.00042098	0.0276217	0.000419733
647	0.000404232	0.0263294	0.000403035
648	0.000408346	0.0262437	0.00040707
649	0.000418573	0.0264213	0.00041729
650	0.00039735	0.0249815	0.00039613
651	0.000415749	0.0258314	0.000414459
652	0.000418391	0.0257402	0.000417124
653	0.000423101	0.0259104	0.000421821
654	0.000423226	0.0255708	0.000421872
655	0.000425543	0.0262412	0.000424162
656	0.000441022	0.0267351	0.00043957
657	0.000445028	0.0260424	0.000443613
658	0.000438329	0.0252844	0.000436906
659	0.000439409	0.0256752	0.000437988
660	0.00043341	0.0261875	0.000431904
661	0.000448228	0.02545	0.000446719
662	0.000452221	0.0256736	0.000450783
663	0.000454532	0.0259699	0.000452994
664	0.000456409	0.0258209	0.00045491
665	0.000456765	0.0254509	0.000455284
666	0.000441315	0.0244651	0.000439924
667	0.000461152	0.0259577	0.000459604
668	0.000438135	0.0233281	0.000436719
669	0.000453909	0.0238772	0.000452416
670	0.000469697	0.0246856	0.000468014
671	0.000484813	0.0256395	0.000483177
672	0.000482169	0.0247814	0.000480526
673	0.00048621	0.0246416	0.000484628
674	0.000463803	0.0227015	0.000462245
675	0.00048538	0.0241393	0.000483703
676	0.000480269	0.0236471	0.000478742
677	0.000496953	0.0248994	0.000495373
678	0.000461034	0.0217836	0.000459436
679	0.000499263	0.0241686	0.000497642
680	0.000491129	0.0240006	0.000489322
681	0.000495547	0.0234889	0.000493721
682	0.000512107	0.0246128	0.00051045
683	0.000497797	0.0229025	0.000496091
684	0.000516304	0.0243437	0.000514445
685	0.000516638	0.0238201	0.000514827
686	0.000521909	0.0233867	0.000520037
687	0.000544995	0.0246753	0.000542949
688	0.000548704	0.0238118	0.000546738
689	0.000576264	0.025394	0.000573981
690	0.000577578	0.0243335	0.000575276
691	0.000604326	0.0254847	0.000602195
692	0.000593135	0.0242949	0.0005911
693	0.000606096	0.0250777	0.000603692
694	0.000598374	0.0240541	0.000595916
695	0.000624011	0.0256617	0.000621616
696	0.000628925	0.0257627	0.000626306
697	0.000619926	0.0251765	0.000617096
698	0.000651148	0.025874	0.000648275
699	0.000654528	0.0256654	0.00065153
700	0.000664827	0.0261114	0.000661906
701	0.000680908	0.0261231	0.00067782
702	0.00069211	0.0265386	0.000689158
703	0.000690949	0.0265908	0.000687877
704	0.000706943	0.0271901	0.000703606
705	0.000707427	0.0272003	0.000704246
706	0.000697871	0.0263276	0.000694746
707	0.000740918	0.0280267	0.000737515
708	0.000718277	0.0266602	0.00071482
709	0.00074023	0.0278669	0.000736847
710	0.000752873	0.0276209	0.000749349
711	0.000755609	0.0281507	0.000751906
712	0.000778833	0.0287587	0.000774791
713	0.000810754	0.0309986	0.000806346
714	0.000793613	0.0281098	0.000789683
715	0.000818295	0.0284675	0.000814068
716	0.000818278	0.0281115	0.000814005
717	0.000834653	0.0288455	0.000830332
718	0.000824946	0.027388	0.000820805
719	0.000860073	0.0299054	0.000855231
720	0.00088756	0.0303018	0.000882818
721	0.000907823	0.0307788	0.000902822
722	0.000915862	0.0305123	0.00091092
723	0.000897447	0.0287333	0.000892712
724	0.000949262	0.0311596	0.000944056
725	0.000985517	0.0323809	0.000980124
726	0.000982	0.0322563	0.000976281
727	0.000992289	0.0316372	0.000986434
728	0.000998519	0.0328234	0.000992643
729	0.0010116	0.0324903	0.00100537
730	0.00100937	0.031143	0.00100349
731	0.00103651	0.0330941	0.00103045
732	0.00103459	0.0324257	0.0010286
733	0.00111581	0.0348217	0.00110919
734	0.00112318	0.0348896	0.00111611
735	0.0011016	0.0339412	0.00109471
736	0.00112233	0.0347724	0.00111535
737	0.00114314	0.0354127	0.00113549
738	0.00112601	0.0342991	0.00111826
739	0.00115277	0.0337949	0.00114509
740	0.00115262	0.0337359	0.00114457
741	0.00117151	0.0337505	0.00116356
742	0.00125676	0.0357561	0.00124824
743	0.00124602	0.0347986	0.00123753
744	0.00122066	0.0339139	0.00121217
745	0.00125968	0.0344866	0.00125089
746	0.00130156	0.0354038	0.00129179
747	0.00132247	0.035518	0.00131301
748	0.00136784	0.0346805	0.00135875
749	0.00139717	0.0368137	0.00138697
750	0.00140643	0.0364223	0.00139616
751	0.00141202	0.0365426	0.00140174
752	0.00145502	0.0368043	0.00144382
753	0.00142086	0.034998	0.00141028
754	0.00143898	0.0343518	0.00142876
755	0.00148201	0.0355473	0.00147061
756	0.00152244	0.0362043	0.00151142
757	0.00155369	0.0355684	0.00154309
758	0.00158638	0.0365564	0.00157501
759	0.00161848	0.036692	0.00160644
760	0.0016313	0.0367033	0.0016193
761	0.0016334	0.0362817	0.00162065
762	0.00168132	0.0369148	0.00166859
763	0.00172961	0.0371581	0.00171526
764	0.00180687	0.0381021	0.0017931
765	0.00179008	0.0370193	0.00177573
766	0.00184642	0.0377269	0.00183156
767	0.0019303	0.038797	0.00191351
768	0.00193652	0.0384322	0.0019198
769	0.00201472	0.0390154	0.00199783
770	0.00206531	0.0399296	0.00204743
771	0.00211728	0.0407912	0.00209943
772	0.00208152	0.0388791	0.00206381
773	0.00216748	0.0412879	0.00214725
774	0.00223945	0.0414224	0.00221838
775	0.00228875	0.0414213	0.0022661
776	0.00238538	0.0430938	0.00236214
777	0.00238433	0.0415965	0.00236185
778	0.00248137	0.0434084	0.00245646
779	0.00261699	0.0457241	0.00259004
780	0.00254912	0.0432281	0.00252356
781	0.00262742	0.0433159	0.00260148
782	0.00266518	0.0437968	0.00263754
783	0.00273931	0.0445316	0.00271176
784	0.00286241	0.0461072	0.00283235
785	0.00295564	0.0463894	0.00292561
786	0.00299134	0.046619	0.0029587
787	0.00305742	0.0456535	0.00302283
788	0.00316121	0.0475155	0.00312596
789	0.00322459	0.0478112	0.00318433
790	0.00324595	0.0468259	0.0032062
791	0.003496	0.0510213	0.00345333
792	0.00339398	0.0475274	0.00335347
793	0.0035327	0.0483672	0.00348655
794	0.00363499	0.0492701	0.00359022
795	0.0037163	0.0508035	0.00366835
796	0.00380165	0.0516417	0.00375128
797	0.00383487	0.0506258	0.00378498
798	0.00398374	0.0526444	0.00393088
799	0.00411769	0.0540081	0.00406
800	0.00415381	0.0537471	0.00409442
801	0.00422875	0.0534749	0.00416705
802	0.00431578	0.0537381	0.00425213
803	0.00434357	0.0534704	0.00427523
804	0.00445937	0.0535738	0.00439408
805	0.00458848	0.0544231	0.0045198
806	0.00469434	0.0549647	0.00462368
807	0.00472443	0.0540415	0.00465224
808	0.00498263	0.058067	0.00489709
809	0.00492737	0.0550278	0.00484514
810	0.00498912	0.0551018	0.00490746
811	0.00520519	0.0558479	0.00511422
812	0.00539005	0.0561189	0.00529764
813	0.00569989	0.0596995	0.00559741
814	0.00571847	0.0592705	0.00561221
815	0.00586101	0.0587489	0.00575505
816	0.00603971	0.0600564	0.0059206
817	0.00613021	0.0591129	0.00600932
818	0.0064327	0.0603029	0.00631098
819	0.00642029	0.0588675	0.00629199
820	0.00675797	0.0612799	0.00662234
821	0.00689328	0.0618809	0.0067491
822	0.00702221	0.0606885	0.00687421
823	0.00737293	0.0632859	0.00721162
824	0.00767485	0.0634038	0.0074988
825	0.00789497	0.06413	0.00771246
826	0.00799092	0.063416	0.00780905
827	0.00834898	0.0655151	0.00814554
828	0.0086486	0.0668109	0.00843329
829	0.00866205	0.0648898	0.00844313
830	0.00899017	0.0653995	0.00876641
831	0.00937157	0.0679155	0.00913053
832	0.00964522	0.0704668	0.00939668
833	0.00983615	0.0692396	0.00957558
834	0.010026	0.068504	0.00975044
835	0.0104074	0.0699721	0.010122
836	0.0108466	0.0719162	0.0105422
837	0.0111105	0.0714966	0.0108012
838	0.011472	0.0718329	0.0111637
839	0.0117034	0.0719184	0.0113689
840	0.0121228	0.0735426	0.0117717
841	0.0125741	0.074736	0.0121887
842	0.012973	0.0751867	0.0125622
843	0.0137423	0.0797334	0.0132993
844	0.0140524	0.07936	0.0135696
845	0.0141398	0.0765816	0.0136745
846	0.0145653	0.0774535	0.0140783
847	0.0148472	0.0786215	0.0143305
848	0.0154046	0.0791322	0.0148612
849	0.0156693	0.0778647	0.0151013
850	0.0163098	0.080605	0.0156945
851	0.0167281	0.0799441	0.0160835
852	0.0173437	0.0821675	0.0166425
853	0.0178711	0.0820489	0.0171804
854	0.0182949	0.0816635	0.0175431
855	0.0190817	0.0824579	0.0183206
856	0.0196448	0.0832941	0.0188339
857	0.0204735	0.0863729	0.0195739
858	0.0206427	0.0841016	0.0197178
859	0.0217798	0.0866138	0.0207749
860	0.0223532	0.0874479	0.0212939
861	0.0229954	0.0884419	0.0218941
862	0.0237694	0.089013	0.0225973
863	0.024774	0.0893793	0.0235336
864	0.0248697	0.0883217	0.0235948
865	0.0261355	0.0908061	0.0247667
866	0.0272128	0.0924892	0.0257453
867	0.0279174	0.0917425	0.0263627
868	0.0288987	0.092238	0.027293
869	0.0298663	0.093814	0.0281752
870	0.030617	0.0927765	0.0288256
871	0.0322593	0.0950255	0.0303468
872	0.0331262	0.0967964	0.0310784
873	0.0347337	0.0992036	0.0324504
874	0.0360255	0.0988767	0.0336786
875	0.0369852	0.0992012	0.0344809
876	0.0378676	0.0988941	0.0352493
877	0.0393642	0.101117	0.0364534
878	0.0411452	0.103443	0.0379967
879	0.042384	0.102667	0.0390163
880	0.0440034	0.103705	0.0403617
881	0.0458155	0.105285	0.0418106
882	0.0478046	0.105259	0.0436734
883	0.0495591	0.105217	0.0451539
884	0.0512681	0.105966	0.046583
885	0.0532973	0.10769	0.0480751
886	0.0552949	0.109384	0.0496463
887	0.0572647	0.10705	0.0512609
888	0.0597736	0.109367	0.0533308
889	0.0613397	0.109812	0.0545002
890	0.0637825	0.111471	0.0561068
891	0.06604	0.111608	0.0577587
892	0.0683275	0.113548	0.0592951
893	0.0722856	0.112605	0.0624373
894	0.0757404	0.115705	0.0649027
895	0.0770507	0.11355	0.0654887
896	0.0804735	0.113871	0.0678949
897	0.0839179	0.115195	0.069864
898	0.0873743	0.114937	0.0721258
899	0.0906891	0.115882	0.0741201
900	0.0949687	0.117818	0.0765497
901	0.0987766	0.115916	0.0783178
902	0.103333	0.117781	0.0808936
903	0.107624	0.115634	0.083339
904	0.111579	0.115882	0.0844764
905	0.118259	0.117071	0.0881535
906	0.121975	0.11913	0.0883396
907	0.127893	0.117609	0.0907433
908	0.133132	0.116716	0.0921884
909	0.137316	0.115083	0.0924167
910	0.143657	0.114444	0.0934928
911	0.151093	0.117099	0.0943678
912	0.156353	0.118016	0.094923
913	0.163774	0.114452	0.0937487
914	0.16836	0.112503	0.0920558
915	0.17718	0.113105	0.0934741
916	0.184099	0.114842	0.0931576
917	0.18873	0.113647	0.093156
918	0.194219	0.112856	0.0952449
919	0.197036	0.114334	0.0962593
920	0.201188	0.115393	0.097145
921	0.208023	0.11705	0.100335
922	0.208954	0.119425	0.0993636
923	0.211145	0.11542	0.100504
924	0.218561	0.119932	0.103989
925	0.215852	0.117964	0.103884
926	0.217068	0.119725	0.103784
927	0.226097	0.122224	0.10652
928	0.227452	0.121706	0.106826
929	0.224111	0.119943	0.105538
930	0.222411	0.119551	0.10572
931	0.236222	0.125644	0.110672
932	0.238719	0.126759	0.112106
933	0.237561	0.124343	0.110641
934	0.237299	0.123242	0.110039
935	0.232664	0.123443	0.10811
936	0.233718	0.123572	0.108121
937	0.230061	0.121416	0.107702
938	0.246624	0.128035	0.114193
939	0.255471	0.128116	0.118192
940	0.254415	0.128355	0.116958
941	0.252703	0.129891	0.116057
942	0.251134	0.1272	0.116846
943	0.24881	0.129721	0.113866
944	0.248204	0.128234	0.116208
945	0.246498	0.128041	0.114193
946	0.245269	0.127542	0.114143
947	0.244545	0.125346	0.113606
948	0.243908	0.126694	0.113658
949	0.241095	0.126049	0.113318
950	0.269761	0.131993	0.122498
951	0.279507	0.135427	0.126701
952	0.27976	0.133893	0.126823
953	0.274904	0.133894	0.126534
954	0.276679	0.135674	0.125736
955	0.275929	0.134667	0.124978
956	0.27271	0.133477	0.124907
957	0.27217	0.131732	0.12422
958	0.270936	0.131375	0.123942
959	0.266962	0.13214	0.121525
960	0.265904	0.132771	0.122779
960	0.265904	0.132771	0.122779
961	0.265419	0.130992	0.120426
962	0.262046	0.131644	0.120659
963	0.264406	0.133389	0.122195
964	0.262245	0.13331	0.120878
965	0.26069	0.132191	0.120147
966	0.258053	0.130017	0.119968
967	0.258244	0.130914	0.120042
968	0.25641	0.131129	0.117978
969	0.253875	0.128849	0.118906
970	0.25397	0.129431	0.117725
971	0.252291	0.129809	0.116772
972	0.252717	0.131569	0.118461
973	0.317965	0.143192	0.141314
974	0.324134	0.14438	0.143481
975	0.322313	0.144327	0.141274
976	0.319357	0.146144	0.140069
977	0.317269	0.142029	0.137547
978	0.318091	0.143401	0.137969
979	0.316615	0.141762	0.139611
980	0.31322	0.144466	0.140448
981	0.312894	0.143019	0.139257
982	0.311432	0.142989	0.139234
983	0.307072	0.141431	0.137145
984	0.306195	0.144293	0.137572
985	0.309504	0.14474	0.138667
986	0.306241	0.143394	0.138265
987	0.301724	0.143717	0.137804
988	0.30059	0.142744	0.136111
989	0.299717	0.141248	0.136748
990	0.297825	0.140952	0.136973
991	0.298617	0.140765	0.135513
992	0.29685	0.143242	0.135894
993	0.295381	0.142122	0.135578
994	0.29556	0.138839	0.135437
995	0.293471	0.141678	0.135281
996	0.292937	0.140769	0.135386
997	0.291664	0.140595	0.133482
998	0.286915	0.139073	0.131321
999	0.287899	0.142213	0.131891
1000	0.286017	0.139365	0.130446
1001	0.285529	0.138657	0.130879
1002	0.285125	0.139925	0.130094
1003	0.280966	0.139354	0.129173
1004	0.279385	0.137774	0.129119
1005	0.277854	0.137576	0.128739
1006	0.27555	0.138707	0.127633
1007	0.27378	0.13728	0.127416
1008	0.27297	0.137865	0.12817
1009	0.270327	0.13578	0.126695
1010	0.273425	0.137054	0.128724
1011	0.268334	0.136182	0.127121
1012	0.265557	0.138502	0.125507
1013	0.264575	0.13657	0.126989
1014	0.263434	0.136985	0.125446
1015	0.263983	0.136783	0.1243
1016	0.261329	0.135493	0.124873
1017	0.258329	0.138018	0.123854
1018	0.257615	0.135262	0.122433
1019	0.254272	0.136669	0.123292
1020	0.255686	0.136025	0.123539
1021	0.253112	0.136701	0.120705
1022	0.250821	0.132721	0.120211
1023	0.251242	0.133606	0.120495
1024	0.249766	0.132265	0.119778
1025	0.250079	0.134842	0.121213
1026	0.373669	0.154871	0.160807
1027	0.416891	0.159625	0.174336
1028	0.416827	0.160207	0.174437
1029	0.41515	0.161292	0.173921
1030	0.414481	0.158381	0.175051
1031	0.410128	0.160095	0.174022
1032	0.408857	0.160933	0.174629
1033	0.409744	0.160879	0.175376
1034	0.407547	0.161538	0.172302
1035	0.405728	0.161283	0.17243
1036	0.405861	0.159542	0.171926
1037	0.404674	0.159629	0.173149
1038	0.403741	0.160322	0.170701
1039	0.402067	0.160718	0.169883
1040	0.401515	0.15944	0.171249
1041	0.398333	0.159057	0.171313
1042	0.397262	0.159842	0.17126
1043	0.394067	0.162043	0.169511
1044	0.395194	0.162208	0.171882
1045	0.391892	0.162916	0.169315
1046	0.39225	0.160532	0.170535
1047	0.392444	0.160905	0.16826
1048	0.390404	0.159189	0.167509
1049	0.389707	0.160945	0.168639
1050	0.386256	0.162089	0.165852
1051	0.38782	0.160325	0.166012
1052	0.385378	0.161784	0.166057
1053	0.384827	0.159886	0.164888
1054	0.382018	0.157887	0.166547
1055	0.381452	0.160106	0.167667
1056	0.37993	0.160056	0.166638
1057	0.37774	0.160932	0.168679
1058	0.375901	0.160552	0.167638
1059	0.378324	0.159664	0.164838
1060	0.375026	0.160009	0.163713
1061	0.375675	0.161504	0.164953
1062	0.37034	0.157728	0.164666
1063	0.369808	0.157729	0.163078
1064	0.368481	0.158971	0.162284
1065	0.367903	0.159946	0.163368
1066	0.364463	0.159961	0.164728
1067	0.365812	0.159816	0.163168
1068	0.366969	0.157526	0.163557
1069	0.36387	0.160187	0.1633
1070	0.364167	0.15972	0.162382
1071	0.358033	0.158822	0.159705
1072	0.359001	0.160551	0.160886
1073	0.360554	0.159475	0.159981
1074	0.358515	0.15665	0.161806
1075	0.356718	0.157335	0.160875
1076	0.355001	0.157156	0.160086
1077	0.353669	0.159417	0.160753
1078	0.354734	0.160081	0.159774
1079	0.352845	0.158971	0.158588
1080	0.351826	0.156781	0.159373
1081	0.34816	0.162183	0.158937
1082	0.347994	0.159467	0.159339
1083	0.34457	0.158213	0.156595
1084	0.343104	0.159733	0.157067
1085	0.341941	0.156926	0.154635
1086	0.341716	0.155511	0.155744
1087	0.340734	0.160458	0.154434
1088	0.341407	0.15661	0.157189
1089	0.340175	0.160546	0.155364
1090	0.33994	0.157109	0.155372
1091	0.335847	0.157592	0.154292
1092	0.334848	0.154131	0.154712
1093	0.335684	0.15546	0.152123
1094	0.32975	0.158933	0.152787
1095	0.331393	0.155653	0.152908
1096	0.33161	0.158092	0.15403
1097	0.330076	0.158659	0.153794
1098	0.325866	0.159649	0.152698
1099	0.327425	0.157203	0.15194
1100	0.326445	0.158767	0.151114
1101	0.322753	0.157263	0.150673
1102	0.321015	0.155608	0.150321
1103	0.32181	0.154268	0.149869
1104	0.321706	0.155545	0.150109
1105	0.317897	0.155657	0.149784
1106	0.317173	0.156893	0.150089
1107	0.315564	0.155973	0.14779
1108	0.314602	0.156275	0.150987
1109	0.315265	0.155557	0.147843
1110	0.315612	0.156007	0.146134
1111	0.311375	0.155769	0.147972
1112	0.309918	0.157305	0.147389
1113	0.311173	0.155473	0.147642
1114	0.308202	0.154684	0.145838
1115	0.307189	0.15192	0.146499
1116	0.306362	0.158758	0.146434
1117	0.306401	0.153985	0.147026
1118	0.305558	0.154897	0.145745
1119	0.304511	0.154484	0.146638
1120	0.301057	0.153432	0.145042
1121	0.298755	0.154465	0.144219
1122	0.300931	0.15167	0.144229
1123	0.299982	0.154371	0.143245
1124	0.29886	0.154192	0.141753
1125	0.295895	0.154536	0.143912
1126	0.293987	0.151798	0.143102
1127	0.293006	0.154976	0.141967
1128	0.294588	0.154228	0.143875
1129	0.292235	0.153938	0.14138
1130	0.290253	0.152734	0.141488
1131	0.290708	0.152791	0.142325
1132	0.288517	0.153649	0.142562
1133	0.285189	0.151491	0.138981
1134	0.285503	0.151926	0.13932
1135	0.28559	0.15154	0.138744
1136	0.283111	0.15344	0.138329
1137	0.28194	0.152098	0.139311
1138	0.281152	0.152207	0.13722
1139	0.27919	0.151835	0.138055
1140	0.275483	0.15124	0.135558
1141	0.279426	0.151899	0.135931
1142	0.276071	0.149679	0.135631
1143	0.275705	0.147559	0.136186
1144	0.273323	0.151814	0.134967
1145	0.27263	0.149142	0.133885
1146	0.2726	0.148983	0.136556
1147	0.271464	0.15088	0.133414
1148	0.271114	0.151746	0.13579
1149	0.267817	0.150251	0.134897
1150	0.266157	0.14932	0.134435
1151	0.265925	0.14965	0.133084
1152	0.26392	0.148728	0.132318
1153	0.264127	0.149432	0.132128
1154	0.263788	0.147992	0.1328
1155	0.264632	0.148308	0.133661
1156	0.262894	0.149578	0.132914
1157	0.259274	0.14532	0.13052
1158	0.25768	0.144535	0.127913
1159	0.256995	0.148402	0.129043
1160	0.259	0.145562	0.130114
1161	0.255331	0.146284	0.130123
1162	0.252908	0.145939	0.127547
1163	0.251805	0.147816	0.128021
1164	0.250171	0.146342	0.127477
1165	0.248481	0.148542	0.127468
1166	0.248592	0.144521	0.127501
1167	0.246698	0.144929	0.126784
1168	0.24708	0.145238	0.126934
1169	0.245457	0.146098	0.127443
1170	0.244704	0.146576	0.128297
1171	0.242128	0.145012	0.125428
1172	0.240459	0.144148	0.125271
1173	0.24126	0.145729	0.124047
1174	0.241268	0.145978	0.124765
1175	0.2382	0.143669	0.123612
1176	0.235685	0.145043	0.124108
1177	0.234867	0.142852	0.12275
1178	0.23513	0.144483	0.122159
1179	0.235493	0.144743	0.123803
1180	0.23233	0.142921	0.121129
1181	0.230918	0.145591	0.120288
1182	0.229107	0.142687	0.119603
1183	0.226057	0.143356	0.118342
1184	0.22766	0.142697	0.119456
1185	0.223561	0.140574	0.118035
1186	0.222862	0.141987	0.116178
1187	0.223469	0.140824	0.117209
1188	0.220752	0.139885	0.117545
1189	0.217909	0.140024	0.115331
1190	0.215406	0.138261	0.114119
1191	0.214957	0.141058	0.116136
1192	0.21449	0.139941	0.115034
1193	0.212603	0.139381	0.114418
1194	0.210977	0.139809	0.114175
1195	0.20863	0.136879	0.111361
1196	0.206218	0.137938	0.110538
1197	0.208505	0.138137	0.111671
1198	0.206274	0.138136	0.11247
1199	0.202018	0.13733	0.110369
1200	0.202034	0.13788	0.110395
1201	0.200666	0.136337	0.108822
1202	0.19913	0.134867	0.108943
1203	0.196844	0.132502	0.107392
1204	0.195995	0.134046	0.10718
1205	0.194425	0.132621	0.105879
1206	0.192353	0.1335	0.10593
1207	0.192621	0.133655	0.105085
1208	0.191303	0.13266	0.106128
1209	0.190098	0.133239	0.105648
1210	0.188678	0.131704	0.104104
1211	0.186883	0.132019	0.103695
1212	0.186305	0.130473	0.102065
1213	0.185722	0.131487	0.102256
1214	0.185266	0.130518	0.102094
1215	0.190132	0.130693	0.103635
1216	0.774434	0.0902888	0.191944
1217	0.974524	0.0232429	0.300019
1218	0.979976	0.0181632	0.236932
1219	0.983676	0.0147051	0.190289
1220	0.986348	0.0122184	0.154884
1221	0.988353	0.0103662	0.127229
1222	0.989899	0.00893824	0.106177
1223	0.991118	0.00781868	0.089489
1224	0.9921	0.00692854	0.0758463
1225	0.992904	0.00620153	0.0650585
1226	0.993572	0.00559546	0.0565839
1227	0.994135	0.00508525	0.0497069
1228	0.994614	0.00464915	0.0441712
1229	0.995028	0.00427856	0.0393671
1230	0.995387	0.00395394	0.0354693
1231	0.995702	0.00367125	0.0321065
1232	0.99598	0.00342371	0.0291676
1233	0.996227	0.00320497	0.026597
1234	0.996448	0.00300833	0.0244222
1235	0.996647	0.00283301	0.0224795
1236	0.996826	0.00267401	0.0208021
1237	0.99699	0.00252976	0.0193259
1238	0.997138	0.00240034	0.0179549
1239	0.997275	0.00228157	0.0167392
1240	0.997399	0.00217323	0.0156411
1241	0.997514	0.00207289	0.0146749
1242	0.997621	0.00198135	0.0137739
1243	0.997719	0.00189615	0.0129701
1244	0.997811	0.00181555	0.0122807
1245	0.997896	0.00174148	0.0116279
1246	0.997975	0.00167382	0.010996
1247	0.998049	0.00160999	0.0104319
1248	0.998119	0.00154945	0.00993197
1249	0.998184	0.00149295	0.0094641
1250	0.998246	0.00144014	0.00902551
1251	0.998304	0.00139067	0.00860903
1252	0.998358	0.00134338	0.00824059
1253	0.99841	0.00129868	0.00789992
1254	0.998459	0.00125751	0.00755862
1255	0.998505	0.00121796	0.00725231
1256	0.998549	0.00118017	0.00697112
1257	0.998591	0.00114429	0.00670512
1258	0.998631	0.00111027	0.00645752
1259	0.998669	0.00107776	0.00622552
1260	0.998705	0.00104736	0.0059956
1261	0.998739	0.00101884	0.00577205
1262	0.998772	0.000991247	0.00556841
1263	0.998804	0.000964733	0.00537531
1264	0.998834	0.000939836	0.00518907
1265	0.998862	0.000916048	0.00501029
1266	0.99889	0.000893079	0.00484587
1267	0.998916	0.000870977	0.00469151
1268	0.998942	0.000849828	0.00454459
1269	0.998966	0.000829558	0.00440462
1270	0.998989	0.00080999	0.00427298
1271	0.999012	0.000790874	0.00415163
1272	0.999034	0.000772665	0.00403222
1273	0.999054	0.00075559	0.00391237
1274	0.999075	0.000738804	0.00380418
1275	0.999094	0.000722825	0.00369601
1276	0.999113	0.000707296	0.0035961
1277	0.999131	0.000691976	0.00350321
1278	0.999148	0.000677554	0.00341061
1279	0.999165	0.000663601	0.00332307
1280	0.999182	0.000649792	0.00324352
1281	0.999197	0.000636887	0.00316055
1282	0.999213	0.000624156	0.00308461
1283	0.999227	0.000612026	0.00300895
1284	0.999242	0.000600191	0.00293741
1285	0.999256	0.000588592	0.00286903
1286	0.999269	0.000577735	0.00279911
1287	0.999282	0.000566939	0.00273615
1288	0.999295	0.000556669	0.00267269
1289	0.999307	0.000546421	0.00261346
1290	0.999319	0.000536646	0.00255581
1291	0.99933	0.000527163	0.00249912
1292	0.999342	0.000517918	0.00244494
1293	0.999353	0.000508695	0.00239193
1294	0.999364	0.000500286	0.00233747
1295	0.999374	0.000491696	0.00228977
1296	0.999384	0.000483411	0.00224361
1297	0.999394	0.000475418	0.00219847
1298	0.999404	0.000467385	0.00215682
1299	0.999413	0.000459902	0.00211351
1300	0.999422	0.000452282	0.00207342
