600	0.778121	0.180041	0.630867
601	0.777826	0.180185	0.630756
602	0.77753	0.180353	0.630378
603	0.777234	0.180508	0.630132
604	0.776939	0.180676	0.629755
605	0.776643	0.180879	0.62898
606	0.776347	0.181035	0.628736
607	0.776051	0.18119	0.628491
608	0.775755	0.181381	0.627852
609	0.775459	0.181536	0.627602
610	0.775214	0.181658	0.627109
611	0.775029	0.181713	0.626423
612	0.775017	0.18161	0.625456
613	0.775066	0.181461	0.624828
614	0.775071	0.18121	0.625545
615	0.775269	0.180896	0.625553
616	0.775294	0.180709	0.624618
617	0.775599	0.180451	0.625377
618	0.775334	0.180379	0.624667
619	0.775792	0.180107	0.624963
620	0.775872	0.179852	0.626169
621	0.775729	0.179836	0.625334
622	0.775861	0.179666	0.624954
623	0.776143	0.179539	0.624632
624	0.776727	0.179134	0.624977
625	0.776654	0.178989	0.622979
626	0.776579	0.178664	0.622549
627	0.777095	0.178115	0.623503
628	0.77774	0.177822	0.62252
629	0.777931	0.177484	0.621786
630	0.778642	0.17699	0.62217
631	0.779149	0.176653	0.622354
632	0.779814	0.176065	0.623727
633	0.77946	0.176088	0.622122
634	0.778669	0.176056	0.62063
635	0.779401	0.175613	0.622459
636	0.779832	0.175189	0.622593
637	0.780287	0.175035	0.62122
638	0.78062	0.174566	0.621077
639	0.781128	0.174293	0.621218
640	0.781762	0.173969	0.620778
641	0.781936	0.173737	0.620154
642	0.782417	0.173214	0.622267
643	0.782643	0.173212	0.622292
644	0.783123	0.172831	0.62255
645	0.783338	0.172919	0.621135
646	0.783948	0.172444	0.622227
647	0.783722	0.172652	0.620774
648	0.783879	0.172466	0.619598
649	0.782428	0.17209	0.619005
650	0.782832	0.172245	0.616658
651	0.783377	0.171666	0.6179
652	0.783382	0.171689	0.615723
653	0.783514	0.171548	0.616457
654	0.784639	0.170775	0.618502
655	0.784953	0.170706	0.617645
656	0.785376	0.170237	0.619247
657	0.785366	0.170154	0.616374
658	0.786076	0.169655	0.618349
659	0.786561	0.169504	0.618065
660	0.786825	0.169265	0.616826
661	0.787007	0.168989	0.615707
662	0.787308	0.168783	0.615878
663	0.787992	0.16834	0.618653
664	0.788411	0.168095	0.617412
665	0.788315	0.167978	0.617455
666	0.78882	0.167828	0.6176
667	0.789357	0.167383	0.618658
668	0.789844	0.166876	0.619702
669	0.79029	0.166759	0.618654
670	0.790664	0.166288	0.618499
671	0.790936	0.166169	0.617186
672	0.79169	0.165799	0.616863
673	0.792359	0.165037	0.618442
674	0.793033	0.164604	0.618596
675	0.792791	0.164825	0.617286
676	0.793378	0.164376	0.616897
677	0.793774	0.164117	0.615778
678	0.794283	0.163794	0.614628
679	0.795199	0.162826	0.615922
680	0.795776	0.162566	0.613554
681	0.796668	0.162002	0.61438
682	0.797472	0.161261	0.616145
683	0.797831	0.160957	0.615949
684	0.795223	0.161531	0.607267
685	0.794425	0.161229	0.607173
686	0.795293	0.160738	0.609029
687	0.796048	0.160059	0.609611
688	0.795922	0.160375	0.606357
689	0.796354	0.159772	0.608831
690	0.796805	0.159687	0.607707
691	0.797707	0.159102	0.610052
692	0.79789	0.158988	0.611221
693	0.797939	0.158743	0.609605
694	0.798284	0.158451	0.608217
695	0.798977	0.158102	0.606984
696	0.799686	0.157599	0.607928
697	0.800059	0.157537	0.605889
698	0.800607	0.156881	0.607667
699	0.80147	0.156224	0.60786
700	0.802271	0.155721	0.606207
701	0.80214	0.155335	0.605759
702	0.802934	0.155136	0.605504
703	0.80362	0.154245	0.608984
704	0.803911	0.154451	0.603735
705	0.805296	0.153325	0.608205
706	0.805531	0.153096	0.609265
707	0.806405	0.152405	0.608625
708	0.806962	0.152247	0.608215
709	0.806735	0.152357	0.605778
710	0.808021	0.151508	0.606684
711	0.807995	0.15152	0.606407
712	0.808372	0.151108	0.60585
713	0.808906	0.150627	0.60794
714	0.809285	0.150419	0.60681
715	0.809565	0.14998	0.607075
716	0.810739	0.149394	0.60586
717	0.811407	0.148619	0.606784
718	0.812099	0.148434	0.604054
719	0.812276	0.148207	0.603598
720	0.813218	0.147646	0.606265
721	0.813471	0.147524	0.603132
722	0.814341	0.146742	0.603566
723	0.814899	0.146348	0.602476
724	0.815363	0.145499	0.606698
725	0.816492	0.144937	0.606437
726	0.817079	0.144634	0.605996
727	0.817389	0.14431	0.603923
728	0.817974	0.143745	0.604309
729	0.819171	0.142694	0.606998
730	0.820113	0.14225	0.604123
731	0.820946	0.141401	0.605198
732	0.82092	0.141492	0.602399
733	0.821549	0.141183	0.600918
734	0.821782	0.140769	0.600593
735	0.82351	0.139577	0.604497
736	0.823997	0.139024	0.602024
737	0.824842	0.138388	0.602694
738	0.82541	0.138051	0.600529
739	0.82531	0.138132	0.599501
740	0.826186	0.137314	0.600305
741	0.827423	0.136675	0.600396
742	0.827753	0.13631	0.599473
743	0.828596	0.135575	0.601766
744	0.829248	0.135133	0.601432
745	0.829436	0.134939	0.600074
746	0.829806	0.134605	0.600283
747	0.831064	0.133895	0.602038
748	0.831294	0.133669	0.600893
749	0.832272	0.133114	0.598892
750	0.832863	0.13234	0.598871
751	0.833723	0.131557	0.602555
752	0.834014	0.131309	0.599116
753	0.834888	0.131141	0.598791
754	0.835758	0.130112	0.598795
755	0.836174	0.129799	0.597989
756	0.837595	0.128615	0.59699
757	0.837797	0.128363	0.594943
758	0.838883	0.127508	0.598728
759	0.839271	0.127348	0.595706
760	0.840381	0.126587	0.594305
761	0.840649	0.126405	0.594313
762	0.841561	0.125613	0.592076
763	0.842729	0.124455	0.598106
764	0.842843	0.12453	0.595272
765	0.844278	0.123415	0.595909
766	0.845068	0.123009	0.592791
767	0.845345	0.122714	0.590617
768	0.845483	0.122679	0.59199
769	0.847436	0.12105	0.593768
770	0.847906	0.120704	0.593309
771	0.848358	0.120549	0.590311
772	0.848728	0.120044	0.587888
773	0.849039	0.120015	0.586813
774	0.849782	0.119081	0.589426
775	0.851194	0.11831	0.592722
776	0.851972	0.117494	0.590634
777	0.852198	0.117641	0.587516
778	0.852413	0.117459	0.584077
779	0.853909	0.116094	0.590692
780	0.854174	0.116134	0.586222
781	0.854881	0.115437	0.583664
782	0.854343	0.115888	0.587388
783	0.856309	0.114143	0.588116
784	0.856825	0.114219	0.583183
785	0.857627	0.113428	0.583553
786	0.858264	0.112909	0.581416
787	0.859464	0.111937	0.585722
788	0.859248	0.112128	0.579219
789	0.860455	0.111183	0.583873
790	0.861197	0.110579	0.581977
791	0.861997	0.110223	0.579567
792	0.862468	0.109548	0.581034
793	0.862899	0.109492	0.576254
794	0.864285	0.108385	0.578277
795	0.864466	0.108087	0.578926
796	0.865256	0.107387	0.579062
797	0.8662	0.106858	0.574988
798	0.866883	0.106269	0.579727
799	0.866946	0.105983	0.575355
800	0.868148	0.105175	0.57413
801	0.868348	0.105202	0.573146
802	0.869311	0.104367	0.567579
803	0.870788	0.103091	0.569662
804	0.871677	0.102297	0.570872
805	0.872161	0.101965	0.565653
806	0.872895	0.101689	0.56247
807	0.874855	0.0998749	0.569606
808	0.875446	0.0995212	0.567344
809	0.875333	0.0996483	0.560233
810	0.876045	0.0983985	0.562033
811	0.86344	0.104173	0.520739
812	0.86377	0.103873	0.516803
813	0.865256	0.102956	0.518737
814	0.866953	0.10157	0.520355
815	0.866292	0.102584	0.513089
816	0.866973	0.101401	0.514991
817	0.868143	0.100425	0.514636
818	0.869448	0.099278	0.515871
819	0.86997	0.0990161	0.507661
820	0.870461	0.0989858	0.507621
821	0.871369	0.0978225	0.512461
822	0.871484	0.0976335	0.503765
823	0.872947	0.0967793	0.503456
824	0.873761	0.0961812	0.498792
825	0.875206	0.0950636	0.499365
826	0.876084	0.0946145	0.495656
827	0.877789	0.0931778	0.497074
828	0.876202	0.0941504	0.494835
829	0.878709	0.0927472	0.491305
830	0.879599	0.0922409	0.490127
831	0.879869	0.0918042	0.484526
832	0.881625	0.0900747	0.488376
833	0.882211	0.0897252	0.483206
834	0.883139	0.0890156	0.475107
835	0.883321	0.0887131	0.473559
836	0.884948	0.0876359	0.474709
837	0.88668	0.0865398	0.473294
838	0.887655	0.0855267	0.477604
839	0.887359	0.0859884	0.470615
840	0.888138	0.0848812	0.473081
841	0.888924	0.0845578	0.46549
842	0.889927	0.0837379	0.46845
843	0.889996	0.0837783	0.464433
844	0.892504	0.0817535	0.463151
845	0.891792	0.0822987	0.465272
846	0.892399	0.082046	0.453693
847	0.89366	0.0810624	0.456723
848	0.894876	0.0799905	0.451314
849	0.894531	0.0803619	0.446037
850	0.896224	0.0792561	0.447999
851	0.898013	0.0779835	0.450171
852	0.897832	0.0779257	0.445275
853	0.89974	0.0759664	0.443612
854	0.900977	0.0753873	0.437598
855	0.901654	0.0751045	0.431066
856	0.901642	0.0747905	0.434126
857	0.902407	0.0745116	0.424008
858	0.904207	0.072842	0.426378
859	0.905406	0.0721301	0.416938
860	0.906373	0.071269	0.421635
861	0.907436	0.070207	0.414587
862	0.907269	0.0708844	0.414599
863	0.9074	0.070442	0.407097
864	0.908989	0.0694479	0.410487
865	0.910133	0.0684021	0.410618
866	0.910679	0.068027	0.398531
867	0.911977	0.0669328	0.398023
868	0.912315	0.0667779	0.393393
869	0.91266	0.0666183	0.393505
870	0.913916	0.0657153	0.389697
871	0.916305	0.0639719	0.388492
872	0.917654	0.06277	0.385493
873	0.917355	0.062896	0.377843
874	0.918926	0.0616942	0.373372
875	0.919773	0.0611148	0.370339
876	0.920289	0.0607038	0.366676
877	0.921963	0.059243	0.361309
878	0.923434	0.0582455	0.361963
879	0.924099	0.0574235	0.352612
880	0.924494	0.0572833	0.354392
881	0.925211	0.0567573	0.351725
882	0.926127	0.0562543	0.349903
883	0.927055	0.0556045	0.349807
884	0.928694	0.0543011	0.334561
885	0.929736	0.0532265	0.334367
886	0.930656	0.0526534	0.336497
887	0.930216	0.0530491	0.331262
888	0.931379	0.0520603	0.326912
889	0.931608	0.0521313	0.319708
890	0.932568	0.0515469	0.319411
891	0.933409	0.0508161	0.312074
892	0.935225	0.049238	0.310615
893	0.936784	0.0480903	0.304448
894	0.93709	0.0478178	0.294622
895	0.938169	0.0469291	0.286797
896	0.940171	0.0453519	0.280551
897	0.939658	0.0458796	0.276556
898	0.940773	0.0451827	0.27026
899	0.942464	0.0436403	0.268826
900	0.943668	0.0427062	0.256213
901	0.944384	0.042173	0.255706
902	0.944452	0.0421344	0.249678
903	0.94624	0.0406909	0.246747
904	0.946972	0.04036	0.240403
905	0.9488	0.0387214	0.230828
906	0.949147	0.0387184	0.229838
907	0.95031	0.0377629	0.21916
908	0.950301	0.0377506	0.21463
909	0.951829	0.0363541	0.212003
910	0.952428	0.0361172	0.208177
911	0.954103	0.0347885	0.193318
912	0.955834	0.0334172	0.180444
913	0.956171	0.0330532	0.172538
914	0.957908	0.0318347	0.158408
915	0.958165	0.0316908	0.152637
916	0.959472	0.0306607	0.149672
917	0.959679	0.0305233	0.147055
918	0.960776	0.0298264	0.141556
919	0.960529	0.0299375	0.141494
920	0.959446	0.0310482	0.149122
921	0.96091	0.0299316	0.147585
922	0.961773	0.0292159	0.14576
923	0.961883	0.0292136	0.138519
924	0.962017	0.0292618	0.153416
925	0.96157	0.0295564	0.14987
926	0.959984	0.0310184	0.151973
927	0.961942	0.0294497	0.145785
928	0.963795	0.0278595	0.141078
929	0.962786	0.028808	0.14989
930	0.961962	0.0293745	0.146638
931	0.963194	0.0286811	0.147146
932	0.963384	0.0285437	0.146897
933	0.964649	0.0273758	0.135608
934	0.963758	0.0281885	0.140098
935	0.964628	0.0274189	0.138345
936	0.964356	0.0277702	0.139662
937	0.965434	0.0268072	0.137628
938	0.964796	0.0275598	0.145778
939	0.965917	0.0267966	0.143501
940	0.966727	0.0260585	0.133304
941	0.966409	0.0262882	0.137649
942	0.966372	0.0263848	0.135612
943	0.964484	0.0279065	0.148382
944	0.965796	0.0269052	0.136386
945	0.965739	0.0269373	0.137163
946	0.965753	0.0267542	0.131838
947	0.966673	0.0258792	0.126123
948	0.966249	0.0264492	0.141508
949	0.96562	0.0271243	0.13865
950	0.966992	0.0262808	0.136919
951	0.966516	0.026765	0.143273
952	0.967589	0.0259262	0.13494
953	0.966655	0.0266899	0.141652
954	0.966947	0.0263952	0.134372
955	0.968738	0.0248324	0.133718
956	0.966716	0.0266339	0.139065
957	0.96804	0.0254782	0.131687
958	0.967965	0.0254982	0.137974
959	0.96667	0.0265265	0.141146
960	0.968881	0.0248293	0.134074
960	0.968881	0.0248293	0.134074
961	0.9678	0.0256501	0.137461
962	0.96703	0.0263582	0.148239
963	0.967634	0.0258166	0.141923
964	0.96728	0.0262015	0.148968
965	0.966684	0.0265605	0.153459
966	0.966452	0.026957	0.156336
967	0.965814	0.0274524	0.155662
968	0.967022	0.0262137	0.13951
969	0.966927	0.0262242	0.142903
970	0.968225	0.0253862	0.133401
971	0.966457	0.0267942	0.14382
972	0.967232	0.0261529	0.140655
973	0.970395	0.0242271	0.137482
974	0.970455	0.0242856	0.140614
975	0.970705	0.0239947	0.141028
976	0.970485	0.024143	0.140615
977	0.971053	0.0237665	0.139382
978	0.970644	0.0241225	0.14121
979	0.971536	0.0232324	0.142641
980	0.971141	0.0236854	0.139989
981	0.970174	0.0243949	0.144798
982	0.970468	0.0242319	0.136024
983	0.971595	0.0232625	0.13884
984	0.971238	0.0235126	0.138406
985	0.970798	0.0238702	0.132726
986	0.971493	0.0234387	0.133958
987	0.970703	0.0240024	0.138908
988	0.970331	0.0243085	0.137097
989	0.971323	0.023472	0.137689
990	0.971293	0.0234101	0.141834
991	0.970329	0.0243404	0.141212
992	0.971566	0.023156	0.128793
993	0.970707	0.0239394	0.139006
994	0.970829	0.0239685	0.144756
995	0.970369	0.0243718	0.143512
996	0.969886	0.024599	0.132383
997	0.971208	0.0234425	0.127286
998	0.970323	0.0243055	0.136406
999	0.969294	0.0251653	0.136438
1000	0.968898	0.0255296	0.140681
1001	0.969444	0.0250146	0.142296
1002	0.968946	0.0253499	0.148948
1003	0.968636	0.0257962	0.148418
1004	0.9701	0.0244691	0.140568
1005	0.969562	0.024902	0.140485
1006	0.969887	0.0246796	0.135401
1007	0.970757	0.0239484	0.139635
1008	0.970393	0.0241053	0.132746
1009	0.969983	0.0246262	0.136793
1010	0.97019	0.0242873	0.137492
1011	0.970535	0.024054	0.142175
1012	0.970391	0.0242347	0.142458
1013	0.970242	0.0243245	0.139944
1014	0.969873	0.0247537	0.140222
1015	0.96935	0.0250559	0.14313
1016	0.969886	0.0246007	0.13667
1017	0.971308	0.0232903	0.129941
1018	0.970306	0.0242377	0.134856
1019	0.96983	0.0246956	0.143264
1020	0.969543	0.0249614	0.140414
1021	0.969415	0.0250431	0.139544
1022	0.968321	0.0258235	0.139536
1023	0.9698	0.0245866	0.138769
1024	0.96939	0.0250963	0.148577
1025	0.969302	0.0251822	0.146488
1026	0.975451	0.0209586	0.136496
1027	0.977425	0.0196675	0.134049
1028	0.977986	0.0191608	0.128817
1029	0.977288	0.0197927	0.133146
1030	0.976854	0.0200491	0.139595
1031	0.976381	0.0204322	0.138958
1032	0.977721	0.0194269	0.12968
1033	0.979031	0.0182087	0.124486
1034	0.978218	0.0188538	0.126363
1035	0.976392	0.0205267	0.136476
1036	0.97767	0.0194082	0.129323
1037	0.976939	0.0199701	0.131806
1038	0.977177	0.0198407	0.132213
1039	0.977809	0.0192503	0.129873
1040	0.976721	0.0202713	0.13693
1041	0.977301	0.0197982	0.134569
1042	0.977293	0.01964	0.126784
1043	0.976761	0.0200541	0.136137
1044	0.97668	0.0202367	0.139338
1045	0.976555	0.020388	0.13954
1046	0.977399	0.0196507	0.133859
1047	0.97712	0.0198824	0.13676
1048	0.977313	0.0196799	0.136655
1049	0.975937	0.0208749	0.148277
1050	0.978036	0.0191738	0.133659
1051	0.976786	0.0202357	0.141267
1052	0.976352	0.0206242	0.143397
1053	0.976149	0.0206659	0.139848
1054	0.976218	0.0206522	0.139932
1055	0.976999	0.0199517	0.145543
1056	0.976618	0.0203699	0.139639
1057	0.977037	0.0200187	0.135526
1058	0.97709	0.0198273	0.136526
1059	0.975877	0.0209051	0.140573
1060	0.975584	0.021111	0.14392
1061	0.974863	0.0217783	0.146994
1062	0.976453	0.0204229	0.14337
1063	0.976471	0.0204972	0.139027
1064	0.97556	0.0212225	0.142631
1065	0.975853	0.0209374	0.141244
1066	0.97629	0.0205994	0.135785
1067	0.976048	0.0207663	0.134744
1068	0.976393	0.020564	0.137491
1069	0.975732	0.0210843	0.137038
1070	0.976543	0.0204	0.129907
1071	0.976659	0.0201657	0.137442
1072	0.976331	0.0205762	0.141761
1073	0.976389	0.0204649	0.13901
1074	0.976513	0.0204237	0.138323
1075	0.976628	0.0203058	0.134243
1076	0.976439	0.0204414	0.141007
1077	0.976307	0.0204935	0.140425
1078	0.975795	0.0210143	0.141325
1079	0.97653	0.0202595	0.134942
1080	0.977226	0.0196921	0.132712
1081	0.975594	0.0211785	0.143329
1082	0.976782	0.0200629	0.135366
1083	0.976012	0.0207402	0.134805
1084	0.976118	0.0206738	0.138883
1085	0.975664	0.0211611	0.141188
1086	0.976352	0.0204886	0.132538
1087	0.975875	0.0209663	0.136359
1088	0.975588	0.0212213	0.137417
1089	0.976089	0.0206136	0.131252
1090	0.97476	0.0218884	0.147209
1091	0.974802	0.0218806	0.147065
1092	0.975257	0.0214833	0.142968
1093	0.975504	0.0212441	0.143019
1094	0.976122	0.0208083	0.138127
1095	0.975349	0.021384	0.146378
1096	0.975412	0.0214438	0.149
1097	0.974493	0.0222416	0.151659
1098	0.974384	0.0221893	0.146513
1099	0.974356	0.0223338	0.145916
1100	0.974858	0.0218487	0.143862
1101	0.974018	0.0225146	0.147435
1102	0.97419	0.0223758	0.144954
1103	0.976192	0.0206298	0.139669
1104	0.976005	0.0208583	0.142335
1105	0.974517	0.0221396	0.148252
1106	0.974635	0.0219779	0.144486
1107	0.975223	0.0215291	0.139928
1108	0.975123	0.0214829	0.147122
1109	0.974267	0.022401	0.145134
1110	0.974797	0.0219244	0.148322
1111	0.975522	0.021089	0.14224
1112	0.974616	0.0219601	0.149094
1113	0.975868	0.0209258	0.145992
1114	0.9752	0.0215432	0.147172
1115	0.974878	0.0218228	0.147233
1116	0.975518	0.0211503	0.147544
1117	0.975643	0.0210455	0.142419
1118	0.974746	0.0219005	0.147075
1119	0.974948	0.0216001	0.146347
1120	0.974679	0.0219094	0.14912
1121	0.975062	0.0216391	0.145
1122	0.975063	0.0215487	0.135133
1123	0.975413	0.0212186	0.140524
1124	0.975702	0.0209869	0.140669
1125	0.975006	0.0216214	0.141483
1126	0.974936	0.0217394	0.14253
1127	0.97417	0.0223938	0.147019
1128	0.975243	0.0214005	0.148123
1129	0.974191	0.0222935	0.148759
1130	0.974302	0.0222535	0.147713
1131	0.974798	0.0217345	0.144286
1132	0.974684	0.0219282	0.144676
1133	0.973346	0.023042	0.153462
1134	0.974226	0.0223692	0.146689
1135	0.974769	0.0219541	0.14205
1136	0.974157	0.0223908	0.148172
1137	0.974291	0.0222055	0.145222
1138	0.974724	0.0219253	0.139654
1139	0.974889	0.0217212	0.146942
1140	0.974817	0.021687	0.142474
1141	0.973914	0.0226351	0.152891
1142	0.974277	0.022301	0.152327
1143	0.973418	0.0231197	0.151885
1144	0.97466	0.0219412	0.144625
1145	0.974555	0.0221403	0.14169
1146	0.974372	0.0221817	0.143396
1147	0.975725	0.0209454	0.127687
1148	0.97503	0.0215847	0.131756
1149	0.974437	0.0221995	0.142991
1150	0.973786	0.0226583	0.143913
1151	0.973681	0.0228971	0.147713
1152	0.974702	0.0218374	0.138304
1153	0.974421	0.0221726	0.137914
1154	0.974536	0.0220276	0.13783
1155	0.974436	0.0221998	0.140209
1156	0.974164	0.0224696	0.139843
1157	0.974544	0.0219918	0.144859
1158	0.974352	0.0221414	0.139988
1159	0.975045	0.0215498	0.135393
1160	0.97521	0.0214633	0.137094
1161	0.975066	0.0215314	0.141584
1162	0.974197	0.0222605	0.142522
1163	0.973153	0.0233344	0.150999
1164	0.973994	0.0224729	0.145972
1165	0.974543	0.0219761	0.140674
1166	0.973936	0.0225543	0.138147
1167	0.974268	0.0223144	0.142063
1168	0.974808	0.0217981	0.143028
1169	0.974666	0.0219332	0.139745
1170	0.973958	0.0224273	0.141556
1171	0.974225	0.0222223	0.145455
1172	0.974238	0.0222117	0.142274
1173	0.974256	0.0222726	0.140574
1174	0.974607	0.0219285	0.146976
1175	0.974026	0.0224743	0.14231
1176	0.973586	0.0227773	0.145554
1177	0.974064	0.0224211	0.14653
1178	0.97357	0.0229193	0.153709
1179	0.973353	0.0231363	0.158971
1180	0.973435	0.023029	0.150027
1181	0.972848	0.0234135	0.148626
1182	0.973419	0.0229486	0.142903
1183	0.972678	0.0237773	0.152439
1184	0.972183	0.0241187	0.154152
1185	0.97238	0.0238956	0.157209
1186	0.972009	0.024305	0.167669
1187	0.972936	0.023351	0.155807
1188	0.972256	0.0239249	0.156798
1189	0.971859	0.0242525	0.167182
1190	0.971589	0.0245565	0.16076
1191	0.971818	0.0243391	0.165461
1192	0.97276	0.0235481	0.159112
1193	0.973354	0.0230486	0.153926
1194	0.973337	0.0230361	0.145437
1195	0.973315	0.0230602	0.144163
1196	0.973569	0.0228425	0.147133
1197	0.973079	0.0232492	0.145224
1198	0.974486	0.0220785	0.13944
1199	0.97392	0.0224959	0.134798
1200	0.973309	0.0230749	0.145302
1201	0.973223	0.0230248	0.142145
1202	0.973561	0.022887	0.148411
1203	0.974128	0.0223833	0.142565
1204	0.974536	0.0219671	0.13654
1205	0.973395	0.0230436	0.14872
1206	0.973769	0.0227869	0.141803
1207	0.97336	0.0231264	0.150054
1208	0.973224	0.0231233	0.149355
1209	0.973071	0.0233024	0.154372
1210	0.972849	0.0235967	0.148489
1211	0.972163	0.0241754	0.145753
1212	0.974761	0.0218342	0.134811
1213	0.974168	0.0223978	0.138063
1214	0.973377	0.0230174	0.145753
1215	0.973897	0.0226542	0.143357
1216	0.993737	0.00604393	0.0992931
1217	0.999285	0.000705606	0.117529
1218	0.999448	0.000544241	0.0927993
1219	0.999555	0.00043929	0.0709439
1220	0.999632	0.000362814	0.0541341
1221	0.999689	0.000306506	0.0423234
1222	0.999732	0.0002642	0.0341697
1223	0.999765	0.000231681	0.0281481
1224	0.999791	0.000206119	0.0234066
1225	0.999812	0.000185458	0.0199393
1226	0.999829	0.000168452	0.0172758
1227	0.999843	0.000154248	0.0151115
1228	0.999856	0.000142202	0.0133422
1229	0.999866	0.000131842	0.0119188
1230	0.999875	0.00012285	0.0107203
1231	0.999883	0.000114975	0.00970054
1232	0.99989	0.000108034	0.00879419
1233	0.999897	0.00010181	0.00809353
1234	0.999902	9.62483e-05	0.00746241
1235	0.999907	9.12403e-05	0.00689851
1236	0.999912	8.67271e-05	0.00637087
1237	0.999916	8.26138e-05	0.00590906
1238	0.99992	7.88409e-05	0.00552025
1239	0.999923	7.54028e-05	0.00513791
1240	0.999927	7.22124e-05	0.00482914
1241	0.99993	6.92692e-05	0.00454429
1242	0.999932	6.65489e-05	0.00427626
1243	0.999935	6.40095e-05	0.00404829
1244	0.999937	6.16481e-05	0.00383542
1245	0.99994	5.9432e-05	0.00365076
1246	0.999942	5.73697e-05	0.00346642
1247	0.999944	5.54389e-05	0.00329625
1248	0.999946	5.36263e-05	0.00313575
1249	0.999947	5.19284e-05	0.00297838
1250	0.999949	5.03086e-05	0.00285176
1251	0.999951	4.87942e-05	0.002718
1252	0.999952	4.73444e-05	0.00261079
1253	0.999953	4.59835e-05	0.00249858
1254	0.999955	4.46796e-05	0.00240486
1255	0.999956	4.34055e-05	0.00232121
1256	0.999957	4.22372e-05	0.0022298
1257	0.999958	4.11234e-05	0.00214592
1258	0.999959	4.00639e-05	0.00206496
1259	0.99996	3.90431e-05	0.00199602
1260	0.999961	3.80807e-05	0.00192193
1261	0.999962	3.71545e-05	0.00185535
1262	0.999963	3.62688e-05	0.00179233
1263	0.999964	3.54258e-05	0.00172792
1264	0.999965	3.45983e-05	0.001682
1265	0.999966	3.3816e-05	0.00162947
1266	0.999966	3.30682e-05	0.00157663
1267	0.999967	3.235e-05	0.0015264
1268	0.999968	3.16462e-05	0.00148783
1269	0.999969	3.09734e-05	0.00144323
1270	0.999969	3.03241e-05	0.00139827
1271	0.99997	2.97017e-05	0.00136132
1272	0.99997	2.91045e-05	0.00132248
1273	0.999971	2.85276e-05	0.0012865
1274	0.999972	2.79667e-05	0.00125534
1275	0.999972	2.74288e-05	0.00122221
1276	0.999973	2.68992e-05	0.00119353
1277	0.999973	2.6391e-05	0.00116502
1278	0.999974	2.59027e-05	0.00113759
1279	0.999974	2.5431e-05	0.00110832
1280	0.999975	2.49711e-05	0.00108398
1281	0.999975	2.45377e-05	0.00105231
1282	0.999976	2.4072e-05	0.00103339
1283	0.999976	2.36664e-05	0.00100391
1284	0.999976	2.32559e-05	0.000984839
1285	0.999977	2.2857e-05	0.000967248
1286	0.999977	2.24803e-05	0.000942921
1287	0.999978	2.21096e-05	0.000924289
1288	0.999978	2.17491e-05	0.000905439
1289	0.999978	2.1403e-05	0.000884218
1290	0.999979	2.10605e-05	0.000868187
1291	0.999979	2.07273e-05	0.000851908
1292	0.999979	2.04144e-05	0.000829066
1293	0.99998	2.00987e-05	0.000814628
1294	0.99998	1.97909e-05	0.000799974
1295	0.99998	1.95003e-05	0.000780453
1296	0.999981	1.92069e-05	0.000767404
1297	0.999981	1.89232e-05	0.000754097
1298	0.999981	1.86541e-05	0.00073622
1299	0.999981	1.83836e-05	0.000723774
1300	0.999982	1.81185e-05	0.000712264
