600	0.000173773	0.0205522	0.000173333
601	0.000162616	0.0185539	0.000162228
602	0.00017611	0.0213029	0.000175657
603	0.000179535	0.0204173	0.000179093
604	0.000173464	0.0198439	0.00017304
605	0.000174411	0.0194789	0.000173971
606	0.000168736	0.0182507	0.000168316
607	0.00017592	0.019322	0.000175483
608	0.000171527	0.0183498	0.000171109
609	0.000171261	0.0187502	0.000170838
610	0.000175185	0.019067	0.000174758
611	0.000180001	0.0186893	0.000179587
612	0.000188013	0.0197279	0.000187596
613	0.000176667	0.0177658	0.000176253
614	0.000182291	0.0186741	0.000181884
615	0.000177161	0.0184603	0.000176734
616	0.000184853	0.0188007	0.00018442
617	0.00017954	0.0176735	0.000179144
618	0.000177717	0.0168196	0.000177333
619	0.000186326	0.0179179	0.000185895
620	0.000185005	0.0178804	0.000184559
621	0.000190404	0.0182726	0.000189968
622	0.000198936	0.0193426	0.000198469
623	0.000188338	0.0175903	0.000187907
624	0.000195749	0.0186632	0.000195286
625	0.000197325	0.0188115	0.000196877
626	0.000191505	0.0178489	0.00019106
627	0.000193268	0.0181101	0.000192836
628	0.00019785	0.0182996	0.000197382
629	0.000207219	0.0198186	0.000206741
630	0.0001952	0.0180977	0.000194752
631	0.000195313	0.0181199	0.000194837
632	0.000188268	0.0172207	0.000187827
633	0.000202031	0.0190399	0.000201547
634	0.000202641	0.0188334	0.000202136
635	0.000210893	0.0202234	0.000210371
636	0.000203043	0.0191095	0.000202562
637	0.000207921	0.0198418	0.000207362
638	0.000205516	0.0184168	0.000204991
639	0.000191093	0.016984	0.000190608
640	0.000199096	0.0173424	0.00019859
641	0.000209237	0.0186851	0.000208658
642	0.000214368	0.0195766	0.00021377
643	0.00021006	0.0179654	0.000209488
644	0.000213805	0.0189114	0.000213232
645	0.000216271	0.018025	0.000215722
646	0.0002222	0.0189511	0.000221594
647	0.000220742	0.0183759	0.000220123
648	0.000229167	0.0194605	0.000228519
649	0.0002233	0.0193481	0.000222698
650	0.00024244	0.0201075	0.000241823
651	0.000237528	0.0197668	0.000236835
652	0.000231873	0.0187945	0.000231247
653	0.000237405	0.019567	0.000236791
654	0.000234883	0.0191285	0.000234216
655	0.000232843	0.0190852	0.000232196
656	0.000235943	0.0190165	0.000235289
657	0.000227205	0.0179278	0.000226552
658	0.000238706	0.0187834	0.000238054
659	0.000250683	0.0194488	0.00024996
660	0.000244676	0.0191899	0.000243978
661	0.000237301	0.0181805	0.000236556
662	0.000244456	0.0185446	0.000243724
663	0.000238741	0.0175503	0.000238065
664	0.000263079	0.0194184	0.000262353
665	0.000246605	0.0182974	0.000245901
666	0.000250097	0.0182431	0.000249357
667	0.000244186	0.0167464	0.000243489
668	0.000257166	0.0180294	0.000256456
669	0.00025978	0.0180374	0.000259032
670	0.000261757	0.0181402	0.000260997
671	0.000278	0.0196157	0.000277162
672	0.000262067	0.0171718	0.000261323
673	0.000276518	0.018729	0.000275732
674	0.000282543	0.0190003	0.000281661
675	0.000273861	0.0178565	0.000273071
676	0.000295013	0.0195978	0.000294211
677	0.000275438	0.0175273	0.000274633
678	0.000295837	0.0188266	0.000294905
679	0.000297744	0.0181946	0.000296813
680	0.00030776	0.0191934	0.000306921
681	0.000301496	0.0181005	0.00030055
682	0.000296888	0.0176681	0.000295894
683	0.000310035	0.0187563	0.000309011
684	0.00031263	0.0185457	0.000311553
685	0.000314277	0.0187877	0.000313253
686	0.000309899	0.0175577	0.00030888
687	0.000326028	0.0186458	0.000324907
688	0.000326721	0.0183494	0.000325603
689	0.000333838	0.0186028	0.000332764
690	0.00035058	0.0198343	0.000349305
691	0.000343619	0.0194982	0.000342449
692	0.000356788	0.0203646	0.000355448
693	0.00036218	0.020527	0.000360861
694	0.000352265	0.0202556	0.000351072
695	0.000370476	0.020918	0.000369159
696	0.000367071	0.0205974	0.00036572
697	0.000369327	0.0202653	0.000367911
698	0.000386866	0.0210917	0.00038522
699	0.000386831	0.021048	0.000385327
700	0.000398264	0.0215387	0.00039668
701	0.000412361	0.0225186	0.00041062
702	0.00041025	0.0216022	0.000408557
703	0.000411213	0.0213844	0.000409402
704	0.000401297	0.0194939	0.00039962
705	0.000416177	0.0210934	0.000414345
706	0.000419101	0.0204587	0.000417374
707	0.00044056	0.0225326	0.000438407
708	0.00045191	0.0229769	0.000449908
709	0.000449922	0.0220821	0.000447822
710	0.000459678	0.0224227	0.000457476
711	0.000458269	0.0220636	0.000456007
712	0.000485924	0.0234608	0.000483609
713	0.00048291	0.0231273	0.000480544
714	0.000482306	0.0230561	0.000479838
715	0.000500015	0.0230447	0.000497657
716	0.000492014	0.0237887	0.000489405
717	0.00051858	0.0242517	0.000516182
718	0.000504926	0.022416	0.000502515
719	0.000502789	0.0231738	0.000500231
720	0.00052473	0.0247102	0.00052213
721	0.000570326	0.0271977	0.000567387
722	0.000558215	0.0253925	0.0005554
723	0.000524198	0.0237253	0.00052155
724	0.00055339	0.0250632	0.000550444
725	0.000569758	0.0258566	0.000566705
726	0.000539813	0.0235703	0.000536996
727	0.000563814	0.0243144	0.000560681
728	0.000558861	0.0239565	0.00055588
729	0.000580499	0.0257966	0.000577436
730	0.00060855	0.0248912	0.000605486
731	0.00059662	0.0242298	0.000593396
732	0.000592475	0.0246628	0.000589176
733	0.00061468	0.0243996	0.000611331
734	0.000651286	0.0264255	0.000647791
735	0.000643874	0.02469	0.000640478
736	0.00067037	0.0255155	0.000666707
737	0.000681502	0.0264291	0.000677481
738	0.000695464	0.0273423	0.00069147
739	0.000710296	0.0273246	0.000706274
740	0.000714469	0.0271024	0.000710376
741	0.00067545	0.0233817	0.000671789
742	0.000723159	0.0263625	0.000719088
743	0.000731165	0.0260312	0.00072676
744	0.000761943	0.0270235	0.000757429
745	0.000732	0.0241527	0.000727586
746	0.000782509	0.0263649	0.000777935
747	0.000780219	0.0259228	0.00077542
748	0.000800599	0.0263284	0.000795808
749	0.000827387	0.0264387	0.000822412
750	0.000814373	0.0255782	0.000808952
751	0.000881312	0.0281047	0.000875721
752	0.000900909	0.0275906	0.000895254
753	0.00090444	0.0275366	0.000898707
754	0.000942602	0.0277134	0.000936514
755	0.00095465	0.0278474	0.000948742
756	0.000961068	0.0277417	0.000954854
757	0.00101306	0.0292682	0.00100667
758	0.0010278	0.0296723	0.00102109
759	0.000995942	0.0278002	0.000989518
760	0.00105805	0.0301819	0.00105064
761	0.00109633	0.0298809	0.0010887
762	0.00111591	0.0294997	0.00110815
763	0.00112729	0.0295748	0.00111926
764	0.00116873	0.0307739	0.00116052
765	0.00123502	0.0323373	0.00122649
766	0.00129349	0.034072	0.00128352
767	0.00126303	0.0317233	0.00125348
768	0.00129113	0.0320062	0.00128118
769	0.00129844	0.0305248	0.0012889
770	0.00132615	0.0314381	0.00131622
771	0.00144905	0.0347772	0.0014383
772	0.00145896	0.0342067	0.00144765
773	0.00149312	0.0344402	0.00148061
774	0.00150669	0.0334064	0.00149371
775	0.00158238	0.0355931	0.00156885
776	0.00159526	0.0349823	0.00158163
777	0.00163518	0.0349029	0.00162043
778	0.00168889	0.0363441	0.00167423
779	0.00165242	0.0340432	0.00163805
780	0.00172777	0.0350183	0.00171137
781	0.00175292	0.0355271	0.00173661
782	0.00184357	0.038529	0.00182612
783	0.00187444	0.0379303	0.00185668
784	0.00187902	0.0371443	0.00186122
785	0.00191866	0.0376959	0.0018994
786	0.0019862	0.0389818	0.00196578
787	0.00206005	0.0400072	0.00203903
788	0.00200706	0.0371718	0.00198698
789	0.00203286	0.0375811	0.00201173
790	0.0021037	0.0384907	0.00208123
791	0.00212436	0.037744	0.00210253
792	0.00218257	0.0386519	0.00215903
793	0.00227036	0.0394498	0.00224711
794	0.00232895	0.0396878	0.00230363
795	0.00239441	0.0401043	0.00236748
796	0.00237236	0.0394228	0.00234558
797	0.00239478	0.0384113	0.00236834
798	0.00249289	0.0393995	0.00246179
799	0.00268382	0.0421014	0.0026524
800	0.00274582	0.043182	0.0027106
801	0.00288362	0.0447872	0.0028494
802	0.00288199	0.0427226	0.002846
803	0.00289034	0.0427009	0.00285352
804	0.00302639	0.043248	0.00298459
805	0.00306199	0.0433436	0.0030203
806	0.0031381	0.0427821	0.00309718
807	0.00318085	0.04289	0.00313605
808	0.00327526	0.0428108	0.00323099
809	0.00336864	0.0435883	0.00331819
810	0.00351265	0.0447557	0.00345935
811	0.00364751	0.0445105	0.0035954
812	0.00365103	0.0431874	0.0035972
813	0.00389492	0.0463375	0.0038299
814	0.00400346	0.0462534	0.00394094
815	0.00398929	0.0447966	0.00392615
816	0.00410071	0.0448819	0.00403238
817	0.00433682	0.0469498	0.00426508
818	0.00447185	0.0499278	0.00439757
819	0.00455958	0.0495219	0.00448195
820	0.00460467	0.0478222	0.00452659
821	0.00480122	0.0498201	0.00471423
822	0.0049976	0.0502709	0.00490526
823	0.00521331	0.0522158	0.00511726
824	0.00537655	0.0514326	0.00527699
825	0.0054782	0.0511127	0.00537818
826	0.00568927	0.0531723	0.00557873
827	0.00592935	0.0544194	0.00581012
828	0.00605108	0.0535085	0.00592691
829	0.00637513	0.0570356	0.00624347
830	0.00640378	0.0549191	0.0062729
831	0.00646227	0.0529621	0.00632832
832	0.0067808	0.0561886	0.00663452
833	0.00684259	0.0564926	0.00668982
834	0.00713587	0.0569342	0.00697291
835	0.00722185	0.0560442	0.00705356
836	0.00740527	0.0563419	0.00723263
837	0.0078497	0.0583279	0.00766231
838	0.00797679	0.0592127	0.00777613
839	0.00812704	0.0585642	0.00792125
840	0.00842513	0.0594113	0.00821032
841	0.00875619	0.0592551	0.00852824
842	0.00907242	0.0611335	0.00883164
843	0.00934566	0.062736	0.00908002
844	0.00951139	0.0612622	0.00924408
845	0.00988626	0.0633265	0.00959546
846	0.0102328	0.0642059	0.00992571
847	0.0106041	0.0653317	0.0102796
848	0.0107964	0.0646325	0.0104614
849	0.0110962	0.0640777	0.0107598
850	0.0114857	0.0665407	0.0111041
851	0.0118578	0.0659861	0.0114769
852	0.0122501	0.0673671	0.0118287
853	0.0124555	0.0655566	0.0120243
854	0.0134028	0.069992	0.0129323
855	0.0134218	0.0687238	0.0129259
856	0.0137617	0.0681074	0.0132566
857	0.0146121	0.0709839	0.0140575
858	0.0151249	0.0729694	0.0145413
859	0.0157342	0.0734606	0.0151245
860	0.0161839	0.0735392	0.0155251
861	0.0165738	0.0731646	0.0158691
862	0.0172544	0.0757397	0.016515
863	0.0179436	0.0757404	0.0171674
864	0.0186506	0.0784272	0.0177828
865	0.0192317	0.0773732	0.018326
866	0.0201287	0.0795514	0.0191318
867	0.0207199	0.0792188	0.0196775
868	0.0217327	0.0812383	0.0206448
869	0.0226871	0.0825978	0.021494
870	0.0229891	0.0804403	0.0217698
871	0.0241968	0.0845078	0.0227927
872	0.0250514	0.0829904	0.0236096
873	0.0263566	0.0858517	0.0248201
874	0.0269887	0.0857361	0.025375
875	0.0277994	0.085649	0.0260831
876	0.0289391	0.0862982	0.0270699
877	0.0299596	0.0874922	0.0280019
878	0.0317934	0.0898194	0.0295527
879	0.033754	0.0931377	0.0312916
880	0.0337251	0.0892764	0.0312128
881	0.0355676	0.0923587	0.0327853
882	0.0369118	0.0920903	0.0339389
883	0.0383089	0.0932489	0.0351351
884	0.0399017	0.0955407	0.0364061
885	0.0412633	0.0951164	0.0375553
886	0.0429952	0.0954151	0.0389595
887	0.0448489	0.0976505	0.0403893
888	0.0470402	0.0978413	0.0422318
889	0.0485024	0.0966216	0.0434088
890	0.0513288	0.0987911	0.0457366
891	0.0537712	0.102369	0.0475785
892	0.0560558	0.101243	0.0493559
893	0.0580657	0.10224	0.0506148
894	0.0604794	0.102158	0.0525335
895	0.0626341	0.102234	0.053935
896	0.065967	0.104876	0.0564971
897	0.0687855	0.105141	0.0585267
898	0.0714003	0.103851	0.0599936
899	0.0735639	0.104293	0.0612792
900	0.0777651	0.106417	0.0642105
901	0.0815148	0.106732	0.0659712
902	0.0851903	0.106027	0.0680775
903	0.0894838	0.105661	0.0709205
904	0.0926091	0.105674	0.0714674
905	0.0982997	0.10737	0.0742068
906	0.103241	0.108087	0.0764271
907	0.108597	0.10797	0.0786427
908	0.113243	0.108333	0.080275
909	0.118854	0.107618	0.0821637
910	0.123021	0.106343	0.0820096
911	0.129663	0.107795	0.0834035
912	0.136479	0.106377	0.0848512
913	0.143474	0.106326	0.0852663
914	0.150474	0.107467	0.0851386
915	0.156004	0.107002	0.0839499
916	0.162385	0.105862	0.0846251
917	0.168499	0.105982	0.0856124
918	0.172609	0.106109	0.0860134
919	0.175023	0.10753	0.0879928
920	0.18155	0.109535	0.0878324
921	0.182554	0.108853	0.089222
922	0.184972	0.110964	0.0909723
923	0.187515	0.110937	0.092499
924	0.194489	0.112904	0.0948583
925	0.192918	0.113402	0.0941016
926	0.195664	0.112107	0.0960767
927	0.202905	0.115358	0.0972307
928	0.202301	0.115205	0.0984607
929	0.200537	0.114007	0.0981615
930	0.200079	0.115207	0.0974957
931	0.211309	0.116652	0.101332
932	0.217416	0.119376	0.103567
933	0.213537	0.118982	0.102184
934	0.212489	0.11752	0.101023
935	0.209555	0.118452	0.100333
936	0.209495	0.117106	0.100995
937	0.206062	0.118312	0.100405
938	0.224703	0.122631	0.107098
939	0.23377	0.122726	0.110362
940	0.230685	0.124207	0.109248
941	0.229396	0.121307	0.108294
942	0.227577	0.121444	0.107607
943	0.224904	0.122708	0.106493
944	0.223768	0.121775	0.10717
945	0.222741	0.120602	0.104794
946	0.220703	0.120311	0.105154
947	0.221912	0.123771	0.106672
948	0.219915	0.121916	0.104666
949	0.217955	0.120275	0.104149
950	0.246029	0.126447	0.115515
951	0.258082	0.129927	0.11899
952	0.256183	0.130454	0.117751
953	0.25378	0.128441	0.117125
954	0.254256	0.128654	0.116644
955	0.252007	0.129808	0.115379
956	0.249702	0.129196	0.116766
957	0.248748	0.127093	0.117327
958	0.24684	0.130068	0.11611
959	0.245174	0.128664	0.115451
960	0.243021	0.126364	0.113209
960	0.243021	0.126364	0.113209
961	0.241834	0.126604	0.112264
962	0.242375	0.127273	0.112039
963	0.238409	0.125714	0.112126
964	0.237545	0.126426	0.113059
965	0.234478	0.125161	0.112367
966	0.235084	0.124225	0.11155
967	0.231133	0.124387	0.111036
968	0.230943	0.125226	0.109787
969	0.23254	0.125987	0.110186
970	0.227368	0.126126	0.110334
971	0.225578	0.125546	0.108786
972	0.226717	0.125737	0.11007
973	0.291441	0.137628	0.134518
974	0.298075	0.140713	0.135054
975	0.297581	0.140619	0.136551
976	0.295366	0.142661	0.135719
977	0.295632	0.138994	0.13524
978	0.294859	0.138889	0.136815
979	0.292891	0.141332	0.133447
980	0.29262	0.13807	0.134777
981	0.28848	0.136461	0.131475
982	0.287022	0.141059	0.129718
983	0.286445	0.139682	0.131542
984	0.285973	0.13728	0.129341
985	0.285305	0.13803	0.129419
986	0.283127	0.13885	0.128968
987	0.279361	0.138654	0.129769
988	0.279006	0.138159	0.129325
989	0.275845	0.138372	0.127362
990	0.273902	0.138319	0.126831
991	0.273373	0.136942	0.129188
992	0.270788	0.133995	0.125954
993	0.272734	0.13591	0.127405
994	0.269546	0.136501	0.126346
995	0.265692	0.137475	0.125076
996	0.264686	0.135075	0.126476
997	0.263489	0.136157	0.124512
998	0.263557	0.136297	0.12402
999	0.261172	0.135229	0.123713
1000	0.258806	0.136217	0.123606
1001	0.257406	0.134083	0.121591
1002	0.254328	0.135262	0.123005
1003	0.255562	0.13495	0.122932
1004	0.253079	0.135487	0.120105
1005	0.250583	0.131554	0.119462
1006	0.251032	0.133304	0.119471
1007	0.249561	0.131876	0.119011
1008	0.249074	0.133667	0.119907
1009	0.246027	0.133283	0.117832
1010	0.24406	0.131524	0.117824
1011	0.243539	0.133103	0.117639
1012	0.241696	0.13027	0.116387
1013	0.240715	0.13061	0.117297
1014	0.237649	0.131188	0.115594
1015	0.237445	0.131256	0.116463
1016	0.23566	0.12957	0.115226
1017	0.233099	0.13052	0.115181
1018	0.232729	0.131369	0.114471
1019	0.23229	0.12891	0.113118
1020	0.230818	0.128208	0.113406
1021	0.229156	0.12734	0.112146
1022	0.227619	0.128914	0.110528
1023	0.226588	0.129551	0.112209
1024	0.22579	0.128092	0.11014
1025	0.222152	0.128386	0.110171
1026	0.347379	0.153214	0.154602
1027	0.39303	0.162905	0.169027
1028	0.391908	0.159112	0.168589
1029	0.392525	0.15943	0.167067
1030	0.391026	0.156396	0.167469
1031	0.39002	0.157739	0.168371
1032	0.38773	0.159443	0.167914
1033	0.386335	0.159848	0.166909
1034	0.387817	0.159672	0.166056
1035	0.383632	0.157566	0.165938
1036	0.383424	0.159545	0.164032
1037	0.380509	0.159804	0.165886
1038	0.381157	0.158448	0.165716
1039	0.378877	0.159429	0.168473
1040	0.376443	0.160501	0.165858
1041	0.377095	0.157853	0.163168
1042	0.376306	0.159994	0.162308
1043	0.374378	0.162031	0.163644
1044	0.371989	0.158033	0.162859
1045	0.370528	0.156197	0.162827
1046	0.367653	0.159698	0.159562
1047	0.368968	0.158857	0.162492
1048	0.364324	0.158878	0.164369
1049	0.365874	0.157568	0.162372
1050	0.367427	0.156753	0.162195
1051	0.364516	0.156417	0.163033
1052	0.363859	0.15716	0.162908
1053	0.359234	0.157569	0.157786
1054	0.358403	0.158675	0.16059
1055	0.360493	0.157475	0.159838
1056	0.358573	0.156632	0.160013
1057	0.356576	0.156082	0.159831
1058	0.355247	0.156236	0.15946
1059	0.353676	0.158488	0.159844
1060	0.354682	0.158956	0.159261
1061	0.352974	0.157924	0.157488
1062	0.351825	0.155479	0.158716
1063	0.348053	0.161195	0.157987
1064	0.34792	0.157802	0.158599
1065	0.344319	0.157612	0.15473
1066	0.343331	0.158859	0.156004
1067	0.341583	0.155904	0.154174
1068	0.341289	0.154688	0.154463
1069	0.341249	0.157968	0.154147
1070	0.341407	0.155848	0.156653
1071	0.340305	0.158726	0.155272
1072	0.338561	0.156364	0.154811
1073	0.336928	0.156033	0.153015
1074	0.334148	0.153787	0.154187
1075	0.335117	0.153746	0.153238
1076	0.32954	0.156095	0.151889
1077	0.331796	0.155285	0.153191
1078	0.331473	0.157608	0.15237
1079	0.328699	0.157315	0.152242
1080	0.326617	0.156727	0.152387
1081	0.327135	0.153638	0.150645
1082	0.325101	0.157444	0.150454
1083	0.322604	0.154151	0.149988
1084	0.320788	0.153434	0.149405
1085	0.322038	0.153129	0.151738
1086	0.319145	0.153887	0.149277
1087	0.319396	0.154676	0.149093
1088	0.314813	0.156266	0.146512
1089	0.315422	0.152579	0.147473
1090	0.312432	0.153492	0.147301
1091	0.317296	0.153725	0.148276
1092	0.312775	0.153192	0.147214
1093	0.310988	0.15536	0.146935
1094	0.309018	0.155425	0.14722
1095	0.310928	0.153121	0.145736
1096	0.306844	0.151773	0.144359
1097	0.306617	0.156496	0.14402
1098	0.306577	0.152576	0.147591
1099	0.305174	0.15433	0.14315
1100	0.306008	0.15264	0.145695
1101	0.302685	0.152971	0.144875
1102	0.299269	0.152342	0.145036
1103	0.300237	0.152038	0.143434
1104	0.300276	0.153461	0.141771
1105	0.298972	0.152673	0.140806
1106	0.296747	0.151535	0.143215
1107	0.294603	0.151807	0.142833
1108	0.292593	0.154668	0.140299
1109	0.294189	0.15141	0.144976
1110	0.29265	0.151849	0.14071
1111	0.290543	0.152353	0.141078
1112	0.290446	0.15194	0.140993
1113	0.289282	0.15062	0.142424
1114	0.285826	0.151207	0.138465
1115	0.285285	0.150335	0.139208
1116	0.285593	0.150537	0.138479
1117	0.282732	0.151897	0.137839
1118	0.282156	0.151204	0.138058
1119	0.281348	0.151582	0.136288
1120	0.279112	0.15074	0.137347
1121	0.275454	0.150113	0.13489
1122	0.279346	0.151089	0.134899
1123	0.275932	0.148538	0.13523
1124	0.275573	0.146087	0.13528
1125	0.273116	0.150422	0.134294
1126	0.272543	0.148198	0.13297
1127	0.272426	0.149478	0.135235
1128	0.271242	0.148755	0.133392
1129	0.270624	0.149979	0.134601
1130	0.26696	0.148791	0.13318
1131	0.265977	0.149095	0.133567
1132	0.265527	0.147784	0.132267
1133	0.264802	0.148609	0.133346
1134	0.262867	0.14657	0.130241
1135	0.264424	0.148743	0.13204
1136	0.263717	0.147946	0.13364
1137	0.2616	0.150361	0.131511
1138	0.258338	0.146061	0.127829
1139	0.256735	0.144716	0.128414
1140	0.258638	0.146487	0.129731
1141	0.257087	0.147195	0.128202
1142	0.25323	0.144762	0.128031
1143	0.253233	0.146755	0.127072
1144	0.2507	0.146635	0.127811
1145	0.248831	0.144771	0.126093
1146	0.249601	0.145697	0.127011
1147	0.246405	0.143643	0.126381
1148	0.24694	0.145706	0.127592
1149	0.245981	0.142966	0.126859
1150	0.24565	0.145827	0.126974
1151	0.241873	0.144434	0.125589
1152	0.241967	0.144014	0.125012
1153	0.240845	0.144085	0.123736
1154	0.241019	0.142705	0.124408
1155	0.238374	0.1434	0.123607
1156	0.237666	0.146763	0.123586
1157	0.234774	0.142999	0.122217
1158	0.23383	0.142668	0.121696
1159	0.23535	0.142693	0.122982
1160	0.233041	0.142332	0.12023
1161	0.230989	0.142309	0.119815
1162	0.230389	0.143359	0.119656
1163	0.22644	0.141588	0.118025
1164	0.226958	0.139844	0.119477
1165	0.22446	0.140157	0.11902
1166	0.222416	0.140839	0.115618
1167	0.222871	0.137571	0.116123
1168	0.221138	0.139836	0.117223
1169	0.218153	0.138422	0.11523
1170	0.215485	0.136915	0.113881
1171	0.214326	0.139596	0.115766
1172	0.213797	0.139664	0.112962
1173	0.212732	0.137321	0.114813
1174	0.210447	0.139246	0.113235
1175	0.208341	0.135018	0.11118
1176	0.206212	0.136112	0.110392
1177	0.207776	0.137005	0.111099
1178	0.205824	0.136958	0.111717
1179	0.201531	0.135839	0.109771
1180	0.201415	0.136496	0.109513
1181	0.200066	0.134774	0.108197
1182	0.198383	0.133592	0.108062
1183	0.196048	0.131221	0.10658
1184	0.194914	0.132657	0.105779
1185	0.193665	0.131227	0.105241
1186	0.191052	0.131717	0.104474
1187	0.19124	0.131089	0.104035
1188	0.189676	0.131779	0.104135
1189	0.188168	0.131582	0.104372
1190	0.186978	0.131001	0.10285
1191	0.18431	0.12963	0.102591
1192	0.183586	0.129503	0.101584
1193	0.181948	0.129829	0.101406
1194	0.182988	0.128897	0.101834
1195	0.181067	0.129149	0.101181
1196	0.178947	0.128378	0.100745
1197	0.177526	0.129034	0.0982987
1198	0.177638	0.130371	0.0991065
1199	0.174437	0.126737	0.097685
1200	0.17475	0.127009	0.0971881
1201	0.170696	0.127489	0.0957644
1202	0.171815	0.1249	0.0956332
1203	0.171333	0.126174	0.095789
1204	0.168394	0.125926	0.0947945
1205	0.166929	0.128273	0.0937459
1206	0.164079	0.126226	0.0926906
1207	0.166224	0.124318	0.0940971
1208	0.163078	0.12266	0.0907294
1209	0.164529	0.125999	0.0927559
1210	0.160505	0.122026	0.0912994
1211	0.160057	0.119726	0.0907236
1212	0.160065	0.120867	0.0919347
1213	0.160087	0.122903	0.0907719
1214	0.15865	0.119396	0.0888804
1215	0.159807	0.119508	0.0890538
1216	0.762794	0.0894005	0.187815
1217	0.974548	0.0229996	0.280743
1218	0.980214	0.0177836	0.218982
1219	0.983893	0.0143808	0.174997
1220	0.986496	0.0119693	0.14409
1221	0.98842	0.0102117	0.119579
1222	0.989905	0.00885284	0.10118
1223	0.991081	0.00778287	0.0864594
1224	0.992032	0.00692005	0.0746309
1225	0.992816	0.00621244	0.064969
1226	0.993472	0.00561849	0.0572386
1227	0.994027	0.00511997	0.0506613
1228	0.994503	0.00469492	0.0451207
1229	0.994914	0.00432675	0.0405104
1230	0.995274	0.00400654	0.0365724
1231	0.99559	0.00372582	0.0331856
1232	0.995869	0.00347936	0.0302049
1233	0.996119	0.00325817	0.0276946
1234	0.996342	0.00306199	0.02544
1235	0.996544	0.00288641	0.0234321
1236	0.996726	0.00272594	0.0217202
1237	0.996892	0.00258188	0.0201509
1238	0.997043	0.00245065	0.0187517
1239	0.997182	0.00232943	0.0175342
1240	0.997309	0.0022197	0.0163973
1241	0.997427	0.00211778	0.015399
1242	0.997536	0.00202354	0.0144947
1243	0.997637	0.0019379	0.0136332
1244	0.997731	0.00185819	0.0128528
1245	0.997818	0.00178365	0.0121526
1246	0.997899	0.00171409	0.0115117
1247	0.997976	0.00164928	0.0109186
1248	0.998047	0.00158848	0.0103757
1249	0.998114	0.00153187	0.00986389
1250	0.998178	0.00147834	0.00939819
1251	0.998237	0.00142777	0.00896931
1252	0.998293	0.00138012	0.00857177
1253	0.998347	0.0013348	0.00820817
1254	0.998397	0.00129255	0.00785739
1255	0.998445	0.00125218	0.00753744
1256	0.99849	0.00121467	0.00721982
1257	0.998533	0.00117903	0.00692652
1258	0.998574	0.00114507	0.00665223
1259	0.998613	0.00111224	0.00640515
1260	0.99865	0.00108126	0.00616673
1261	0.998686	0.00105156	0.00594551
1262	0.99872	0.00102351	0.00573139
1263	0.998752	0.000996527	0.00553247
1264	0.998783	0.000970225	0.00535297
1265	0.998813	0.000945545	0.00517481
1266	0.998842	0.000921865	0.00500664
1267	0.998869	0.000898662	0.0048549
1268	0.998895	0.00087675	0.00470458
1269	0.998921	0.000855406	0.00456708
1270	0.998945	0.000835266	0.00443033
1271	0.998968	0.000815735	0.00430261
1272	0.998991	0.000796892	0.00417794
1273	0.999013	0.000778941	0.0040604
1274	0.999034	0.000761546	0.00394801
1275	0.999054	0.000744941	0.00384041
1276	0.999073	0.00072921	0.00373198
1277	0.999092	0.000713876	0.00363181
1278	0.99911	0.000698997	0.00353509
1279	0.999128	0.000684829	0.00344062
1280	0.999145	0.000671032	0.00335213
1281	0.999161	0.000657462	0.00327111
1282	0.999177	0.000644369	0.00318669
1283	0.999193	0.000632012	0.0031068
1284	0.999208	0.000619988	0.0030306
1285	0.999222	0.000608239	0.00295893
1286	0.999236	0.000596794	0.00289102
1287	0.999249	0.000585919	0.00282213
1288	0.999263	0.000575442	0.00275521
1289	0.999275	0.000564896	0.00269605
1290	0.999288	0.000555113	0.00263259
1291	0.9993	0.000545233	0.0025759
1292	0.999312	0.000535854	0.00251866
1293	0.999323	0.000526629	0.00246524
1294	0.999334	0.000517736	0.00241213
1295	0.999345	0.000509286	0.00235846
1296	0.999355	0.000500965	0.00230788
1297	0.999365	0.000492825	0.00225982
1298	0.999375	0.000484845	0.00221423
1299	0.999385	0.00047719	0.00216873
1300	0.999394	0.000469472	0.00212745
