600	0.000103267	0.0152613	0.000103098
601	0.000105553	0.0147791	0.000105366
602	0.000112188	0.0159389	0.000111986
603	0.000103815	0.0139585	0.000103628
604	0.000107786	0.0151195	0.000107597
605	0.000104552	0.0144884	0.000104376
606	0.00010473	0.0140432	0.000104558
607	0.000104256	0.0137822	0.000104081
608	0.000105773	0.0133136	0.000105599
609	0.000109339	0.0137954	0.000109153
610	0.000109009	0.014034	0.000108818
611	0.000114364	0.0147248	0.000114169
612	0.000115615	0.0144885	0.000115448
613	0.0001101	0.0133525	0.000109934
614	0.000113571	0.0139591	0.000113398
615	0.000114487	0.0143119	0.0001143
616	0.000112827	0.0141977	0.000112623
617	0.000115509	0.0151143	0.000115301
618	0.000115548	0.0142573	0.000115345
619	0.000119499	0.0152425	0.000119277
620	0.000113373	0.0139404	0.000113166
621	0.000108198	0.0128963	0.000108011
622	0.000120459	0.0155021	0.000120237
623	0.000118222	0.014844	0.000117997
624	0.000120857	0.0151889	0.000120613
625	0.000127682	0.016545	0.000127445
626	0.000119486	0.014791	0.000119236
627	0.000126409	0.0164448	0.00012614
628	0.000118938	0.0144947	0.000118696
629	0.000114475	0.0136054	0.000114226
630	0.000126508	0.0156737	0.000126234
631	0.000128486	0.0160592	0.000128194
632	0.000127754	0.0154828	0.000127466
633	0.000123839	0.0147679	0.000123561
634	0.000125357	0.0142719	0.000125071
635	0.000137035	0.0163674	0.000136717
636	0.000132302	0.0149674	0.000131996
637	0.000139361	0.0159646	0.000139056
638	0.000135331	0.0158549	0.000135026
639	0.000133183	0.0154746	0.000132874
640	0.000143604	0.0164576	0.00014325
641	0.000140739	0.0160338	0.000140396
642	0.000138718	0.0156798	0.000138377
643	0.000139926	0.0156393	0.000139584
644	0.000134813	0.0151971	0.000134511
645	0.000143647	0.0160982	0.00014332
646	0.000130289	0.0137871	0.000129985
647	0.000136615	0.0148492	0.000136281
648	0.000144564	0.0152506	0.000144208
649	0.000146569	0.0158707	0.000146225
650	0.000141058	0.0148967	0.000140713
651	0.000143501	0.014969	0.00014315
652	0.00013452	0.0132112	0.00013419
653	0.000157923	0.0162218	0.000157529
654	0.000146193	0.0146712	0.000145839
655	0.000145432	0.0144684	0.000145078
656	0.000146739	0.0140021	0.000146366
657	0.000149331	0.0144045	0.000148958
658	0.000150975	0.0144274	0.000150594
659	0.000151166	0.0142204	0.000150824
660	0.000159774	0.0146999	0.000159391
661	0.000159267	0.0143235	0.000158896
662	0.000164609	0.0150513	0.000164195
663	0.000164224	0.0142624	0.000163842
664	0.000164243	0.0146915	0.000163804
665	0.00017606	0.0156272	0.000175666
666	0.000160884	0.0136369	0.00016051
667	0.000177723	0.0153614	0.000177272
668	0.000175812	0.014582	0.000175395
669	0.000186365	0.0158283	0.000185941
670	0.00018186	0.0146448	0.000181441
671	0.000178724	0.0145725	0.000178241
672	0.000185374	0.0147954	0.000184923
673	0.000185561	0.01453	0.000185142
674	0.000182217	0.0142338	0.000181813
675	0.000184694	0.0139905	0.000184235
676	0.000190285	0.0142336	0.000189819
677	0.000197434	0.0147506	0.000196974
678	0.000202527	0.0153821	0.000202024
679	0.000204047	0.0156819	0.000203513
680	0.000204651	0.0157028	0.000204131
681	0.000212565	0.016069	0.000212032
682	0.000215508	0.0168701	0.000214933
683	0.000213718	0.0167458	0.000213157
684	0.000214851	0.0156832	0.000214285
685	0.000217157	0.0165302	0.00021659
686	0.000219943	0.0163903	0.000219339
687	0.000220252	0.0155916	0.000219634
688	0.000230906	0.0170981	0.000230263
689	0.000244803	0.0180904	0.000244058
690	0.000244323	0.017314	0.000243589
691	0.000236988	0.0164717	0.000236261
692	0.000234669	0.0157336	0.000233909
693	0.000239696	0.016209	0.000238934
694	0.00025275	0.0168356	0.000251947
695	0.000236283	0.0160005	0.000235507
696	0.000255584	0.0180035	0.000254753
697	0.000258596	0.0177981	0.000257706
698	0.000248891	0.0165377	0.000248041
699	0.000250755	0.0163071	0.000249841
700	0.000252478	0.0166326	0.000251542
701	0.000266917	0.0169356	0.000265973
702	0.000251322	0.0163998	0.0002504
703	0.000264204	0.0165236	0.000263255
704	0.000264984	0.0173437	0.000263866
705	0.0002754	0.0178068	0.000274322
706	0.000274203	0.0169244	0.000273051
707	0.000256475	0.0156558	0.000255459
708	0.000272702	0.0174089	0.000271621
709	0.0003003	0.0198092	0.000299067
710	0.000288989	0.0177874	0.000287737
711	0.000281255	0.017263	0.000280032
712	0.00028799	0.0178427	0.000286762
713	0.000299675	0.0182629	0.000298361
714	0.000285635	0.0171601	0.000284485
715	0.000302055	0.0178635	0.000300836
716	0.000292407	0.0167117	0.000291212
717	0.000310762	0.0188564	0.00030942
718	0.000312517	0.0178283	0.000311277
719	0.000307744	0.0167194	0.000306341
720	0.000305765	0.0167686	0.00030435
721	0.000321246	0.0181074	0.000319867
722	0.000346014	0.0197521	0.000344462
723	0.000330643	0.0170144	0.000329197
724	0.000346265	0.0188801	0.00034472
725	0.000350822	0.0187897	0.000349321
726	0.000353195	0.0185166	0.00035177
727	0.000370786	0.019663	0.000369252
728	0.000356467	0.0184426	0.00035492
729	0.000344834	0.0164421	0.000343358
730	0.000362894	0.0178966	0.000361285
731	0.000372873	0.0182367	0.000371169
732	0.000392394	0.0191233	0.000390681
733	0.000371934	0.0173818	0.000370359
734	0.000398255	0.017614	0.000396645
735	0.00041155	0.0186539	0.000409787
736	0.000412389	0.0185999	0.000410599
737	0.000419235	0.0183378	0.000417368
738	0.000426354	0.0182084	0.000424331
739	0.00045594	0.0203468	0.000453856
740	0.000452314	0.0184764	0.000450326
741	0.000446914	0.0188901	0.000444808
742	0.00049023	0.0205968	0.000488006
743	0.000471117	0.0190471	0.00046879
744	0.000482824	0.0190043	0.000480465
745	0.000498105	0.0200461	0.000495694
746	0.000505081	0.019805	0.000502573
747	0.000500391	0.0202962	0.000497698
748	0.000528222	0.0209259	0.000525456
749	0.000519862	0.01849	0.00051718
750	0.000553303	0.020822	0.000550288
751	0.000551727	0.0205438	0.00054875
752	0.000575009	0.0214508	0.000571695
753	0.000596637	0.0218954	0.000593299
754	0.000603861	0.0224318	0.000600168
755	0.000624079	0.0224963	0.000620799
756	0.000624294	0.021366	0.00062079
757	0.000604761	0.020122	0.00060149
758	0.000640583	0.0214297	0.000636837
759	0.000691239	0.022865	0.000687028
760	0.000713251	0.0233948	0.000709168
761	0.000725256	0.0220921	0.000720974
762	0.000773454	0.0253263	0.000769031
763	0.000776102	0.0242528	0.000771415
764	0.000757356	0.0222459	0.00075265
765	0.000812171	0.0247289	0.000807126
766	0.000819205	0.0245623	0.000814005
767	0.000827062	0.023693	0.000821663
768	0.000852225	0.0241927	0.000846753
769	0.000877811	0.0256914	0.000871893
770	0.000903364	0.0262786	0.00089736
771	0.000928342	0.0263143	0.00092215
772	0.000951383	0.0270769	0.000944887
773	0.000953341	0.0261129	0.000947021
774	0.000995717	0.0269376	0.000988508
775	0.000963226	0.0250829	0.000956355
776	0.000993657	0.0264465	0.000986257
777	0.00100859	0.0261116	0.00100164
778	0.00102608	0.0258939	0.00101866
779	0.00104187	0.0253541	0.00103446
780	0.00108877	0.0272339	0.00108046
781	0.00111141	0.0270537	0.00110276
782	0.00114915	0.0275068	0.00114001
783	0.0011265	0.0271479	0.00111757
784	0.0011289	0.0254355	0.00111943
785	0.00117393	0.025484	0.00116383
786	0.00127236	0.0278862	0.00126183
787	0.00130306	0.0286994	0.00129194
788	0.00137913	0.0308301	0.00136697
789	0.0014048	0.030353	0.00139244
790	0.00140528	0.0290229	0.00139312
791	0.00145269	0.029201	0.00143952
792	0.00143288	0.0279564	0.00141853
793	0.00150384	0.0289832	0.00148994
794	0.00153981	0.0297156	0.00152404
795	0.00156441	0.0291095	0.00154885
796	0.00163923	0.030956	0.0016219
797	0.00168098	0.0297191	0.00166348
798	0.00171	0.0298575	0.00169192
799	0.00174887	0.0296188	0.00173075
800	0.00189717	0.032485	0.00187508
801	0.00187316	0.0309479	0.00185232
802	0.00191948	0.0306208	0.00189975
803	0.0019983	0.031448	0.00197539
804	0.00209936	0.0332819	0.00207521
805	0.00213339	0.0346045	0.00210878
806	0.00219939	0.0340615	0.00217311
807	0.00220016	0.0334177	0.00217406
808	0.00229269	0.0344883	0.00226322
809	0.00246695	0.0367502	0.00243439
810	0.00246709	0.0359824	0.00243413
811	0.00254122	0.0349822	0.00250842
812	0.00257319	0.0357159	0.00253854
813	0.00272111	0.0362215	0.00268405
814	0.00283784	0.0380979	0.00279885
815	0.00287482	0.0379677	0.00283219
816	0.003052	0.0394489	0.00300949
817	0.00307225	0.0381297	0.00302745
818	0.00311732	0.0381657	0.00307125
819	0.0031093	0.0376828	0.00306304
820	0.00331593	0.0400998	0.00326594
821	0.00337266	0.0387525	0.00331724
822	0.00342874	0.0384227	0.00337613
823	0.00361596	0.0400676	0.00355682
824	0.00373024	0.0415671	0.00366802
825	0.0037976	0.0405824	0.00373406
826	0.00387908	0.0406368	0.0038135
827	0.00406731	0.0414359	0.00399523
828	0.00422934	0.043276	0.00414978
829	0.00432968	0.0431603	0.00425074
830	0.00443068	0.042657	0.00434799
831	0.00454516	0.0438149	0.00445344
832	0.00468251	0.0444644	0.00458371
833	0.00489331	0.0457253	0.00479238
834	0.00498425	0.045553	0.00487916
835	0.00505441	0.0442946	0.00494624
836	0.00527856	0.0466558	0.00516152
837	0.00547613	0.0465427	0.00535493
838	0.00560829	0.0471301	0.00547966
839	0.00574877	0.046237	0.00561323
840	0.00612701	0.0486975	0.00598144
841	0.00620281	0.048505	0.00605526
842	0.00631339	0.0476369	0.00616284
843	0.00674805	0.0504276	0.00657879
844	0.00693826	0.0510822	0.00675946
845	0.00723475	0.0513291	0.0070452
846	0.00741665	0.0512544	0.00722434
847	0.00754528	0.0506767	0.00734021
848	0.00787443	0.052416	0.00767359
849	0.00832733	0.0553608	0.00808268
850	0.00852923	0.055895	0.00826141
851	0.00880549	0.0544885	0.00854316
852	0.00929498	0.0564505	0.00901025
853	0.00962579	0.0575705	0.00932025
854	0.00993871	0.0578066	0.00962673
855	0.0102833	0.0584141	0.00994555
856	0.0105199	0.0580776	0.010164
857	0.011146	0.0604956	0.0107588
858	0.0115035	0.0603628	0.0110833
859	0.0118041	0.0604527	0.0113601
860	0.0121443	0.060677	0.0116795
861	0.0127602	0.0616704	0.0122758
862	0.0130514	0.0610416	0.0125151
863	0.0134921	0.062908	0.0129219
864	0.0146111	0.0651265	0.0139878
865	0.0152257	0.0671134	0.0145632
866	0.0153363	0.0655839	0.0146256
867	0.0161806	0.067658	0.0154086
868	0.0165573	0.0676358	0.0157524
869	0.0176291	0.0705212	0.0167519
870	0.0179258	0.0691894	0.0170158
871	0.0185975	0.0691146	0.0175986
872	0.0194185	0.0697012	0.01836
873	0.020475	0.073042	0.0192771
874	0.0211674	0.0722994	0.0199333
875	0.0222314	0.0737138	0.0208455
876	0.0232386	0.0759852	0.021736
877	0.0241631	0.0763926	0.022585
878	0.0251046	0.076211	0.0234077
879	0.0262354	0.0782153	0.0244128
880	0.0267818	0.0770966	0.0249109
881	0.0283445	0.0804389	0.0262485
882	0.0293899	0.0811363	0.0271742
883	0.0306661	0.0808887	0.028255
884	0.0312891	0.0806655	0.028695
885	0.0331847	0.0823188	0.0303816
886	0.0349085	0.083748	0.0317442
887	0.03674	0.0854213	0.0332369
888	0.0383433	0.0856372	0.0345194
889	0.0392612	0.0839163	0.0352052
890	0.0416058	0.0861352	0.036985
891	0.0438274	0.0881133	0.0387735
892	0.0463888	0.0894928	0.0408191
893	0.0481374	0.0888259	0.0422038
894	0.0508464	0.0916477	0.0442266
895	0.0527066	0.0903415	0.0455544
896	0.0551665	0.0908973	0.0473526
897	0.0582858	0.0936783	0.049684
898	0.060771	0.0931961	0.0511507
899	0.0637187	0.0942413	0.0529262
900	0.0665899	0.0944024	0.0546171
901	0.0694255	0.0942792	0.0564306
902	0.0738491	0.0970803	0.0590696
903	0.0772891	0.0955992	0.0606385
904	0.0799191	0.0966821	0.061703
905	0.0855585	0.0976733	0.0647693
906	0.0879149	0.0952196	0.0654875
907	0.0922063	0.09691	0.0671302
908	0.0971155	0.0973944	0.069279
909	0.102917	0.0985382	0.0713236
910	0.108004	0.099507	0.0722536
911	0.113071	0.0973654	0.0736489
912	0.118371	0.0969678	0.0739877
913	0.124875	0.0990611	0.0752445
914	0.130867	0.0980619	0.0744398
915	0.137075	0.0983748	0.0751075
916	0.143557	0.0993723	0.0758295
917	0.148727	0.0996588	0.0767709
918	0.152603	0.0999716	0.0779758
919	0.154798	0.0996545	0.0791345
920	0.159069	0.102264	0.0810546
921	0.161519	0.102878	0.0817652
922	0.163804	0.104199	0.0841827
923	0.168322	0.105907	0.0850505
924	0.174391	0.106098	0.0866561
925	0.170423	0.105929	0.0852371
926	0.174813	0.107307	0.0877496
927	0.181222	0.108382	0.0909628
928	0.180307	0.111089	0.0896607
929	0.178487	0.107848	0.0885033
930	0.17609	0.107235	0.0870872
931	0.189303	0.112853	0.0930249
932	0.193824	0.112612	0.0947781
933	0.191811	0.111879	0.0940686
934	0.189423	0.112357	0.0942
935	0.188792	0.111769	0.0933103
936	0.188111	0.109492	0.0922141
937	0.185829	0.111857	0.0912491
938	0.203343	0.114931	0.0976611
939	0.209638	0.115697	0.101207
940	0.208334	0.117604	0.101208
941	0.20617	0.116706	0.100427
942	0.206657	0.116484	0.100965
943	0.203118	0.11558	0.0990058
944	0.201681	0.118226	0.0971228
945	0.199019	0.113622	0.0955298
946	0.200089	0.114895	0.0960043
947	0.197592	0.112005	0.0964436
948	0.195873	0.114318	0.0970566
949	0.193853	0.114387	0.0955641
950	0.223851	0.120857	0.106809
951	0.231325	0.123303	0.110282
952	0.230675	0.124364	0.109818
953	0.233461	0.125033	0.110548
954	0.227596	0.124554	0.109646
955	0.225688	0.1245	0.108212
956	0.224337	0.124155	0.108348
957	0.222967	0.122489	0.107927
958	0.222144	0.122621	0.10764
959	0.221567	0.122483	0.108233
960	0.220014	0.125115	0.107028
960	0.220014	0.125115	0.107028
961	0.220388	0.12073	0.106912
962	0.217753	0.120731	0.107092
963	0.217498	0.12317	0.105344
964	0.215858	0.1195	0.105306
965	0.212618	0.119127	0.10344
966	0.211165	0.119729	0.101512
967	0.209881	0.120392	0.103413
968	0.209273	0.118107	0.101996
969	0.209822	0.119156	0.101662
970	0.206476	0.119171	0.100215
971	0.204621	0.117648	0.101072
972	0.204646	0.118171	0.100437
973	0.26821	0.134621	0.124384
974	0.273756	0.13512	0.126264
975	0.272644	0.136235	0.125737
976	0.270377	0.134644	0.125149
977	0.273215	0.135004	0.127311
978	0.267229	0.134819	0.125305
979	0.265449	0.134666	0.124413
980	0.264064	0.135367	0.125129
981	0.26435	0.136175	0.123933
982	0.263128	0.135617	0.121939
983	0.260148	0.133322	0.123361
984	0.257376	0.135016	0.121445
985	0.256393	0.13243	0.12087
986	0.253801	0.133638	0.122144
987	0.254602	0.134836	0.122904
988	0.251882	0.131825	0.119826
989	0.250269	0.1335	0.118707
990	0.251336	0.132292	0.11868
991	0.248	0.132811	0.117251
992	0.247562	0.133224	0.117411
993	0.244851	0.130635	0.118085
994	0.243826	0.130289	0.116688
995	0.242624	0.1297	0.117436
996	0.24164	0.128739	0.11599
997	0.238066	0.12922	0.115453
998	0.23868	0.132061	0.115419
999	0.235552	0.130659	0.115799
1000	0.233642	0.131223	0.113442
1001	0.231794	0.130874	0.113484
1002	0.233306	0.129149	0.113918
1003	0.230614	0.127915	0.112648
1004	0.229628	0.126409	0.11216
1005	0.228446	0.126834	0.110688
1006	0.226599	0.128525	0.111346
1007	0.225733	0.126923	0.110242
1008	0.222406	0.12741	0.109223
1009	0.218788	0.125823	0.10911
1010	0.220743	0.126166	0.110197
1011	0.217713	0.12787	0.108679
1012	0.218626	0.126476	0.107992
1013	0.217204	0.125168	0.107552
1014	0.21513	0.124629	0.107735
1015	0.212386	0.125438	0.10562
1016	0.211451	0.125029	0.106353
1017	0.213086	0.126061	0.105695
1018	0.20864	0.121833	0.103896
1019	0.208533	0.124876	0.103863
1020	0.205094	0.123916	0.104329
1021	0.205031	0.122366	0.104307
1022	0.204839	0.123617	0.104612
1023	0.202212	0.122421	0.102395
1024	0.201951	0.121563	0.101171
1025	0.200841	0.120972	0.101367
1026	0.327543	0.150276	0.150176
1027	0.370937	0.15594	0.162877
1028	0.369529	0.155984	0.161571
1029	0.3677	0.157792	0.159596
1030	0.368129	0.157172	0.162233
1031	0.36409	0.157553	0.163423
1032	0.365718	0.15763	0.161207
1033	0.366763	0.155435	0.161673
1034	0.363688	0.158171	0.162051
1035	0.363614	0.157712	0.160058
1036	0.357724	0.157128	0.157673
1037	0.360238	0.15758	0.160184
1038	0.35988	0.156348	0.157213
1039	0.358403	0.154368	0.159923
1040	0.356473	0.15644	0.159618
1041	0.353219	0.158082	0.156701
1042	0.35421	0.157576	0.159619
1043	0.353619	0.156222	0.155772
1044	0.353236	0.156944	0.157938
1045	0.349754	0.156851	0.156132
1046	0.348871	0.156849	0.15779
1047	0.346136	0.157344	0.156406
1048	0.343445	0.158154	0.152622
1049	0.34314	0.155429	0.154821
1050	0.342613	0.152888	0.154563
1051	0.33979	0.157662	0.152646
1052	0.341917	0.154168	0.15417
1053	0.340097	0.157168	0.154654
1054	0.340231	0.154466	0.155055
1055	0.336015	0.155423	0.152221
1056	0.335782	0.152124	0.152684
1057	0.335169	0.153822	0.151872
1058	0.330319	0.156044	0.151235
1059	0.331464	0.152768	0.151732
1060	0.331267	0.155893	0.152334
1061	0.329965	0.156369	0.152109
1062	0.325891	0.157518	0.151006
1063	0.327351	0.155221	0.150165
1064	0.326044	0.157192	0.149503
1065	0.32245	0.154558	0.149045
1066	0.321082	0.152674	0.14964
1067	0.321893	0.151224	0.149065
1068	0.320559	0.152708	0.148863
1069	0.318557	0.153316	0.147977
1070	0.315304	0.154918	0.14652
1071	0.315669	0.152301	0.146057
1072	0.312762	0.154177	0.146503
1073	0.316347	0.153232	0.146407
1074	0.313176	0.152077	0.14633
1075	0.311122	0.154166	0.146057
1076	0.308938	0.155131	0.145957
1077	0.31094	0.152525	0.144796
1078	0.306767	0.150608	0.143671
1079	0.306599	0.155048	0.143538
1080	0.306565	0.151673	0.146669
1081	0.305154	0.153307	0.142424
1082	0.305769	0.151343	0.145041
1083	0.302361	0.151706	0.144019
1084	0.299148	0.151532	0.144353
1085	0.30015	0.151372	0.141765
1086	0.300154	0.152121	0.141535
1087	0.298859	0.151598	0.140361
1088	0.296266	0.151661	0.142335
1089	0.29418	0.150093	0.141663
1090	0.29287	0.152661	0.140367
1091	0.294522	0.151955	0.142584
1092	0.292237	0.151598	0.140066
1093	0.29021	0.150546	0.139624
1094	0.290209	0.15004	0.140716
1095	0.287965	0.15088	0.141484
1096	0.284558	0.149076	0.136523
1097	0.285944	0.148781	0.137484
1098	0.285227	0.149181	0.137265
1099	0.283097	0.150318	0.137738
1100	0.281336	0.149418	0.138192
1101	0.280087	0.148097	0.136399
1102	0.278024	0.150582	0.13636
1103	0.275546	0.148785	0.134139
1104	0.277764	0.148722	0.136448
1105	0.276545	0.147808	0.136297
1106	0.274773	0.147933	0.134034
1107	0.271881	0.148855	0.134156
1108	0.27277	0.146825	0.133178
1109	0.272356	0.148212	0.133935
1110	0.269905	0.148906	0.133644
1111	0.26919	0.148816	0.133935
1112	0.266232	0.146741	0.132994
1113	0.266738	0.147656	0.13188
1114	0.26308	0.146515	0.131463
1115	0.264902	0.14898	0.132489
1116	0.263167	0.144897	0.131535
1117	0.264482	0.146263	0.132176
1118	0.26275	0.147689	0.131679
1119	0.259297	0.143763	0.12951
1120	0.257745	0.142131	0.12684
1121	0.256996	0.1466	0.127546
1122	0.25865	0.143983	0.128555
1123	0.254667	0.144093	0.128797
1124	0.252855	0.144187	0.125918
1125	0.251317	0.14553	0.127883
1126	0.249501	0.14449	0.125273
1127	0.248997	0.145893	0.126481
1128	0.247677	0.144211	0.126539
1129	0.246875	0.144737	0.126299
1130	0.246534	0.142747	0.125189
1131	0.24561	0.144992	0.125418
1132	0.242197	0.143556	0.125188
1133	0.242037	0.142374	0.12458
1134	0.240461	0.142484	0.123302
1135	0.241264	0.141408	0.124554
1136	0.238623	0.142937	0.123147
1137	0.2378	0.145078	0.123413
1138	0.23477	0.142177	0.121651
1139	0.233797	0.141404	0.121196
1140	0.235234	0.141528	0.122431
1141	0.232962	0.141055	0.119813
1142	0.230973	0.141392	0.119285
1143	0.230039	0.141575	0.119218
1144	0.22611	0.140697	0.117384
1145	0.227152	0.139222	0.118585
1146	0.223767	0.138951	0.11764
1147	0.222454	0.139473	0.114926
1148	0.223043	0.137325	0.115592
1149	0.220725	0.137954	0.116543
1150	0.217633	0.137838	0.113936
1151	0.214908	0.135984	0.112762
1152	0.214627	0.138314	0.11445
1153	0.213781	0.137514	0.113413
1154	0.211528	0.137908	0.112689
1155	0.210107	0.135977	0.113386
1156	0.207168	0.135193	0.110298
1157	0.206183	0.136641	0.109901
1158	0.208184	0.135078	0.111312
1159	0.203853	0.135646	0.110336
1160	0.201008	0.133636	0.108883
1161	0.200922	0.133113	0.108878
1162	0.199419	0.134475	0.108329
1163	0.197667	0.130842	0.106808
1164	0.195374	0.131945	0.106459
1165	0.194291	0.128729	0.105056
1166	0.191699	0.131844	0.104603
1167	0.191358	0.130263	0.104093
1168	0.190529	0.129255	0.104528
1169	0.188706	0.13076	0.103444
1170	0.187607	0.129167	0.103414
1171	0.185273	0.128079	0.101162
1172	0.183743	0.127612	0.100223
1173	0.182204	0.129418	0.101016
1174	0.181489	0.128079	0.0998897
1175	0.182051	0.127949	0.100678
1176	0.17942	0.127516	0.100391
1177	0.177511	0.127475	0.0994365
1178	0.177853	0.12968	0.0974885
1179	0.17386	0.125219	0.0968282
1180	0.175055	0.127981	0.0972031
1181	0.1718	0.1245	0.0956001
1182	0.170051	0.124441	0.0946304
1183	0.171761	0.122601	0.0955104
1184	0.168016	0.12482	0.0946323
1185	0.166959	0.124882	0.0940509
1186	0.163315	0.124748	0.0915972
1187	0.164433	0.122537	0.0927814
1188	0.162534	0.121681	0.090278
1189	0.163367	0.123915	0.0922589
1190	0.159235	0.120787	0.0907396
1191	0.158705	0.117839	0.0896378
1192	0.157807	0.12102	0.089704
1193	0.157606	0.122722	0.0896676
1194	0.15514	0.118728	0.0870124
1195	0.153273	0.117101	0.0869659
1196	0.152501	0.118231	0.0870855
1197	0.151681	0.115248	0.0870922
1198	0.149889	0.119367	0.0859847
1199	0.1484	0.117051	0.0851469
1200	0.148077	0.114363	0.0847313
1201	0.147324	0.11511	0.0845557
1202	0.144701	0.118259	0.0842846
1203	0.143447	0.114006	0.0834055
1204	0.142284	0.113847	0.0824136
1205	0.142733	0.116072	0.0832126
1206	0.142891	0.113968	0.0832329
1207	0.140497	0.112098	0.0812037
1208	0.140162	0.112722	0.0818177
1209	0.136471	0.112071	0.080183
1210	0.136028	0.112609	0.0797196
1211	0.136931	0.113023	0.0795426
1212	0.135716	0.109345	0.0791857
1213	0.134533	0.110022	0.079082
1214	0.134352	0.111448	0.079041
1215	0.135082	0.110053	0.0787839
1216	0.752337	0.0884061	0.191354
1217	0.972244	0.0250823	0.315838
1218	0.978177	0.0196051	0.249551
1219	0.982187	0.0158909	0.200775
1220	0.985091	0.0132203	0.162844
1221	0.987275	0.0112095	0.134383
1222	0.988962	0.00966435	0.112119
1223	0.990294	0.00846244	0.0938219
1224	0.991366	0.00748265	0.080387
1225	0.992244	0.00669198	0.0691393
1226	0.992974	0.0060392	0.0599571
1227	0.993589	0.00548713	0.0526721
1228	0.994113	0.00501709	0.0467022
1229	0.994565	0.00461531	0.0416403
1230	0.994957	0.0042668	0.0373877
1231	0.995301	0.0039623	0.033775
1232	0.995605	0.00369435	0.0306734
1233	0.995875	0.00345857	0.0279314
1234	0.996117	0.00324644	0.0256167
1235	0.996334	0.00305564	0.0236076
1236	0.99653	0.00288469	0.0218085
1237	0.996708	0.00273025	0.0202056
1238	0.996871	0.00259027	0.0187662
1239	0.997019	0.00246141	0.0175121
1240	0.997155	0.00234362	0.0163785
1241	0.997281	0.0022348	0.0153727
1242	0.997397	0.00213584	0.014428
1243	0.997504	0.0020431	0.0136015
1244	0.997604	0.00195822	0.0128218
1245	0.997697	0.00187847	0.0121312
1246	0.997783	0.00180443	0.0114913
1247	0.997865	0.00173521	0.010907
1248	0.997941	0.0016699	0.0103818
1249	0.998012	0.00160914	0.0098863
1250	0.998079	0.00155177	0.00943522
1251	0.998143	0.00149806	0.00900706
1252	0.998202	0.00144761	0.00861045
1253	0.998259	0.00139976	0.00824409
1254	0.998312	0.00135479	0.00789969
1255	0.998363	0.00131232	0.00757548
1256	0.998411	0.00127255	0.00726331
1257	0.998456	0.00123441	0.00697816
1258	0.9985	0.00119847	0.00670536
1259	0.998541	0.0011638	0.00645847
1260	0.99858	0.0011312	0.00621872
1261	0.998618	0.00109978	0.00599355
1262	0.998654	0.00106965	0.00578955
1263	0.998688	0.00104115	0.00559152
1264	0.998721	0.00101414	0.00540032
1265	0.998752	0.000987945	0.00522565
1266	0.998782	0.000963087	0.00505648
1267	0.998811	0.000938803	0.00490394
1268	0.998838	0.00091578	0.00475466
1269	0.998865	0.000893933	0.00460847
1270	0.998891	0.000872783	0.00447093
1271	0.998915	0.000852742	0.00433617
1272	0.998939	0.000833507	0.00420748
1273	0.998962	0.00081536	0.00407868
1274	0.998984	0.000797423	0.00396295
1275	0.999005	0.000780216	0.00385142
1276	0.999025	0.000763545	0.00374621
1277	0.999045	0.000747233	0.00364824
1278	0.999064	0.000731707	0.00355219
1279	0.999082	0.000716855	0.00345718
1280	0.9991	0.000702663	0.00336396
1281	0.999118	0.000688616	0.00327976
1282	0.999134	0.000674827	0.00320008
1283	0.999151	0.000661897	0.00311898
1284	0.999166	0.000649185	0.00304388
1285	0.999181	0.000637016	0.00296995
1286	0.999196	0.000625244	0.00289865
1287	0.99921	0.000613994	0.00282765
1288	0.999224	0.000602904	0.00276148
1289	0.999238	0.000592386	0.00269499
1290	0.999252	0.000581432	0.00262859
1291	0.999264	0.00057108	0.0025728
1292	0.999276	0.000561134	0.00251674
1293	0.999288	0.000551558	0.00246138
1294	0.9993	0.000542031	0.00241008
1295	0.999311	0.000532781	0.00236179
1296	0.999322	0.000523937	0.00231319
1297	0.999333	0.000515478	0.00226445
1298	0.999343	0.000507176	0.00221809
1299	0.999354	0.000498836	0.00217612
1300	0.999364	0.000490942	0.00213293
