600	4.94769e-05	0.00859621	4.94012e-05
601	4.91504e-05	0.00818083	4.9083e-05
602	5.48597e-05	0.0100743	5.47797e-05
603	5.22265e-05	0.0089215	5.21499e-05
604	5.46618e-05	0.00992171	5.45847e-05
605	5.22459e-05	0.0089107	5.21692e-05
606	5.37567e-05	0.00962039	5.36737e-05
607	5.09867e-05	0.00882326	5.09087e-05
608	5.35841e-05	0.00920477	5.35029e-05
609	5.35897e-05	0.00902872	5.35005e-05
610	4.90623e-05	0.00779585	4.89934e-05
611	4.85595e-05	0.00823225	4.84986e-05
612	5.1693e-05	0.0086857	5.16125e-05
613	5.14771e-05	0.00852422	5.13997e-05
614	5.31472e-05	0.0089586	5.3072e-05
615	5.49375e-05	0.00970484	5.48567e-05
616	5.18297e-05	0.00875413	5.1751e-05
617	5.37796e-05	0.00930426	5.37002e-05
618	5.15186e-05	0.00861942	5.14372e-05
619	5.02952e-05	0.00813229	5.02172e-05
620	5.3936e-05	0.00870713	5.38494e-05
621	5.3341e-05	0.00882131	5.3243e-05
622	5.3529e-05	0.00862049	5.34379e-05
623	5.47133e-05	0.00898088	5.46219e-05
624	5.67841e-05	0.00863153	5.66786e-05
625	6.25461e-05	0.00991937	6.2421e-05
626	5.89378e-05	0.00910649	5.88308e-05
627	6.11251e-05	0.00959078	6.10157e-05
628	5.7652e-05	0.0091922	5.75402e-05
629	6.2406e-05	0.0101213	6.2291e-05
630	6.10639e-05	0.00946141	6.09476e-05
631	6.50071e-05	0.0111548	6.48748e-05
632	6.26518e-05	0.00988428	6.25341e-05
633	6.13772e-05	0.00987068	6.12642e-05
634	5.95258e-05	0.008979	5.94128e-05
635	5.76722e-05	0.0085608	5.75669e-05
636	5.98196e-05	0.00907457	5.97107e-05
637	6.50273e-05	0.0103559	6.4904e-05
638	6.06846e-05	0.00872305	6.05721e-05
639	5.80064e-05	0.008715	5.78869e-05
640	6.1138e-05	0.00892579	6.101e-05
641	5.531e-05	0.00785343	5.52003e-05
642	6.4782e-05	0.00925552	6.46692e-05
643	6.37138e-05	0.00925533	6.359e-05
644	6.18289e-05	0.00895586	6.1717e-05
645	5.91617e-05	0.00811717	5.90562e-05
646	6.17665e-05	0.00820224	6.16482e-05
647	6.27828e-05	0.00848161	6.26594e-05
648	6.48649e-05	0.00851137	6.47226e-05
649	6.28802e-05	0.00789301	6.27587e-05
650	6.68992e-05	0.00851945	6.67617e-05
651	6.78481e-05	0.00838677	6.77031e-05
652	6.80631e-05	0.00821571	6.79186e-05
653	7.12516e-05	0.00866863	7.11087e-05
654	7.54521e-05	0.00967048	7.52939e-05
655	7.12585e-05	0.00861174	7.10985e-05
656	7.76255e-05	0.00983715	7.74449e-05
657	7.7366e-05	0.00887837	7.71735e-05
658	8.1484e-05	0.0100631	8.12963e-05
659	7.89333e-05	0.00948751	7.87429e-05
660	7.63763e-05	0.00887028	7.62006e-05
661	8.20093e-05	0.00978147	8.18173e-05
662	8.21275e-05	0.00949896	8.19326e-05
663	7.90569e-05	0.00918986	7.88719e-05
664	8.15704e-05	0.00911884	8.13741e-05
665	8.55772e-05	0.0096961	8.53517e-05
666	8.99776e-05	0.0101219	8.97503e-05
667	9.57244e-05	0.0110815	9.54904e-05
668	9.30151e-05	0.0106829	9.27931e-05
669	9.34633e-05	0.0105945	9.32349e-05
670	9.60352e-05	0.0107664	9.58035e-05
671	9.86462e-05	0.0117338	9.83836e-05
672	9.57961e-05	0.011498	9.55536e-05
673	0.00010007	0.0112381	9.9833e-05
674	9.66627e-05	0.0111911	9.64124e-05
675	9.29652e-05	0.0102243	9.27054e-05
676	9.80816e-05	0.010455	9.78526e-05
677	0.000106031	0.0118866	0.000105768
678	0.000111249	0.0125927	0.000110965
679	0.000109274	0.0115842	0.000108998
680	0.000105917	0.0104052	0.000105629
681	0.00010473	0.00978438	0.000104422
682	0.000113554	0.0118872	0.000113241
683	0.000114531	0.0111476	0.000114232
684	0.000109115	0.0106622	0.000108807
685	0.000112274	0.0116115	0.000111936
686	0.000113682	0.0109806	0.000113335
687	0.000114499	0.0111501	0.000114146
688	0.000112111	0.0103709	0.000111765
689	0.000115898	0.0106284	0.00011557
690	0.000115914	0.0105179	0.000115559
691	0.000114849	0.0108353	0.000114518
692	0.000118464	0.0108704	0.000118126
693	0.000121016	0.0113724	0.000120639
694	0.000127208	0.0120432	0.000126788
695	0.00011993	0.0106816	0.000119539
696	0.000122045	0.0111711	0.000121648
697	0.000124375	0.0109376	0.00012403
698	0.000127235	0.0117687	0.000126828
699	0.000125759	0.0105453	0.000125303
700	0.00012012	0.0102387	0.00011974
701	0.000127364	0.0106198	0.000126955
702	0.000129889	0.0112774	0.000129488
703	0.00013646	0.0120709	0.000135991
704	0.000129831	0.0110167	0.000129362
705	0.000126721	0.0103398	0.000126264
706	0.000133628	0.0108075	0.00013315
707	0.000135572	0.0108021	0.000135047
708	0.000129475	0.00991906	0.000129009
709	0.000136207	0.0111764	0.000135724
710	0.00014067	0.0111166	0.000140137
711	0.000140257	0.0108402	0.000139784
712	0.000146992	0.011092	0.000146472
713	0.000150379	0.0115976	0.000149825
714	0.000157	0.0122501	0.000156428
715	0.000160727	0.0119705	0.000160176
716	0.000162607	0.0120102	0.000162096
717	0.0001497	0.0103132	0.000149206
718	0.000158271	0.0111992	0.000157682
719	0.000163418	0.0112271	0.000162805
720	0.00017117	0.0120573	0.00017051
721	0.000157736	0.0101194	0.000157162
722	0.000172433	0.0115283	0.000171809
723	0.000177837	0.0111333	0.000177216
724	0.00017399	0.0110276	0.000173344
725	0.000187549	0.012038	0.000186891
726	0.000175658	0.0103175	0.000175073
727	0.000192838	0.0118561	0.00019219
728	0.00019819	0.011675	0.000197573
729	0.000194155	0.0115716	0.00019346
730	0.000207021	0.0120567	0.000206371
731	0.000200787	0.0116539	0.000200076
732	0.000210803	0.0120431	0.000210031
733	0.00020925	0.011754	0.000208547
734	0.000219137	0.0121497	0.000218352
735	0.000201729	0.0105493	0.000200954
736	0.000221827	0.0118109	0.000220938
737	0.00021935	0.0108321	0.000218506
738	0.000251969	0.0136528	0.000250974
739	0.000248232	0.0129566	0.000247342
740	0.000259314	0.0141054	0.000258242
741	0.000272815	0.0144948	0.000271718
742	0.000262521	0.0132282	0.000261438
743	0.000274188	0.0136516	0.000273043
744	0.000268092	0.0136229	0.000266839
745	0.000268773	0.0130603	0.000267613
746	0.00027941	0.0134082	0.000278161
747	0.000314526	0.0153206	0.000313093
748	0.000317805	0.0153429	0.000316454
749	0.000324255	0.0146784	0.000322849
750	0.000340103	0.0154435	0.00033859
751	0.000336451	0.0148994	0.000334859
752	0.000332008	0.0144968	0.000330455
753	0.000356733	0.0153953	0.000355071
754	0.000356416	0.0149812	0.000354762
755	0.00036721	0.0150524	0.000365479
756	0.000368085	0.0148942	0.000366435
757	0.000382277	0.0159639	0.000380363
758	0.000395204	0.0165825	0.000393253
759	0.000414944	0.0171042	0.000412801
760	0.000420215	0.0169405	0.000418109
761	0.000408377	0.0164488	0.000406417
762	0.000431695	0.0170505	0.000429477
763	0.000422984	0.0162523	0.000420588
764	0.000412716	0.0147652	0.000410694
765	0.000442761	0.0165426	0.00044031
766	0.000432906	0.0156836	0.000430593
767	0.000453648	0.0162588	0.000451085
768	0.000483103	0.0173373	0.000480541
769	0.000513907	0.0183037	0.000510897
770	0.000504352	0.0173907	0.000501334
771	0.000497948	0.0167286	0.00049487
772	0.000523335	0.0169053	0.000520302
773	0.000559816	0.0178162	0.000556474
774	0.000567638	0.018081	0.000564302
775	0.000601643	0.0195467	0.000597666
776	0.000627558	0.020021	0.000623338
777	0.000618832	0.0185619	0.00061508
778	0.000649979	0.0193726	0.000645638
779	0.00066616	0.0195375	0.000661474
780	0.000653848	0.0176509	0.000649529
781	0.000698344	0.020369	0.000693405
782	0.000689725	0.0186645	0.000685058
783	0.000726191	0.0199032	0.00072089
784	0.000750121	0.0197378	0.000745137
785	0.000786004	0.0207362	0.000780426
786	0.00078141	0.0200703	0.000775574
787	0.000849298	0.0215372	0.000842734
788	0.000855472	0.0209906	0.000848619
789	0.000861479	0.0206529	0.000854517
790	0.00090601	0.0212435	0.000898654
791	0.00092634	0.0214135	0.000919293
792	0.000952414	0.0229927	0.00094408
793	0.000977329	0.0224001	0.000969218
794	0.000993222	0.0223542	0.00098488
795	0.00100916	0.021861	0.00100024
796	0.00109999	0.0242556	0.00108906
797	0.00109877	0.0234459	0.00108819
798	0.00114068	0.0235857	0.00112958
799	0.00119731	0.0250894	0.00118614
800	0.00125232	0.0250624	0.00123979
801	0.00125802	0.024273	0.00124611
802	0.00131604	0.0255967	0.0013033
803	0.00138927	0.0271089	0.00137509
804	0.00135774	0.0249826	0.00134333
805	0.00140049	0.0255816	0.00138628
806	0.00137098	0.0243919	0.00135658
807	0.00149215	0.0260941	0.00147589
808	0.00152373	0.0259971	0.00150675
809	0.00154681	0.0261264	0.00152878
810	0.00165062	0.0273934	0.00163146
811	0.00167674	0.0274285	0.00165702
812	0.00170221	0.0270099	0.00168196
813	0.00178435	0.0287867	0.00176209
814	0.00179651	0.0273727	0.00177447
815	0.00185605	0.0276379	0.0018335
816	0.00189305	0.0287832	0.00186832
817	0.00198486	0.0290094	0.00195782
818	0.00207212	0.0303861	0.00204386
819	0.00210976	0.030402	0.00207989
820	0.0021776	0.0304771	0.00214759
821	0.00220745	0.0305397	0.00217681
822	0.0022418	0.030411	0.00220804
823	0.00234986	0.0313396	0.00231578
824	0.00241541	0.0317269	0.0023791
825	0.0025518	0.0334581	0.00251004
826	0.00260668	0.0323404	0.0025673
827	0.00264518	0.0319233	0.00260489
828	0.00276539	0.0330578	0.00272448
829	0.00283127	0.0325027	0.00278518
830	0.00303797	0.0353015	0.00298711
831	0.00315194	0.0357736	0.00309721
832	0.00318842	0.0353015	0.00313643
833	0.00324124	0.0353888	0.00318351
834	0.00337303	0.035497	0.00331484
835	0.00346552	0.036083	0.00340395
836	0.00360519	0.0374086	0.00353814
837	0.00370885	0.0365469	0.00364004
838	0.00394778	0.038623	0.00387254
839	0.00401923	0.0383376	0.00393873
840	0.00417706	0.0386577	0.00409465
841	0.00438535	0.0401907	0.00429274
842	0.00444722	0.0399726	0.00435192
843	0.00468341	0.0406418	0.0045812
844	0.00477587	0.0404131	0.00466716
845	0.00500805	0.0419011	0.00488961
846	0.00505871	0.0420001	0.00493057
847	0.00530216	0.0421506	0.00517237
848	0.0054463	0.0414082	0.00530874
849	0.00567215	0.0432195	0.00552786
850	0.00616691	0.0449857	0.00600686
851	0.00642283	0.0464413	0.00624815
852	0.0064635	0.0456731	0.00628214
853	0.00676204	0.0471053	0.00656343
854	0.00686625	0.0458838	0.00666752
855	0.00742529	0.0492656	0.00720257
856	0.00741667	0.0466862	0.00718856
857	0.00771122	0.0473625	0.0074772
858	0.00806995	0.0482542	0.00779769
859	0.00857253	0.0508591	0.00826877
860	0.00884299	0.0509337	0.00853664
861	0.00917597	0.0505227	0.00885638
862	0.00967946	0.0529054	0.00931808
863	0.00995156	0.0519619	0.00957732
864	0.0104311	0.0534564	0.0100366
865	0.0108685	0.0546632	0.0104467
866	0.0109685	0.0532539	0.0105381
867	0.0117197	0.0570221	0.0112297
868	0.012017	0.055789	0.0114984
869	0.0125959	0.05619	0.0120462
870	0.0130161	0.0564013	0.0124445
871	0.0137567	0.059271	0.0131065
872	0.0142018	0.0577892	0.0134932
873	0.0152012	0.0605179	0.0144295
874	0.015739	0.0612559	0.0148788
875	0.0162534	0.0608472	0.0153291
876	0.0173245	0.0621114	0.0163191
877	0.017953	0.0628551	0.016903
878	0.0188974	0.0631426	0.0177235
879	0.0199228	0.0655803	0.0186861
880	0.0209571	0.0660999	0.0195609
881	0.0214994	0.0660271	0.0200087
882	0.0229493	0.0692515	0.0213038
883	0.023944	0.0679671	0.0221554
884	0.0251537	0.0698209	0.0231587
885	0.0265385	0.0703073	0.0244101
886	0.027676	0.071135	0.0253011
887	0.0289925	0.0730786	0.0264097
888	0.0305287	0.0731298	0.0277108
889	0.0315736	0.0731828	0.0284607
890	0.0330619	0.0731453	0.0298597
891	0.0348681	0.0754628	0.0311082
892	0.0363273	0.0759151	0.0323485
893	0.038123	0.0774798	0.0337865
894	0.040379	0.0799765	0.0354638
895	0.0422523	0.0805976	0.0369232
896	0.044834	0.0822095	0.038784
897	0.0465975	0.0812959	0.0399792
898	0.0484592	0.0813526	0.0412957
899	0.0513487	0.083485	0.043406
900	0.0537293	0.084373	0.0449275
901	0.0568824	0.0852836	0.0467381
902	0.0600609	0.0849807	0.048781
903	0.063506	0.0878656	0.0508091
904	0.0665879	0.0867088	0.0523848
905	0.0693665	0.08566	0.0537473
906	0.0735553	0.0864517	0.0559422
907	0.0766754	0.0882628	0.057244
908	0.0823985	0.090042	0.0597917
909	0.0867582	0.089199	0.0612716
910	0.0912577	0.0898564	0.0626089
911	0.0967416	0.0908478	0.0647354
912	0.100094	0.0899693	0.0641532
913	0.107022	0.092357	0.0653711
914	0.112707	0.0902175	0.0649845
915	0.117752	0.0910813	0.0650956
916	0.123211	0.0918638	0.0666058
917	0.129068	0.0910479	0.068768
918	0.133153	0.0926478	0.0698114
919	0.134959	0.0942099	0.0709851
920	0.139446	0.0951339	0.0727989
921	0.143156	0.0954073	0.0737817
922	0.144822	0.0971175	0.074336
923	0.147915	0.0966511	0.0754932
924	0.151821	0.0971573	0.0767544
925	0.151663	0.0999302	0.0785567
926	0.15269	0.0983932	0.0782136
927	0.160992	0.103517	0.0817669
928	0.159026	0.101	0.0808551
929	0.156983	0.100499	0.0789183
930	0.155996	0.0998548	0.0783428
931	0.168814	0.105463	0.0836543
932	0.170381	0.103854	0.0846019
933	0.170154	0.104994	0.0859032
934	0.168575	0.105301	0.0850625
935	0.166454	0.10242	0.0837396
936	0.16452	0.10367	0.0835738
937	0.164634	0.102195	0.0833651
938	0.180662	0.109717	0.0903682
939	0.185696	0.112909	0.0926579
940	0.184527	0.111045	0.0911446
941	0.182848	0.110048	0.0915746
942	0.181679	0.109863	0.091453
943	0.180661	0.109631	0.0906929
944	0.180626	0.110146	0.0906327
945	0.178948	0.111129	0.090355
946	0.178029	0.108624	0.0894627
947	0.176261	0.107712	0.0891952
948	0.176006	0.108073	0.0885625
949	0.17367	0.107312	0.0877613
950	0.199712	0.114581	0.0977954
951	0.210878	0.120994	0.102777
952	0.208646	0.117964	0.100436
953	0.209628	0.119772	0.101088
954	0.208083	0.116117	0.100929
955	0.205333	0.117889	0.100747
956	0.203497	0.119262	0.0997491
957	0.200313	0.117651	0.0991113
958	0.198813	0.117532	0.0979824
959	0.198848	0.114509	0.0994001
960	0.1955	0.113904	0.0955622
960	0.1955	0.113904	0.0955622
961	0.19675	0.115341	0.0978187
962	0.193713	0.113495	0.0970376
963	0.191276	0.11481	0.095481
964	0.190368	0.113821	0.0963255
965	0.189249	0.113737	0.0951665
966	0.188705	0.111515	0.0940809
967	0.18671	0.112681	0.0946279
968	0.183659	0.113308	0.0930698
969	0.183622	0.112333	0.0928026
970	0.18041	0.112888	0.0919536
971	0.180363	0.112419	0.092539
972	0.180196	0.110935	0.090582
973	0.242889	0.130711	0.115673
974	0.251157	0.131681	0.117552
975	0.248014	0.131934	0.116683
976	0.247493	0.132264	0.116789
977	0.244733	0.13001	0.117308
978	0.243759	0.129082	0.116056
979	0.242344	0.129038	0.116635
980	0.241597	0.127965	0.115047
981	0.237626	0.12846	0.114866
982	0.237802	0.129968	0.115192
983	0.235091	0.12951	0.115278
984	0.23334	0.128836	0.113532
985	0.231895	0.129428	0.112971
986	0.232724	0.128073	0.112244
987	0.230775	0.126735	0.112258
988	0.229207	0.125455	0.111181
989	0.227502	0.126659	0.10946
990	0.22641	0.12742	0.110966
991	0.225532	0.12579	0.109224
992	0.221115	0.125478	0.109299
993	0.219594	0.125315	0.108167
994	0.219397	0.125489	0.109568
995	0.218225	0.124838	0.10765
996	0.218579	0.125327	0.108173
997	0.216176	0.124788	0.106195
998	0.213727	0.124248	0.106373
999	0.212271	0.122936	0.106115
1000	0.212178	0.125327	0.104692
1001	0.211728	0.126488	0.104589
1002	0.208568	0.120942	0.103212
1003	0.207201	0.122467	0.104704
1004	0.205192	0.121415	0.103475
1005	0.204499	0.121624	0.102139
1006	0.203402	0.121547	0.103363
1007	0.202203	0.120428	0.100953
1008	0.201942	0.122776	0.101775
1009	0.198956	0.1215	0.0999958
1010	0.196634	0.120197	0.0998877
1011	0.197216	0.118694	0.0988403
1012	0.192367	0.117398	0.097144
1013	0.191525	0.117663	0.0979613
1014	0.190661	0.119549	0.0986736
1015	0.190216	0.117256	0.0976224
1016	0.189864	0.116511	0.0965066
1017	0.189277	0.117887	0.0977874
1018	0.186734	0.117291	0.0968046
1019	0.185113	0.115452	0.0950736
1020	0.183234	0.115937	0.0936895
1021	0.183434	0.115116	0.094745
1022	0.182397	0.114391	0.0940633
1023	0.180936	0.114566	0.094111
1024	0.17919	0.114155	0.0922462
1025	0.178484	0.115837	0.0937829
1026	0.306789	0.145434	0.142949
1027	0.35244	0.156151	0.156818
1028	0.349993	0.155011	0.154519
1029	0.348496	0.155956	0.15778
1030	0.346713	0.155464	0.155372
1031	0.343616	0.156368	0.153055
1032	0.343492	0.155195	0.153333
1033	0.342572	0.152367	0.153462
1034	0.339623	0.155895	0.151957
1035	0.341824	0.152765	0.1537
1036	0.340066	0.155835	0.153943
1037	0.340157	0.153586	0.154111
1038	0.335888	0.154294	0.151621
1039	0.335581	0.150424	0.152324
1040	0.335196	0.152449	0.150522
1041	0.329976	0.155367	0.150477
1042	0.331177	0.152541	0.150338
1043	0.331463	0.154886	0.151352
1044	0.329465	0.154985	0.15147
1045	0.325969	0.155545	0.15035
1046	0.327343	0.152436	0.14925
1047	0.325225	0.155243	0.149361
1048	0.322496	0.152887	0.147815
1049	0.320679	0.151099	0.147834
1050	0.321985	0.150971	0.150073
1051	0.318988	0.151944	0.147628
1052	0.31924	0.15278	0.147265
1053	0.314512	0.153294	0.144974
1054	0.315298	0.15008	0.147181
1055	0.31323	0.150393	0.145683
1056	0.317634	0.151826	0.146319
1057	0.311446	0.152536	0.14457
1058	0.310519	0.154306	0.145081
1059	0.310598	0.153608	0.14458
1060	0.308869	0.15168	0.143214
1061	0.306955	0.148336	0.144109
1062	0.306225	0.155465	0.144292
1063	0.306271	0.150686	0.144487
1064	0.305922	0.151284	0.143379
1065	0.303924	0.152515	0.143905
1066	0.299574	0.149891	0.142287
1067	0.300195	0.150825	0.142544
1068	0.300976	0.148756	0.14062
1069	0.299282	0.151163	0.140636
1070	0.298069	0.149304	0.140494
1071	0.29554	0.152188	0.141059
1072	0.29184	0.149245	0.140079
1073	0.293527	0.15033	0.142503
1074	0.292806	0.150411	0.139151
1075	0.290972	0.15086	0.13914
1076	0.289851	0.149252	0.139368
1077	0.28936	0.148444	0.140093
1078	0.28603	0.149109	0.13755
1079	0.28521	0.147851	0.137816
1080	0.285516	0.148316	0.137268
1081	0.282964	0.149725	0.13648
1082	0.281926	0.14873	0.137265
1083	0.280764	0.147917	0.135663
1084	0.279076	0.148253	0.135727
1085	0.275126	0.1466	0.134177
1086	0.278761	0.147731	0.135586
1087	0.27604	0.147359	0.134627
1088	0.275057	0.146016	0.133442
1089	0.272179	0.147395	0.133389
1090	0.272687	0.14502	0.132161
1091	0.272617	0.147372	0.132926
1092	0.270009	0.147854	0.133295
1093	0.269115	0.147209	0.133015
1094	0.266095	0.14612	0.131874
1095	0.266896	0.146763	0.131317
1096	0.262973	0.14564	0.130841
1097	0.264841	0.148523	0.131661
1098	0.263152	0.143888	0.130796
1099	0.264427	0.145431	0.131303
1100	0.262625	0.146442	0.131293
1101	0.259132	0.142273	0.128672
1102	0.257298	0.140868	0.12625
1103	0.257412	0.145029	0.127707
1104	0.257907	0.143765	0.127279
1105	0.254023	0.143088	0.127307
1106	0.253265	0.144148	0.125619
1107	0.250761	0.145176	0.126472
1108	0.248764	0.142821	0.124675
1109	0.249394	0.144314	0.125208
1110	0.246313	0.141679	0.124888
1111	0.247011	0.143856	0.125828
1112	0.245886	0.141317	0.125813
1113	0.245266	0.143853	0.125545
1114	0.241791	0.142329	0.124088
1115	0.241097	0.142322	0.123925
1116	0.240814	0.142238	0.122597
1117	0.240428	0.141328	0.12296
1118	0.238177	0.139668	0.122183
1119	0.236248	0.14284	0.121778
1120	0.234599	0.13988	0.120668
1121	0.234784	0.140969	0.120313
1122	0.234971	0.140735	0.122018
1123	0.231514	0.139128	0.119823
1124	0.230349	0.142477	0.118451
1125	0.228239	0.137805	0.117684
1126	0.225812	0.139067	0.116633
1127	0.226236	0.139152	0.117921
1128	0.222388	0.13817	0.115859
1129	0.222103	0.1378	0.114592
1130	0.222632	0.138241	0.11624
1131	0.21816	0.136152	0.113543
1132	0.21571	0.135754	0.112797
1133	0.214717	0.136788	0.114882
1134	0.213245	0.135867	0.112035
1135	0.213206	0.135528	0.113716
1136	0.210701	0.137431	0.11184
1137	0.208149	0.132538	0.110502
1138	0.206231	0.134016	0.109242
1139	0.207545	0.134917	0.110097
1140	0.205543	0.134612	0.110821
1141	0.20122	0.13405	0.108237
1142	0.201025	0.133805	0.108318
1143	0.199736	0.133647	0.106703
1144	0.197684	0.131378	0.10648
1145	0.195596	0.129379	0.105636
1146	0.194502	0.129119	0.104553
1147	0.19248	0.129738	0.10416
1148	0.190554	0.128872	0.10312
1149	0.190638	0.128506	0.103336
1150	0.188616	0.129952	0.102243
1151	0.18735	0.128991	0.102787
1152	0.18577	0.126398	0.101073
1153	0.183672	0.126894	0.0997853
1154	0.182052	0.128495	0.100496
1155	0.1815	0.126631	0.0995193
1156	0.181898	0.12628	0.100131
1157	0.179489	0.126787	0.0998176
1158	0.177441	0.12645	0.0990123
1159	0.1777	0.128504	0.0970151
1160	0.173643	0.124244	0.0963238
1161	0.174954	0.127144	0.0964742
1162	0.171301	0.123237	0.0951821
1163	0.170113	0.1225	0.0946443
1164	0.171389	0.121687	0.0950349
1165	0.167693	0.12341	0.0935961
1166	0.166215	0.124563	0.0930793
1167	0.162958	0.123485	0.0912695
1168	0.164679	0.121522	0.0927872
1169	0.162012	0.120349	0.0893318
1170	0.162915	0.122982	0.0913391
1171	0.158776	0.119248	0.0898733
1172	0.158015	0.118368	0.0890348
1173	0.157845	0.118599	0.0903061
1174	0.156453	0.119881	0.0880312
1175	0.154877	0.117174	0.086971
1176	0.152468	0.116894	0.0868166
1177	0.152172	0.117816	0.0866651
1178	0.150983	0.115149	0.085938
1179	0.148694	0.116436	0.0852388
1180	0.147872	0.116728	0.0846715
1181	0.147184	0.112973	0.0844276
1182	0.146469	0.114125	0.0838598
1183	0.142501	0.115045	0.0828914
1184	0.143227	0.112668	0.0834527
1185	0.141086	0.112111	0.0820563
1186	0.143242	0.114167	0.083839
1187	0.140555	0.112169	0.0808936
1188	0.139043	0.113994	0.08072
1189	0.137024	0.112407	0.0802627
1190	0.135071	0.110649	0.0794597
1191	0.134309	0.109519	0.0788458
1192	0.1352	0.111032	0.0790424
1193	0.132673	0.109209	0.0781752
1194	0.130807	0.109555	0.0768958
1195	0.130495	0.108835	0.0772608
1196	0.127626	0.108028	0.0754377
1197	0.125209	0.107227	0.0738073
1198	0.128141	0.108721	0.0754638
1199	0.124339	0.104764	0.0736142
1200	0.122012	0.106302	0.0724153
1201	0.121741	0.104462	0.0728453
1202	0.121477	0.10461	0.0727408
1203	0.120863	0.107105	0.0726248
1204	0.119674	0.105733	0.0714788
1205	0.118553	0.103184	0.0711756
1206	0.118474	0.104519	0.0711113
1207	0.116063	0.101953	0.0695517
1208	0.118067	0.103439	0.0703342
1209	0.113695	0.0997262	0.0678904
1210	0.114592	0.103403	0.068977
1211	0.112641	0.101049	0.0670216
1212	0.112874	0.100414	0.0677409
1213	0.109458	0.0973239	0.0660485
1214	0.110964	0.0984716	0.0662518
1215	0.113778	0.100841	0.0673276
1216	0.743964	0.0869519	0.183308
1217	0.972768	0.0244792	0.292683
1218	0.978384	0.0193379	0.235173
1219	0.98221	0.0157991	0.192659
1220	0.98502	0.0132208	0.158064
1221	0.987159	0.0112565	0.131436
1222	0.988824	0.00973749	0.110149
1223	0.990147	0.00854189	0.0929726
1224	0.991217	0.00757434	0.0795917
1225	0.992095	0.00678351	0.0687775
1226	0.992828	0.00612577	0.0600404
1227	0.993447	0.00556917	0.0530143
1228	0.993976	0.00509515	0.0471819
1229	0.994432	0.00469388	0.0420238
1230	0.99483	0.00434419	0.0377281
1231	0.995179	0.00403797	0.0340734
1232	0.995487	0.00376451	0.0310733
1233	0.995761	0.0035246	0.0283697
1234	0.996007	0.00331197	0.0259728
1235	0.996228	0.00312137	0.0238679
1236	0.996428	0.00294833	0.0220482
1237	0.996609	0.00279159	0.0204365
1238	0.996775	0.00265028	0.0189646
1239	0.996927	0.00252005	0.017681
1240	0.997066	0.00240054	0.0165333
1241	0.997195	0.00229157	0.0154701
1242	0.997313	0.0021901	0.0145375
1243	0.997423	0.00209628	0.0136885
1244	0.997525	0.00200989	0.0129013
1245	0.99762	0.00192843	0.0122089
1246	0.997709	0.00185309	0.011562
1247	0.997792	0.00178245	0.0109738
1248	0.99787	0.00171606	0.0104378
1249	0.997943	0.0016541	0.0099369
1250	0.998012	0.00159682	0.00945343
1251	0.998077	0.00154235	0.00901871
1252	0.998139	0.00149008	0.00863293
1253	0.998196	0.00144162	0.00825636
1254	0.998251	0.00139568	0.00790797
1255	0.998303	0.00135233	0.00758021
1256	0.998352	0.00131148	0.0072699
1257	0.998399	0.00127242	0.00698306
1258	0.998444	0.00123577	0.00670627
1259	0.998486	0.00120102	0.00644447
1260	0.998527	0.00116756	0.00620409
1261	0.998566	0.00113588	0.00597257
1262	0.998603	0.00110513	0.00576465
1263	0.998638	0.00107599	0.00556431
1264	0.998672	0.00104808	0.00537684
1265	0.998704	0.00102163	0.00519474
1266	0.998735	0.000996528	0.00501883
1267	0.998765	0.000971868	0.00486056
1268	0.998793	0.000948485	0.00470626
1269	0.998822	0.00092483	0.00456407
1270	0.998848	0.000903231	0.0044257
1271	0.998873	0.000882547	0.00429287
1272	0.998898	0.000862463	0.00416745
1273	0.998922	0.000843101	0.00404878
1274	0.998944	0.000824435	0.00393681
1275	0.998966	0.000806255	0.00383264
1276	0.998987	0.000788999	0.0037291
1277	0.999007	0.000772409	0.00362918
1278	0.999027	0.000756467	0.00353274
1279	0.999046	0.000741131	0.00343949
1280	0.999065	0.000725892	0.00335386
1281	0.999083	0.00071136	0.00327034
1282	0.9991	0.000697127	0.00319058
1283	0.999117	0.000683556	0.0031127
1284	0.999133	0.000670681	0.00303536
1285	0.999149	0.000657907	0.00296417
1286	0.999164	0.000645492	0.00289634
1287	0.99918	0.000633467	0.00282629
1288	0.999194	0.000621964	0.00276173
1289	0.999208	0.000610922	0.00269782
1290	0.999221	0.000600075	0.00263817
1291	0.999235	0.000589578	0.00257904
1292	0.999247	0.000579489	0.00252197
1293	0.99926	0.000569557	0.00246818
1294	0.999272	0.000559966	0.00241467
1295	0.999284	0.000550578	0.00236445
1296	0.999295	0.000541602	0.00231448
1297	0.999306	0.000532699	0.00226772
1298	0.999317	0.000524052	0.00222197
1299	0.999328	0.000515626	0.0021777
1300	0.999338	0.000507349	0.00213541
