600	3.3028e-05	0.00769071	3.29896e-05
601	3.04116e-05	0.00773606	3.03747e-05
602	2.77388e-05	0.00622167	2.77059e-05
603	3.09893e-05	0.00733589	3.09549e-05
604	3.18e-05	0.0073013	3.17613e-05
605	3.21706e-05	0.00805117	3.21306e-05
606	3.14089e-05	0.00741939	3.13735e-05
607	3.07175e-05	0.00726166	3.06826e-05
608	3.14941e-05	0.00745225	3.14577e-05
609	2.94363e-05	0.00672381	2.94019e-05
610	3.09964e-05	0.00706856	3.09531e-05
611	3.13785e-05	0.00717778	3.13376e-05
612	3.00264e-05	0.00672347	2.99895e-05
613	3.05234e-05	0.0070904	3.0485e-05
614	3.13095e-05	0.00672389	3.12634e-05
615	3.52125e-05	0.00749372	3.51642e-05
616	3.70082e-05	0.00814202	3.6957e-05
617	3.57469e-05	0.00784481	3.5693e-05
618	3.57548e-05	0.00797875	3.57077e-05
619	3.88584e-05	0.00881223	3.8803e-05
620	3.61225e-05	0.00798712	3.60693e-05
621	3.96606e-05	0.00982568	3.96042e-05
622	3.54689e-05	0.00821761	3.54097e-05
623	3.80735e-05	0.00899266	3.80148e-05
624	3.48043e-05	0.00750391	3.47534e-05
625	3.34591e-05	0.0070485	3.34136e-05
626	3.66622e-05	0.0083606	3.6606e-05
627	3.86296e-05	0.00871016	3.8568e-05
628	3.38808e-05	0.00677121	3.38311e-05
629	3.3308e-05	0.00720434	3.32498e-05
630	3.61988e-05	0.0075392	3.61311e-05
631	3.38651e-05	0.00703997	3.38062e-05
632	3.90994e-05	0.0082596	3.90355e-05
633	3.67062e-05	0.00750945	3.66485e-05
634	3.60316e-05	0.00722954	3.59731e-05
635	3.44029e-05	0.00657142	3.43488e-05
636	3.785e-05	0.00713301	3.77968e-05
637	3.52522e-05	0.00669196	3.5202e-05
638	3.46138e-05	0.00599814	3.45602e-05
639	3.69212e-05	0.00639685	3.68688e-05
640	3.73114e-05	0.00663445	3.72469e-05
641	4.02568e-05	0.0070825	4.0198e-05
642	4.14216e-05	0.00719144	4.13556e-05
643	4.14715e-05	0.00708828	4.1409e-05
644	4.03077e-05	0.00684936	4.02403e-05
645	3.97261e-05	0.00675397	3.96622e-05
646	4.12139e-05	0.0068699	4.11461e-05
647	4.24835e-05	0.00690199	4.24103e-05
648	4.18383e-05	0.00729009	4.17709e-05
649	4.13186e-05	0.00661271	4.12519e-05
650	3.71533e-05	0.00553199	3.70872e-05
651	4.26803e-05	0.0071328	4.25946e-05
652	4.20408e-05	0.00677098	4.1956e-05
653	4.02831e-05	0.00602996	4.02086e-05
654	4.5414e-05	0.00664284	4.53313e-05
655	4.92598e-05	0.00746278	4.91606e-05
656	4.9809e-05	0.00780421	4.97104e-05
657	5.25813e-05	0.00822456	5.24744e-05
658	5.05276e-05	0.00804033	5.04247e-05
659	5.47942e-05	0.00868974	5.46709e-05
660	5.2081e-05	0.00788658	5.19774e-05
661	5.40684e-05	0.00929743	5.39472e-05
662	5.21295e-05	0.00803286	5.20207e-05
663	5.23194e-05	0.00803326	5.21983e-05
664	4.99241e-05	0.00767674	4.98104e-05
665	5.48811e-05	0.00813948	5.47602e-05
666	5.35319e-05	0.00824086	5.34144e-05
667	5.85863e-05	0.00899551	5.84654e-05
668	5.85714e-05	0.00880563	5.84407e-05
669	5.68693e-05	0.00834905	5.67415e-05
670	5.51165e-05	0.007353	5.49944e-05
671	6.02952e-05	0.00839554	6.01634e-05
672	6.15995e-05	0.00876904	6.146e-05
673	5.99176e-05	0.00804297	5.97867e-05
674	5.95482e-05	0.00843285	5.94204e-05
675	5.87133e-05	0.00792014	5.85896e-05
676	5.83927e-05	0.00751127	5.8257e-05
677	5.85889e-05	0.0072993	5.84602e-05
678	5.82029e-05	0.00740233	5.80784e-05
679	5.91115e-05	0.00725183	5.89738e-05
680	5.72131e-05	0.00738617	5.70851e-05
681	6.13953e-05	0.00765933	6.12515e-05
682	6.57454e-05	0.0087431	6.55983e-05
683	6.44531e-05	0.00852181	6.4308e-05
684	6.30535e-05	0.00780967	6.29177e-05
685	6.23719e-05	0.00765113	6.22316e-05
686	6.19853e-05	0.00778266	6.18493e-05
687	6.4792e-05	0.00850666	6.46314e-05
688	6.25246e-05	0.00755881	6.23703e-05
689	5.95611e-05	0.00684788	5.94396e-05
690	6.60823e-05	0.00796167	6.59185e-05
691	6.58243e-05	0.00841951	6.5658e-05
692	7.03152e-05	0.00873679	7.01288e-05
693	6.66358e-05	0.00796059	6.64466e-05
694	6.60056e-05	0.00800061	6.5817e-05
695	6.61955e-05	0.00775979	6.60111e-05
696	6.56907e-05	0.00769589	6.54955e-05
697	6.59584e-05	0.00769849	6.57653e-05
698	7.37445e-05	0.00911132	7.35281e-05
699	7.1418e-05	0.00792988	7.12123e-05
700	7.21219e-05	0.00822313	7.19084e-05
701	7.34201e-05	0.00801214	7.32105e-05
702	7.48694e-05	0.00850765	7.46305e-05
703	8.13804e-05	0.0095368	8.11224e-05
704	7.70525e-05	0.0083288	7.68036e-05
705	7.79116e-05	0.00834792	7.76812e-05
706	7.40777e-05	0.00740998	7.38556e-05
707	7.74377e-05	0.00792452	7.71943e-05
708	8.81068e-05	0.00929151	8.782e-05
709	8.51712e-05	0.00829342	8.49084e-05
710	8.10929e-05	0.00797841	8.08173e-05
711	8.22625e-05	0.00731358	8.2e-05
712	8.64611e-05	0.00774111	8.61977e-05
713	9.03319e-05	0.00806981	9.00566e-05
714	8.94223e-05	0.00790656	8.9175e-05
715	9.33245e-05	0.00812955	9.30681e-05
716	9.68635e-05	0.00845744	9.65833e-05
717	9.72873e-05	0.00829012	9.70124e-05
718	9.55845e-05	0.00744733	9.53115e-05
719	0.000102188	0.00891092	0.000101898
720	0.000103535	0.00851153	0.000103234
721	0.000102632	0.00819308	0.000102329
722	0.000103758	0.00820122	0.00010344
723	0.000104386	0.00793753	0.000104105
724	0.000108365	0.00829209	0.000108034
725	0.00010559	0.00739277	0.000105256
726	0.000113492	0.0083084	0.00011312
727	0.000118975	0.00875259	0.000118614
728	0.000126778	0.00941738	0.000126408
729	0.000129078	0.00949015	0.000128673
730	0.000128727	0.0092364	0.000128304
731	0.000138336	0.0104682	0.000137892
732	0.000137597	0.00989288	0.000137137
733	0.000133734	0.00914787	0.000133299
734	0.000139704	0.00971898	0.000139228
735	0.00014983	0.0097335	0.000149333
736	0.000161258	0.0112685	0.000160723
737	0.000165879	0.0110781	0.000165366
738	0.000176468	0.0121633	0.000175906
739	0.000168944	0.0111135	0.000168404
740	0.000169079	0.0108121	0.000168524
741	0.000177903	0.0113304	0.000177273
742	0.000184656	0.0118324	0.00018405
743	0.000188146	0.0112437	0.00018749
744	0.000186464	0.0114393	0.000185843
745	0.000197406	0.0121531	0.000196738
746	0.000201566	0.0126247	0.00020078
747	0.000212152	0.0128895	0.000211359
748	0.000218468	0.013718	0.000217601
749	0.000217285	0.0135208	0.000216473
750	0.000218483	0.0128675	0.000217609
751	0.000223212	0.0130056	0.000222236
752	0.000208743	0.011054	0.00020793
753	0.0002124	0.0114579	0.000211452
754	0.000217281	0.0117691	0.000216382
755	0.000227571	0.0117146	0.000226651
756	0.000240906	0.0128611	0.000239902
757	0.000255766	0.0131709	0.000254665
758	0.000246506	0.0123562	0.000245333
759	0.000259362	0.0132212	0.00025824
760	0.000266834	0.0131123	0.000265524
761	0.000272766	0.0133037	0.000271469
762	0.000282854	0.0136057	0.000281434
763	0.00030613	0.0148906	0.000304562
764	0.000310884	0.0146588	0.000309233
765	0.000314017	0.0143732	0.00031246
766	0.000331037	0.0147838	0.000329326
767	0.000319101	0.0133978	0.00031756
768	0.000323525	0.0135457	0.000321856
769	0.000339163	0.0147211	0.000337327
770	0.000339576	0.0137691	0.000337644
771	0.000357541	0.0146737	0.000355446
772	0.000373573	0.0151257	0.000371484
773	0.000384215	0.0155061	0.000382004
774	0.000394199	0.0150532	0.000391986
775	0.000425463	0.0162396	0.000423065
776	0.000426044	0.0157535	0.000423521
777	0.000429132	0.0152997	0.000426587
778	0.000447478	0.015598	0.000444846
779	0.000458483	0.0167014	0.000455728
780	0.000468644	0.0163534	0.000465798
781	0.000468848	0.0159681	0.000465869
782	0.00048208	0.0159792	0.000478835
783	0.000518111	0.0171128	0.000514851
784	0.000526427	0.0168191	0.00052266
785	0.000535925	0.0165749	0.000532215
786	0.000561937	0.0180059	0.000557872
787	0.000570247	0.0173066	0.000566111
788	0.00059695	0.0177742	0.000592558
789	0.000607909	0.0177944	0.00060357
790	0.000654265	0.0194725	0.000649193
791	0.000648119	0.0183843	0.000642898
792	0.000679981	0.0191287	0.000674919
793	0.000650204	0.0175414	0.00064501
794	0.000700985	0.0183898	0.000695427
795	0.000728195	0.0189474	0.000722006
796	0.000737997	0.0189413	0.000731641
797	0.000756189	0.0194027	0.000749166
798	0.000773529	0.01912	0.000766758
799	0.000791711	0.0197028	0.000784844
800	0.000818613	0.0203277	0.000810824
801	0.00083394	0.0198018	0.000826088
802	0.000871922	0.0206187	0.000863336
803	0.000884456	0.0212411	0.000875344
804	0.000905775	0.0200792	0.000896712
805	0.000959526	0.0218253	0.000949932
806	0.000975246	0.0216407	0.000965376
807	0.000971068	0.0206381	0.000961562
808	0.000992328	0.021323	0.000982054
809	0.00102183	0.0213806	0.00101061
810	0.00108089	0.0223936	0.00106926
811	0.00109612	0.0225352	0.00108344
812	0.00116948	0.0235087	0.0011561
813	0.00115009	0.0218603	0.0011372
814	0.00119957	0.0226033	0.00118623
815	0.00123774	0.0236146	0.00122347
816	0.00129997	0.0233003	0.00128499
817	0.00134618	0.0243808	0.00132998
818	0.00139618	0.0253382	0.00137902
819	0.00144809	0.025474	0.00143038
820	0.00143262	0.0241891	0.00141426
821	0.00149944	0.0248082	0.00148119
822	0.00158618	0.0267699	0.00156535
823	0.0015899	0.0253882	0.00156876
824	0.00167068	0.0259093	0.00164724
825	0.00177018	0.0269884	0.00174581
826	0.00183137	0.0279731	0.00180526
827	0.00184229	0.0273707	0.00181502
828	0.00192562	0.0278888	0.00189733
829	0.0019749	0.0282347	0.00194634
830	0.00201983	0.0276923	0.00198987
831	0.00215083	0.0296008	0.00211776
832	0.00214428	0.0283948	0.00210891
833	0.00224568	0.0296347	0.00220898
834	0.00234022	0.0292515	0.00230115
835	0.00238467	0.0305177	0.00234427
836	0.00245854	0.0302418	0.00241694
837	0.00274686	0.0327703	0.00269793
838	0.0027006	0.0313825	0.00265304
839	0.0027387	0.0316397	0.00268587
840	0.00279302	0.0303118	0.00273933
841	0.00294708	0.0319297	0.00288912
842	0.00308259	0.0322994	0.00302193
843	0.00315166	0.0318956	0.00308948
844	0.00330193	0.0325088	0.00323385
845	0.00347749	0.0342986	0.00339932
846	0.00360459	0.0338619	0.00352161
847	0.0037573	0.0342074	0.00367306
848	0.00397221	0.0352788	0.00388362
849	0.00403142	0.0350498	0.00393978
850	0.00423673	0.0348555	0.00414022
851	0.00444109	0.0371338	0.00432875
852	0.00445433	0.0354204	0.00434575
853	0.00468974	0.0372501	0.00457034
854	0.00488169	0.0367745	0.00475254
855	0.00512101	0.0378491	0.00498671
856	0.00528578	0.0375999	0.00514151
857	0.00560336	0.0389987	0.00544846
858	0.00571346	0.0384484	0.00554511
859	0.00617331	0.0408103	0.00597615
860	0.00633081	0.0403295	0.00613668
861	0.00657056	0.0407848	0.00635584
862	0.00695847	0.0413692	0.00672437
863	0.00715999	0.0409437	0.00691627
864	0.00757805	0.0415316	0.00732427
865	0.00814149	0.0457751	0.00784
866	0.0085103	0.0458427	0.00818567
867	0.00872017	0.0451248	0.00837345
868	0.00928915	0.0472185	0.00891398
869	0.00960355	0.0463362	0.00920543
870	0.0102501	0.0484497	0.00978682
871	0.0106943	0.0484405	0.0101981
872	0.0112489	0.0499187	0.0107212
873	0.0116677	0.0505544	0.0110951
874	0.0123942	0.0512865	0.0117834
875	0.0125817	0.0503931	0.0119235
876	0.0134254	0.0524184	0.0127177
877	0.0139279	0.0529262	0.013142
878	0.0144234	0.0536123	0.0135978
879	0.0152909	0.0556757	0.0143679
880	0.0160409	0.0568529	0.0150378
881	0.0168104	0.0583172	0.0157027
882	0.0175947	0.0579863	0.0163943
883	0.0182937	0.0575204	0.017028
884	0.0192466	0.059088	0.017853
885	0.0200034	0.0598485	0.0185481
886	0.0213382	0.0620185	0.0196089
887	0.0225768	0.0619064	0.0207148
888	0.0236753	0.0632041	0.0215868
889	0.0252402	0.0645586	0.0229473
890	0.0259701	0.0638539	0.0235493
891	0.0275188	0.0657106	0.0247918
892	0.0289945	0.0668901	0.026013
893	0.0304233	0.0690474	0.0270938
894	0.0324246	0.0697075	0.0287077
895	0.0341159	0.0700841	0.0300038
896	0.035393	0.0702205	0.0308549
897	0.0377938	0.0718462	0.032706
898	0.0392248	0.0719752	0.0337107
899	0.0414939	0.0727305	0.0353199
900	0.0434149	0.0735635	0.0363989
901	0.0456482	0.0740061	0.0379222
902	0.0492889	0.077709	0.0404333
903	0.0516373	0.0766666	0.041903
904	0.0544714	0.0771765	0.0436379
905	0.0575152	0.0773031	0.0452842
906	0.0612521	0.0776352	0.0471889
907	0.0646727	0.078649	0.0488763
908	0.0683298	0.0793067	0.0502027
909	0.0721617	0.079403	0.051851
910	0.0766754	0.0793307	0.0538029
911	0.0800699	0.080012	0.0543459
912	0.0859797	0.0812675	0.0565602
913	0.089954	0.0806626	0.0566333
914	0.0963868	0.0837803	0.0573547
915	0.100607	0.0818597	0.0578618
916	0.105941	0.0828314	0.0584872
917	0.110894	0.0830344	0.0603977
918	0.114217	0.0856805	0.0619257
919	0.1163	0.0859689	0.062512
920	0.120783	0.085076	0.0647599
921	0.122537	0.0881496	0.0656786
922	0.125247	0.0890034	0.0660823
923	0.127809	0.0894618	0.0678402
924	0.131929	0.0935741	0.0702199
925	0.130356	0.0919053	0.0687906
926	0.132167	0.0917457	0.0701339
927	0.139314	0.0940403	0.0727934
928	0.138581	0.0945236	0.0724152
929	0.137984	0.0948569	0.0725092
930	0.136595	0.0946426	0.0722404
931	0.148187	0.0976608	0.0764255
932	0.151347	0.0991183	0.0785579
933	0.150787	0.0982288	0.0775319
934	0.148729	0.0985152	0.0771075
935	0.145836	0.0958788	0.0750677
936	0.145989	0.0969776	0.0758166
937	0.14439	0.0960696	0.0738961
938	0.16088	0.102658	0.0819622
939	0.166278	0.103801	0.0839842
940	0.164138	0.103015	0.0840695
941	0.162176	0.10437	0.0830026
942	0.16	0.103013	0.08211
943	0.159464	0.10169	0.0818954
944	0.158482	0.101757	0.0807132
945	0.155359	0.10142	0.0796349
946	0.157019	0.102126	0.0810838
947	0.153422	0.0996009	0.0794982
948	0.151399	0.100523	0.077853
949	0.150997	0.0999461	0.0783073
950	0.178017	0.110253	0.0896575
951	0.187601	0.113199	0.0927241
952	0.186163	0.112371	0.0929781
953	0.183604	0.111573	0.0926428
954	0.182792	0.11275	0.0928667
955	0.180334	0.109109	0.0909894
956	0.179535	0.112151	0.0902397
957	0.176774	0.109478	0.0886381
958	0.17806	0.109292	0.08995
959	0.17581	0.108914	0.0894465
960	0.174888	0.107937	0.0890284
960	0.174888	0.107937	0.0890284
961	0.172713	0.108853	0.0880186
962	0.169475	0.10728	0.0863378
963	0.169698	0.106819	0.0869458
964	0.167568	0.106531	0.0854327
965	0.166168	0.105844	0.0860287
966	0.165561	0.107409	0.0858237
967	0.16409	0.106081	0.085268
968	0.161889	0.105198	0.0835101
969	0.159371	0.103826	0.0825113
970	0.161145	0.105198	0.0838143
971	0.158182	0.101763	0.0831037
972	0.160199	0.103537	0.0825632
973	0.221877	0.122972	0.106938
974	0.226705	0.127196	0.110012
975	0.225681	0.124516	0.109421
976	0.222449	0.125635	0.107994
977	0.218645	0.124128	0.107735
978	0.220489	0.124328	0.109195
979	0.217792	0.124657	0.107733
980	0.218693	0.124137	0.107007
981	0.216182	0.123616	0.105851
982	0.214165	0.123324	0.106344
983	0.212138	0.123194	0.104963
984	0.211242	0.123959	0.104767
985	0.212182	0.125885	0.104388
986	0.208324	0.119879	0.103001
987	0.207243	0.121575	0.103907
988	0.205334	0.12093	0.102939
989	0.204514	0.12004	0.102219
990	0.203328	0.120513	0.102932
991	0.202252	0.119519	0.100494
992	0.201953	0.121862	0.101208
993	0.198975	0.121049	0.0992691
994	0.196537	0.119198	0.0995075
995	0.19711	0.11688	0.0983792
996	0.192007	0.116696	0.0964273
997	0.19214	0.116656	0.0973347
998	0.19025	0.118931	0.0978477
999	0.190214	0.117118	0.0974693
1000	0.189449	0.114985	0.0960964
1001	0.188664	0.118374	0.096428
1002	0.186453	0.116686	0.0956273
1003	0.184784	0.115785	0.0941792
1004	0.183568	0.114731	0.0936357
1005	0.183137	0.112846	0.0943445
1006	0.182893	0.113613	0.0937117
1007	0.179913	0.116002	0.0927114
1008	0.177754	0.113101	0.0918708
1009	0.177555	0.115071	0.0927304
1010	0.176424	0.112772	0.0908505
1011	0.176485	0.112824	0.0911529
1012	0.173667	0.113005	0.090335
1013	0.17303	0.113435	0.0897757
1014	0.16895	0.111984	0.0888736
1015	0.167825	0.111629	0.0882251
1016	0.166559	0.110046	0.0868367
1017	0.165729	0.110033	0.0881195
1018	0.166034	0.111705	0.0877127
1019	0.165213	0.108608	0.0872336
1020	0.163761	0.109216	0.0856083
1021	0.162031	0.107671	0.08667
1022	0.16041	0.106568	0.0847623
1023	0.15915	0.108096	0.0842333
1024	0.157799	0.106436	0.084188
1025	0.157323	0.107116	0.0841587
1026	0.284927	0.143372	0.135711
1027	0.329691	0.152939	0.149799
1028	0.326853	0.15382	0.149897
1029	0.326707	0.15296	0.149945
1030	0.325897	0.152786	0.147573
1031	0.322981	0.154181	0.146687
1032	0.321064	0.151119	0.147706
1033	0.321628	0.149628	0.147564
1034	0.320843	0.150828	0.146889
1035	0.318307	0.15083	0.146701
1036	0.315515	0.152676	0.1451
1037	0.31552	0.149976	0.14468
1038	0.312512	0.151877	0.145199
1039	0.316503	0.151191	0.145117
1040	0.312752	0.149875	0.145111
1041	0.310744	0.151464	0.145227
1042	0.309733	0.152926	0.144225
1043	0.310321	0.150902	0.142632
1044	0.306635	0.147751	0.142092
1045	0.30645	0.15522	0.141658
1046	0.306062	0.149739	0.144126
1047	0.305421	0.150079	0.142856
1048	0.304481	0.150395	0.143559
1049	0.300004	0.149005	0.141533
1050	0.299706	0.150115	0.141625
1051	0.300992	0.147814	0.140098
1052	0.299379	0.150556	0.13966
1053	0.298025	0.148755	0.139459
1054	0.295462	0.1511	0.14033
1055	0.291843	0.148224	0.139317
1056	0.293518	0.149349	0.141755
1057	0.292675	0.148667	0.139001
1058	0.290721	0.149553	0.138691
1059	0.29015	0.148792	0.138303
1060	0.289195	0.147727	0.140035
1061	0.285549	0.147915	0.135724
1062	0.285198	0.147489	0.136506
1063	0.285158	0.146693	0.136203
1064	0.28312	0.148132	0.136696
1065	0.281332	0.146702	0.137062
1066	0.280298	0.146668	0.134319
1067	0.277994	0.148239	0.135113
1068	0.275688	0.147122	0.132572
1069	0.277644	0.146029	0.135067
1070	0.276527	0.144553	0.135118
1071	0.274325	0.145593	0.132931
1072	0.272114	0.146456	0.132794
1073	0.272485	0.143826	0.132699
1074	0.271869	0.147527	0.131068
1075	0.270647	0.146946	0.133355
1076	0.26818	0.146207	0.132195
1077	0.265917	0.145329	0.131518
1078	0.265495	0.144442	0.130466
1079	0.264578	0.145342	0.131102
1080	0.26293	0.143316	0.12853
1081	0.264437	0.144659	0.130884
1082	0.263042	0.14526	0.131447
1083	0.261184	0.146222	0.130254
1084	0.258262	0.142406	0.126194
1085	0.256183	0.143202	0.127185
1086	0.258767	0.142206	0.127964
1087	0.255771	0.144678	0.126058
1088	0.252823	0.142201	0.123944
1089	0.252597	0.14361	0.125079
1090	0.249635	0.142475	0.125262
1091	0.248408	0.143556	0.124908
1092	0.248305	0.140394	0.125252
1093	0.246344	0.140602	0.124492
1094	0.246814	0.140421	0.124207
1095	0.245366	0.143005	0.124387
1096	0.242493	0.141848	0.124081
1097	0.241842	0.140082	0.123538
1098	0.240453	0.140207	0.122238
1099	0.241104	0.139419	0.123144
1100	0.23826	0.140324	0.12197
1101	0.237344	0.143227	0.121867
1102	0.234353	0.139741	0.120381
1103	0.234273	0.139746	0.119598
1104	0.235239	0.140169	0.121304
1105	0.232398	0.1385	0.118751
1106	0.230593	0.141045	0.117994
1107	0.228471	0.137522	0.117279
1108	0.225734	0.138089	0.116159
1109	0.226695	0.137667	0.117472
1110	0.22242	0.136684	0.115649
1111	0.222066	0.13709	0.113845
1112	0.222771	0.136811	0.115811
1113	0.218297	0.134852	0.113373
1114	0.215789	0.135005	0.112211
1115	0.214585	0.135481	0.114274
1116	0.213195	0.134683	0.111598
1117	0.21304	0.134532	0.113116
1118	0.210533	0.136593	0.111203
1119	0.208106	0.131607	0.109953
1120	0.205959	0.133652	0.108393
1121	0.207816	0.134114	0.109354
1122	0.205168	0.133915	0.109894
1123	0.201039	0.132685	0.107557
1124	0.200857	0.132038	0.10812
1125	0.199442	0.132795	0.107004
1126	0.197766	0.129621	0.105927
1127	0.195406	0.130037	0.105097
1128	0.194113	0.126832	0.104035
1129	0.191578	0.130043	0.103473
1130	0.191141	0.128495	0.103413
1131	0.19008	0.12755	0.103507
1132	0.188709	0.129674	0.102708
1133	0.186955	0.126624	0.101806
1134	0.184439	0.127309	0.100383
1135	0.183295	0.126053	0.0992825
1136	0.181948	0.12739	0.0994201
1137	0.181345	0.12652	0.0995042
1138	0.181237	0.125512	0.0999644
1139	0.178563	0.125346	0.0989235
1140	0.176973	0.125609	0.0968794
1141	0.176683	0.126504	0.0974424
1142	0.173977	0.124121	0.0959561
1143	0.173252	0.124054	0.0948734
1144	0.169785	0.124413	0.0937716
1145	0.171544	0.121571	0.0944789
1146	0.169726	0.122672	0.0945856
1147	0.166501	0.122541	0.0928235
1148	0.164305	0.121557	0.0918125
1149	0.163492	0.122199	0.0912932
1150	0.163835	0.12008	0.0909754
1151	0.162021	0.120486	0.090284
1152	0.160017	0.118773	0.0903463
1153	0.158213	0.117049	0.0887226
1154	0.157896	0.119153	0.0886958
1155	0.157372	0.119971	0.089233
1156	0.154946	0.117198	0.0863745
1157	0.152992	0.114858	0.0862611
1158	0.152128	0.115973	0.0861059
1159	0.151151	0.113123	0.0860324
1160	0.149427	0.116825	0.0851579
1161	0.147531	0.115917	0.0836267
1162	0.147263	0.11279	0.0834669
1163	0.146471	0.11258	0.0837461
1164	0.142743	0.115198	0.0825127
1165	0.142809	0.112221	0.0822122
1166	0.140572	0.111786	0.0812325
1167	0.142835	0.11325	0.0828298
1168	0.141046	0.111297	0.0814207
1169	0.138697	0.111323	0.0802026
1170	0.137458	0.11082	0.080168
1171	0.134855	0.110254	0.0786312
1172	0.134286	0.108663	0.0786672
1173	0.135061	0.110039	0.0786655
1174	0.132497	0.108116	0.0778818
1175	0.130673	0.10817	0.0765852
1176	0.130363	0.107699	0.07678
1177	0.127393	0.107096	0.0750054
1178	0.124906	0.106205	0.073324
1179	0.127733	0.107336	0.074988
1180	0.123874	0.103813	0.0730719
1181	0.121697	0.105305	0.0722785
1182	0.121198	0.103634	0.0724284
1183	0.120821	0.103786	0.0721526
1184	0.120079	0.106082	0.0714869
1185	0.119168	0.104539	0.070958
1186	0.117803	0.10198	0.0703248
1187	0.117488	0.103103	0.0703801
1188	0.115395	0.101204	0.068627
1189	0.117006	0.103198	0.0694214
1190	0.112319	0.0990961	0.0666823
1191	0.112886	0.101877	0.0678515
1192	0.11144	0.0998205	0.0661566
1193	0.110138	0.0985066	0.065986
1194	0.107632	0.0948264	0.0650812
1195	0.107823	0.0984029	0.0643887
1196	0.108001	0.0995561	0.0656535
1197	0.105578	0.0980364	0.0638118
1198	0.104975	0.0991934	0.0637975
1199	0.103344	0.0948808	0.0628496
1200	0.102024	0.0955607	0.0623071
1201	0.102473	0.0950573	0.0626588
1202	0.0997134	0.0938999	0.0611811
1203	0.0991012	0.0946184	0.0612848
1204	0.098851	0.0947736	0.060876
1205	0.096712	0.0950026	0.0601961
1206	0.0976496	0.0929819	0.0605826
1207	0.0973566	0.0945321	0.0600357
1208	0.0945943	0.089834	0.0587645
1209	0.0944296	0.089563	0.0588166
1210	0.093233	0.0894802	0.0578749
1211	0.0923763	0.0902452	0.0577171
1212	0.0926809	0.0897729	0.0576376
1213	0.0920112	0.0882218	0.0572625
1214	0.0904368	0.0868551	0.056239
1215	0.0909574	0.0874013	0.0556867
1216	0.730629	0.0854168	0.195118
1217	0.968652	0.0281752	0.325999
1218	0.975147	0.0222098	0.265264
1219	0.979644	0.0180685	0.215441
1220	0.982974	0.0150058	0.176049
1221	0.985503	0.0127131	0.143665
1222	0.987461	0.0109244	0.119789
1223	0.989007	0.00952211	0.100797
1224	0.990249	0.0084013	0.0857014
1225	0.991263	0.00748581	0.0738373
1226	0.992105	0.0067343	0.0640399
1227	0.992812	0.00610491	0.0560761
1228	0.993412	0.00557132	0.0495335
1229	0.993928	0.00511496	0.0440674
1230	0.994376	0.00472002	0.0394915
1231	0.994767	0.00437685	0.0355705
1232	0.995112	0.00407461	0.032245
1233	0.995418	0.0038065	0.0294035
1234	0.99569	0.00356915	0.0268973
1235	0.995935	0.00335682	0.0247059
1236	0.996156	0.00316569	0.0227848
1237	0.996357	0.00299312	0.0210813
1238	0.996539	0.00283543	0.0195968
1239	0.996705	0.00269296	0.0182405
1240	0.996858	0.00256178	0.0170457
1241	0.996998	0.00244037	0.0159933
1242	0.997128	0.00233052	0.0149963
1243	0.997248	0.0022281	0.0141167
1244	0.997359	0.00213397	0.0133019
1245	0.997462	0.00204744	0.0125397
1246	0.997559	0.00196602	0.0118629
1247	0.997649	0.00188913	0.0112604
1248	0.997733	0.00181784	0.0106949
1249	0.997813	0.00175078	0.0101645
1250	0.997888	0.00168806	0.00968451
1251	0.997958	0.00162903	0.0092408
1252	0.998024	0.00157467	0.00880683
1253	0.998086	0.00152217	0.00842651
1254	0.998145	0.00147256	0.00807283
1255	0.998201	0.0014257	0.0077418
1256	0.998254	0.00138265	0.00740954
1257	0.998304	0.00134097	0.00711316
1258	0.998352	0.00130131	0.0068376
1259	0.998397	0.00126443	0.00656466
1260	0.998441	0.00122866	0.00631808
1261	0.998482	0.00119478	0.00608303
1262	0.998522	0.0011618	0.00587069
1263	0.99856	0.00113055	0.00566861
1264	0.998596	0.00110052	0.00548047
1265	0.99863	0.00107215	0.00529661
1266	0.998664	0.00104454	0.005124
1267	0.998696	0.00101823	0.00496418
1268	0.998726	0.000993249	0.00480824
1269	0.998756	0.000969141	0.00466257
1270	0.998784	0.000946245	0.00452012
1271	0.998811	0.000924064	0.00438696
1272	0.998837	0.000902969	0.00425726
1273	0.998862	0.000882629	0.00413423
1274	0.998886	0.000863034	0.00401556
1275	0.998909	0.000844124	0.00390466
1276	0.998932	0.000826274	0.00379324
1277	0.998954	0.000808797	0.00369017
1278	0.998975	0.000791951	0.00359068
1279	0.998995	0.000775885	0.00349323
1280	0.999014	0.000759901	0.00340544
1281	0.999033	0.00074453	0.00332064
1282	0.999052	0.000729895	0.0032367
1283	0.999069	0.000715636	0.00315714
1284	0.999087	0.000701605	0.0030817
1285	0.999103	0.000688694	0.00300283
1286	0.99912	0.000675977	0.00292917
1287	0.999135	0.000663415	0.00286144
1288	0.999151	0.000651193	0.00279312
1289	0.999166	0.000639359	0.00273009
1290	0.99918	0.000627969	0.00266829
1291	0.999194	0.000616794	0.00260676
1292	0.999208	0.000605931	0.00255111
1293	0.999221	0.000595475	0.0024964
1294	0.999233	0.000585414	0.00244259
1295	0.999246	0.000575401	0.00239147
1296	0.999258	0.000565894	0.00234113
1297	0.99927	0.000556594	0.00229271
1298	0.999282	0.000547238	0.00224532
1299	0.999293	0.00053816	0.00219987
1300	0.999305	0.000528892	0.002154
