600	2.03437e-05	0.00655394	2.03258e-05
601	2.00943e-05	0.00648414	2.00772e-05
602	1.97823e-05	0.00649704	1.97649e-05
603	1.94968e-05	0.00607295	1.94795e-05
604	2.01994e-05	0.00663204	2.01799e-05
605	1.96051e-05	0.00561714	1.95861e-05
606	2.35379e-05	0.007133	2.3514e-05
607	2.55845e-05	0.00860565	2.55581e-05
608	2.34323e-05	0.00709945	2.34103e-05
609	2.39114e-05	0.00752457	2.38882e-05
610	2.39515e-05	0.00719777	2.39306e-05
611	2.60476e-05	0.00913109	2.60258e-05
612	2.41822e-05	0.00796939	2.41582e-05
613	2.43622e-05	0.0081598	2.43396e-05
614	2.22711e-05	0.00691016	2.22504e-05
615	2.12067e-05	0.00647667	2.11868e-05
616	2.20567e-05	0.00682789	2.20353e-05
617	2.58314e-05	0.00837364	2.58074e-05
618	2.22822e-05	0.00657487	2.22603e-05
619	2.16516e-05	0.00687828	2.1629e-05
620	2.22017e-05	0.00670315	2.21761e-05
621	2.22078e-05	0.00669643	2.2182e-05
622	2.43751e-05	0.00745314	2.43517e-05
623	2.35648e-05	0.00734042	2.35397e-05
624	2.21448e-05	0.00662134	2.21212e-05
625	2.07508e-05	0.00559085	2.07316e-05
626	2.4079e-05	0.00654406	2.40567e-05
627	2.12957e-05	0.00591363	2.12751e-05
628	2.1264e-05	0.00514647	2.12429e-05
629	2.24763e-05	0.00560955	2.24524e-05
630	2.35467e-05	0.00590344	2.35208e-05
631	2.54422e-05	0.00649459	2.54128e-05
632	2.69677e-05	0.00647563	2.69382e-05
633	2.76681e-05	0.0066257	2.76387e-05
634	2.53858e-05	0.005962	2.53577e-05
635	2.69487e-05	0.00646033	2.69162e-05
636	2.64572e-05	0.00591852	2.64301e-05
637	2.80237e-05	0.00639813	2.79911e-05
638	2.72793e-05	0.00684897	2.72485e-05
639	2.44827e-05	0.0054389	2.44558e-05
640	2.58985e-05	0.00571882	2.58679e-05
641	2.75949e-05	0.00643985	2.75621e-05
642	2.66741e-05	0.00626428	2.66339e-05
643	2.49335e-05	0.00543273	2.49048e-05
644	2.56524e-05	0.00552888	2.56168e-05
645	2.61561e-05	0.00564948	2.61193e-05
646	2.93027e-05	0.00678029	2.92581e-05
647	2.90658e-05	0.00656491	2.90237e-05
648	2.81496e-05	0.0062178	2.81085e-05
649	2.97099e-05	0.00655212	2.96623e-05
650	3.0709e-05	0.00712085	3.06604e-05
651	2.94573e-05	0.00646163	2.94138e-05
652	3.03131e-05	0.00672196	3.02653e-05
653	2.82312e-05	0.00582673	2.81862e-05
654	2.75315e-05	0.00546126	2.74873e-05
655	3.2529e-05	0.00692688	3.24808e-05
656	3.42654e-05	0.00749624	3.4214e-05
657	3.41749e-05	0.00713752	3.41195e-05
658	3.15234e-05	0.00588698	3.14706e-05
659	3.33243e-05	0.00668128	3.32692e-05
660	3.47448e-05	0.00668606	3.46827e-05
661	3.44571e-05	0.00626515	3.44011e-05
662	3.8103e-05	0.00735592	3.80366e-05
663	3.50372e-05	0.006817	3.4978e-05
664	3.56883e-05	0.00677323	3.56285e-05
665	3.58066e-05	0.00642149	3.57453e-05
666	3.56874e-05	0.00628171	3.56277e-05
667	3.42413e-05	0.00616849	3.41834e-05
668	3.67973e-05	0.00648742	3.67405e-05
669	3.53691e-05	0.00651213	3.53125e-05
670	3.39508e-05	0.00589082	3.38956e-05
671	4.03734e-05	0.00742786	4.03083e-05
672	3.89712e-05	0.00719484	3.89141e-05
673	3.73027e-05	0.0065817	3.7246e-05
674	3.57041e-05	0.00609712	3.56457e-05
675	3.73925e-05	0.00638654	3.73343e-05
676	3.81106e-05	0.00710308	3.80483e-05
677	3.91598e-05	0.00663484	3.90984e-05
678	3.48026e-05	0.00575235	3.47509e-05
679	3.82614e-05	0.00651304	3.82052e-05
680	4.03385e-05	0.00724911	4.02812e-05
681	4.0591e-05	0.00714166	4.05225e-05
682	3.86278e-05	0.00643456	3.85573e-05
683	3.74708e-05	0.00612267	3.7403e-05
684	4.17011e-05	0.00710992	4.16185e-05
685	3.92603e-05	0.00645678	3.91826e-05
686	3.99423e-05	0.00658926	3.98694e-05
687	4.194e-05	0.0074866	4.1853e-05
688	4.24835e-05	0.00686237	4.23967e-05
689	4.16175e-05	0.00697772	4.15263e-05
690	4.35697e-05	0.00659593	4.34824e-05
691	4.38543e-05	0.00704616	4.37667e-05
692	4.77878e-05	0.00797097	4.76756e-05
693	4.42328e-05	0.0066174	4.41314e-05
694	4.38139e-05	0.00668077	4.37169e-05
695	4.00628e-05	0.00568222	3.99767e-05
696	4.41623e-05	0.00656082	4.40558e-05
697	5.06783e-05	0.00777912	5.05661e-05
698	4.80446e-05	0.00671814	4.79442e-05
699	4.58861e-05	0.00639162	4.57793e-05
700	4.58422e-05	0.00562851	4.57365e-05
701	4.8114e-05	0.00600312	4.80092e-05
702	5.34423e-05	0.0069061	5.33302e-05
703	5.13655e-05	0.00654919	5.12461e-05
704	5.35654e-05	0.00668767	5.34558e-05
705	5.63236e-05	0.00727502	5.61999e-05
706	5.48733e-05	0.00678527	5.47533e-05
707	5.37985e-05	0.00614911	5.36814e-05
708	5.52019e-05	0.00697672	5.50953e-05
709	5.88419e-05	0.00706848	5.87237e-05
710	5.64149e-05	0.00667078	5.62839e-05
711	5.74145e-05	0.00627514	5.73066e-05
712	5.54174e-05	0.00615654	5.52949e-05
713	6.19416e-05	0.00671088	6.18004e-05
714	6.08558e-05	0.0060289	6.07157e-05
715	6.72665e-05	0.00704812	6.71192e-05
716	6.7463e-05	0.00691063	6.73166e-05
717	6.6319e-05	0.00674682	6.61786e-05
718	7.19364e-05	0.00752428	7.17807e-05
719	6.98306e-05	0.00686631	6.96736e-05
720	7.35015e-05	0.00741197	7.33293e-05
721	6.91887e-05	0.00680992	6.90375e-05
722	6.95797e-05	0.00640721	6.94303e-05
723	7.74941e-05	0.00745003	7.73144e-05
724	8.13318e-05	0.00768822	8.11402e-05
725	8.45503e-05	0.00814631	8.43406e-05
726	8.41022e-05	0.00785339	8.39073e-05
727	9.08195e-05	0.00874642	9.06117e-05
728	8.68647e-05	0.00807847	8.66877e-05
729	8.90738e-05	0.00805115	8.88455e-05
730	9.77758e-05	0.00983245	9.75104e-05
731	9.40588e-05	0.0082817	9.38104e-05
732	9.40513e-05	0.00815864	9.37912e-05
733	9.497e-05	0.00804826	9.47583e-05
734	0.000103712	0.00931348	0.000103426
735	0.000104102	0.00918169	0.000103791
736	0.000106747	0.00914835	0.000106444
737	0.000110471	0.0107236	0.000110129
738	0.000113319	0.00979931	0.000112982
739	0.000105284	0.00842627	0.000104965
740	0.000103233	0.00830596	0.000102926
741	0.000105377	0.00814829	0.000105039
742	0.000106365	0.00849319	0.000106045
743	0.000108068	0.0080029	0.000107713
744	0.000117186	0.00947356	0.000116789
745	0.000125299	0.00968861	0.000124863
746	0.000118898	0.00870683	0.000118508
747	0.000120669	0.00920852	0.000120269
748	0.00013018	0.00964337	0.000129719
749	0.000131678	0.00969518	0.000131202
750	0.00013204	0.00914279	0.000131599
751	0.000144051	0.0105627	0.000143539
752	0.000148751	0.0102477	0.000148235
753	0.00013914	0.00935571	0.000138633
754	0.000148747	0.0100091	0.000148199
755	0.00015146	0.00972473	0.000150926
756	0.000145904	0.00896942	0.000145365
757	0.000152914	0.00970307	0.000152332
758	0.000149445	0.00899443	0.000148847
759	0.000167908	0.0108311	0.000167285
760	0.000172692	0.0106398	0.000172009
761	0.000178815	0.0109832	0.000178167
762	0.000173535	0.0097146	0.000172808
763	0.000191246	0.010788	0.000190474
764	0.000190381	0.010318	0.00018965
765	0.000193559	0.0100833	0.000192773
766	0.000203629	0.0109812	0.000202786
767	0.000207707	0.0121643	0.00020681
768	0.000207073	0.01082	0.00020619
769	0.000208	0.0106648	0.000207097
770	0.00022579	0.0116991	0.000224736
771	0.000239028	0.0125121	0.000237957
772	0.000227506	0.0110434	0.000226442
773	0.000233523	0.0107268	0.000232472
774	0.000241195	0.0114052	0.000240011
775	0.000264404	0.0126514	0.000263057
776	0.000266112	0.012059	0.000264714
777	0.000272873	0.0125782	0.000271667
778	0.000285723	0.0131009	0.000284125
779	0.000290391	0.012518	0.000288862
780	0.000288383	0.0121706	0.000286944
781	0.000285633	0.0116177	0.000283999
782	0.000316084	0.0129558	0.000314321
783	0.000318399	0.0125458	0.000316513
784	0.000318364	0.0125348	0.000316313
785	0.000322173	0.0122959	0.000320296
786	0.000334428	0.0129066	0.000332394
787	0.000326163	0.0119178	0.000324039
788	0.000362565	0.0136312	0.000360226
789	0.000356986	0.0132646	0.000354595
790	0.000379774	0.0140191	0.000377299
791	0.000361826	0.0126459	0.000359324
792	0.000386827	0.014043	0.000384109
793	0.000406497	0.0138947	0.000403944
794	0.000406892	0.0138796	0.000404036
795	0.000393505	0.0133446	0.000390745
796	0.000409724	0.013116	0.000406937
797	0.000433079	0.0139571	0.000429853
798	0.000447287	0.0141815	0.000443709
799	0.000459849	0.0141337	0.000456548
800	0.000454861	0.0138294	0.000451541
801	0.000475279	0.0146407	0.000471623
802	0.000477326	0.014573	0.000473221
803	0.000509177	0.0144131	0.000505165
804	0.000530219	0.0149354	0.000525919
805	0.000553413	0.0157392	0.000548933
806	0.000566015	0.0157001	0.000561298
807	0.000584899	0.01603	0.000579863
808	0.000594609	0.0154056	0.000589306
809	0.000623185	0.015766	0.000617713
810	0.000642811	0.0155504	0.000637148
811	0.000672003	0.0161089	0.000665804
812	0.000711876	0.0167992	0.000705043
813	0.000762333	0.0179657	0.000755286
814	0.000757723	0.0176711	0.000750346
815	0.000787303	0.0177772	0.000779287
816	0.000807537	0.0181248	0.000799097
817	0.000829848	0.0176541	0.000821592
818	0.000861751	0.0175751	0.000853126
819	0.00086102	0.0173067	0.000851732
820	0.00090258	0.017827	0.000892528
821	0.000951064	0.0180432	0.000940737
822	0.00097712	0.019498	0.000966526
823	0.000989839	0.0188928	0.00097897
824	0.00110458	0.0208007	0.00109181
825	0.00108911	0.0196519	0.00107658
826	0.00111764	0.0199301	0.00110446
827	0.00111643	0.0183993	0.00110299
828	0.00122141	0.0209731	0.00120567
829	0.00124499	0.0204076	0.001229
830	0.0012611	0.0203676	0.00124447
831	0.00131902	0.0204309	0.00130129
832	0.0014179	0.0222433	0.00139716
833	0.00145504	0.0216021	0.00143484
834	0.00148309	0.0210998	0.00146204
835	0.00158225	0.0224723	0.00155856
836	0.00160438	0.0214708	0.0015813
837	0.00168619	0.0229094	0.00165995
838	0.00175835	0.0233318	0.00173151
839	0.0017919	0.0233358	0.00176268
840	0.00182714	0.0232828	0.00179829
841	0.00190928	0.0231007	0.00187754
842	0.0020253	0.0242002	0.00199003
843	0.00209303	0.0235688	0.00205692
844	0.00218313	0.024392	0.00214311
845	0.00233985	0.0254949	0.00229689
846	0.00244697	0.0255015	0.00240052
847	0.00248284	0.0251481	0.00243309
848	0.00264075	0.0255426	0.00258914
849	0.00275821	0.0261436	0.00270027
850	0.00299629	0.0283448	0.00293095
851	0.00304979	0.0278567	0.00298364
852	0.00328631	0.0296099	0.00321088
853	0.00346854	0.02984	0.00338801
854	0.00354905	0.0297489	0.00346348
855	0.00366435	0.0296549	0.00356915
856	0.00386464	0.0305394	0.00376555
857	0.00402165	0.0308988	0.00391412
858	0.00424867	0.0317933	0.00412933
859	0.00445661	0.0327327	0.0043301
860	0.00467386	0.0335404	0.00452738
861	0.0048558	0.0321456	0.00470819
862	0.00500765	0.0336396	0.00485141
863	0.00522425	0.0342777	0.00505415
864	0.0053975	0.0346226	0.00521269
865	0.00564821	0.0357635	0.00544844
866	0.00601451	0.0375224	0.00579119
867	0.0062242	0.0378034	0.00598925
868	0.00660969	0.0387797	0.00634964
869	0.00682832	0.038076	0.00656359
870	0.00716874	0.0390417	0.0068752
871	0.00748148	0.0403549	0.00717066
872	0.00785884	0.0403038	0.00751793
873	0.00834709	0.0410213	0.00798066
874	0.00862853	0.0409354	0.00822177
875	0.0094098	0.0436004	0.00894396
876	0.00959769	0.0433784	0.00912027
877	0.0101198	0.0442505	0.00959344
878	0.010716	0.0450739	0.0101552
879	0.0112008	0.0457033	0.0105782
880	0.0118615	0.0464769	0.0111787
881	0.0124915	0.0473978	0.01174
882	0.0129789	0.0473496	0.0121896
883	0.0138684	0.0495596	0.0129684
884	0.0142536	0.0489542	0.0132977
885	0.0151484	0.0506626	0.014081
886	0.0158945	0.0507249	0.0147294
887	0.0166941	0.0525439	0.0153992
888	0.017825	0.0535167	0.0163839
889	0.0186505	0.0538403	0.0170763
890	0.0195942	0.0545355	0.0178781
891	0.0207729	0.0557288	0.0188635
892	0.0221323	0.0561652	0.0200036
893	0.0229875	0.0564408	0.0206973
894	0.024653	0.0585267	0.0219793
895	0.0258831	0.0586757	0.0230206
896	0.0276264	0.0610445	0.0243675
897	0.0288987	0.0606013	0.0253493
898	0.0308214	0.062731	0.0267121
899	0.0322935	0.062356	0.027786
900	0.0346978	0.0637467	0.0295031
901	0.0366904	0.0654326	0.0310314
902	0.0390365	0.0678614	0.032444
903	0.0409838	0.0659036	0.0338762
904	0.0435584	0.067504	0.0353425
905	0.046289	0.0677771	0.0369942
906	0.0487181	0.0676653	0.038336
907	0.0518088	0.0693712	0.0398074
908	0.0555821	0.0700873	0.0419678
909	0.0590414	0.0710539	0.0435522
910	0.0624061	0.0711101	0.044482
911	0.0662325	0.0719396	0.0458258
912	0.0705546	0.0723835	0.0470858
913	0.0751145	0.0730892	0.0486343
914	0.0802214	0.0732672	0.0495325
915	0.084729	0.0749488	0.0498054
916	0.0902814	0.0755918	0.0514703
917	0.0947434	0.0770028	0.0532512
918	0.0977816	0.077212	0.0541225
919	0.101025	0.0787758	0.0556931
920	0.102369	0.0780787	0.05578
921	0.106067	0.0793609	0.0575866
922	0.107798	0.080864	0.0589864
923	0.110685	0.0821266	0.0601652
924	0.114825	0.084268	0.061643
925	0.112567	0.0831906	0.0611737
926	0.114455	0.0843962	0.0616201
927	0.12011	0.086071	0.0642793
928	0.119422	0.0864797	0.0637513
929	0.118907	0.0858174	0.0639703
930	0.116784	0.084661	0.0622958
931	0.128225	0.0904818	0.0679135
932	0.130558	0.0912145	0.0691545
933	0.128203	0.0900268	0.0682029
934	0.127587	0.0893561	0.0682554
935	0.126762	0.08996	0.0680593
936	0.125509	0.0898821	0.0662933
937	0.123987	0.0884109	0.0661918
938	0.137417	0.0954315	0.072562
939	0.14446	0.0982189	0.0753345
940	0.141994	0.0950572	0.0748134
941	0.141046	0.0964102	0.0738231
942	0.138351	0.0946324	0.0723969
943	0.1395	0.0947958	0.0737041
944	0.137926	0.094767	0.0727554
945	0.137203	0.093835	0.0724839
946	0.134667	0.0940652	0.0707885
947	0.132321	0.0915166	0.0706084
948	0.132275	0.0927714	0.0702357
949	0.130375	0.0904207	0.0689727
950	0.155706	0.100948	0.0814546
951	0.165734	0.105497	0.0856231
952	0.164291	0.104758	0.0853834
953	0.161353	0.10492	0.0827488
954	0.159667	0.103062	0.082959
955	0.160905	0.104284	0.0834164
956	0.158264	0.102324	0.0822307
957	0.157806	0.101172	0.0821662
958	0.155733	0.10131	0.0806513
959	0.154159	0.100997	0.0807569
960	0.153273	0.100538	0.0788435
960	0.153273	0.100538	0.0788435
961	0.150301	0.100876	0.0790372
962	0.149099	0.100853	0.0779301
963	0.14843	0.100849	0.0788986
964	0.147268	0.0991384	0.0775633
965	0.146629	0.0996395	0.0776127
966	0.145332	0.0982014	0.0761448
967	0.143395	0.100083	0.0761655
968	0.141908	0.0974241	0.0748756
969	0.141682	0.0975802	0.0745007
970	0.13977	0.0959682	0.0735762
971	0.138683	0.0954363	0.072711
972	0.138941	0.0982682	0.074218
973	0.198256	0.118111	0.100081
974	0.204717	0.12048	0.102958
975	0.202067	0.120093	0.100733
976	0.201623	0.118819	0.0996793
977	0.199819	0.118282	0.0994353
978	0.198353	0.120257	0.0997487
979	0.196988	0.119763	0.0991775
980	0.194523	0.115499	0.0971016
981	0.191731	0.116011	0.0963575
982	0.190825	0.117338	0.0966197
983	0.189163	0.116857	0.0966079
984	0.190681	0.115132	0.0966125
985	0.188974	0.115335	0.0958901
986	0.187129	0.116941	0.0959277
987	0.185614	0.113877	0.0941231
988	0.183343	0.113367	0.0934684
989	0.183259	0.113255	0.0938108
990	0.182247	0.112835	0.0931069
991	0.180978	0.112482	0.0932812
992	0.179022	0.112397	0.0913209
993	0.177669	0.113849	0.0926422
994	0.176549	0.112023	0.0905663
995	0.176674	0.11129	0.091362
996	0.174235	0.111439	0.0902083
997	0.172972	0.112698	0.0891644
998	0.169632	0.111774	0.088599
999	0.167712	0.110376	0.0877901
1000	0.166574	0.110171	0.086747
1001	0.165741	0.10881	0.0874512
1002	0.165828	0.111184	0.0874145
1003	0.16548	0.107929	0.0868011
1004	0.163608	0.108413	0.0850528
1005	0.162121	0.107251	0.085986
1006	0.160238	0.105514	0.0842871
1007	0.159096	0.10759	0.083639
1008	0.157618	0.105336	0.0838311
1009	0.156732	0.105758	0.0835444
1010	0.155736	0.106559	0.0826401
1011	0.153445	0.104676	0.0816435
1012	0.152022	0.106003	0.0813526
1013	0.151215	0.103748	0.0813823
1014	0.150961	0.10466	0.081351
1015	0.148287	0.102227	0.0788995
1016	0.147511	0.103835	0.0791266
1017	0.146853	0.099836	0.0784844
1018	0.145772	0.103389	0.0790893
1019	0.14492	0.102775	0.0779016
1020	0.141602	0.101712	0.0769195
1021	0.141535	0.0993501	0.0770514
1022	0.139823	0.09855	0.0759731
1023	0.141546	0.0982488	0.0759577
1024	0.138416	0.100304	0.0758786
1025	0.138224	0.0999886	0.0757262
1026	0.263971	0.139253	0.128282
1027	0.307328	0.149522	0.141519
1028	0.307433	0.147559	0.142592
1029	0.305388	0.151509	0.143666
1030	0.305798	0.148346	0.141948
1031	0.306172	0.149045	0.141691
1032	0.302451	0.149881	0.141833
1033	0.299939	0.1482	0.142399
1034	0.300098	0.148283	0.140676
1035	0.299996	0.149537	0.138433
1036	0.298995	0.148346	0.13811
1037	0.296183	0.148768	0.140244
1038	0.293928	0.146745	0.139539
1039	0.293114	0.148604	0.139448
1040	0.293931	0.149127	0.138879
1041	0.291061	0.14848	0.137385
1042	0.289744	0.147415	0.138929
1043	0.289351	0.145188	0.138204
1044	0.288357	0.147023	0.137801
1045	0.283869	0.1458	0.135648
1046	0.285803	0.147097	0.135268
1047	0.283128	0.146984	0.135756
1048	0.281847	0.146305	0.135621
1049	0.281321	0.147776	0.133837
1050	0.279037	0.146307	0.134705
1051	0.275344	0.145799	0.132315
1052	0.278849	0.145708	0.133706
1053	0.275854	0.144943	0.133364
1054	0.275044	0.144112	0.131961
1055	0.272056	0.145691	0.13185
1056	0.27267	0.143365	0.1309
1057	0.272285	0.145084	0.131977
1058	0.269762	0.145112	0.132065
1059	0.268747	0.145328	0.13225
1060	0.266045	0.143415	0.131088
1061	0.265778	0.144573	0.12936
1062	0.263739	0.144032	0.129072
1063	0.263522	0.14354	0.128483
1064	0.264128	0.144174	0.129208
1065	0.263426	0.14371	0.130958
1066	0.261273	0.145569	0.129693
1067	0.258315	0.141702	0.1258
1068	0.256348	0.141828	0.126119
1069	0.25863	0.140827	0.127567
1070	0.255854	0.143739	0.125384
1071	0.25283	0.14111	0.123366
1072	0.252485	0.142477	0.124642
1073	0.24969	0.141445	0.124456
1074	0.248428	0.142782	0.124272
1075	0.248151	0.140251	0.124526
1076	0.246627	0.14129	0.123933
1077	0.246528	0.139845	0.12331
1078	0.245457	0.142108	0.123685
1079	0.24197	0.140942	0.123106
1080	0.241669	0.140153	0.12242
1081	0.240715	0.139919	0.121531
1082	0.240456	0.138612	0.121778
1083	0.238063	0.138145	0.121067
1084	0.236387	0.1414	0.120552
1085	0.234482	0.137858	0.119514
1086	0.234826	0.139417	0.119021
1087	0.234562	0.13908	0.120248
1088	0.230991	0.136522	0.118917
1089	0.230231	0.140436	0.118083
1090	0.227464	0.136734	0.115491
1091	0.225762	0.135977	0.116589
1092	0.225182	0.136869	0.116919
1093	0.222298	0.13643	0.114292
1094	0.222495	0.133944	0.11383
1095	0.220971	0.135525	0.1149
1096	0.217673	0.135154	0.112126
1097	0.214829	0.132597	0.111495
1098	0.214514	0.135076	0.112813
1099	0.213409	0.134058	0.111953
1100	0.211013	0.135408	0.111419
1101	0.209535	0.132781	0.111768
1102	0.206744	0.132265	0.108715
1103	0.207	0.132997	0.109333
1104	0.207249	0.133164	0.109473
1105	0.202251	0.133267	0.108118
1106	0.201078	0.132143	0.107426
1107	0.200041	0.130433	0.106267
1108	0.198646	0.13005	0.106261
1109	0.19601	0.126725	0.10479
1110	0.194547	0.127977	0.10382
1111	0.193023	0.127478	0.102927
1112	0.190438	0.127202	0.102022
1113	0.190665	0.127277	0.101656
1114	0.188717	0.127948	0.10136
1115	0.187171	0.127301	0.101671
1116	0.185599	0.124327	0.100241
1117	0.183486	0.125081	0.0984975
1118	0.182068	0.126407	0.0996241
1119	0.181268	0.125388	0.0984261
1120	0.181784	0.124837	0.0997027
1121	0.178988	0.124089	0.0988679
1122	0.177141	0.125667	0.0968049
1123	0.177097	0.12585	0.0974018
1124	0.17389	0.1226	0.0953933
1125	0.174067	0.123033	0.094898
1126	0.16986	0.123545	0.0934356
1127	0.171357	0.121229	0.0933738
1128	0.170233	0.122448	0.0936258
1129	0.166701	0.121546	0.0924803
1130	0.164497	0.120926	0.0911367
1131	0.163318	0.121139	0.0909787
1132	0.163944	0.119738	0.0904961
1133	0.161969	0.119796	0.0896764
1134	0.159993	0.117983	0.089855
1135	0.158224	0.116292	0.0882653
1136	0.157788	0.118608	0.0879601
1137	0.157231	0.118828	0.0888732
1138	0.154647	0.115757	0.0858108
1139	0.152727	0.114132	0.0855932
1140	0.15187	0.11519	0.0855878
1141	0.150933	0.111325	0.0861159
1142	0.148962	0.11544	0.0847347
1143	0.147295	0.114672	0.0835074
1144	0.14729	0.112112	0.0831323
1145	0.146281	0.111963	0.0831762
1146	0.142392	0.113212	0.0820852
1147	0.142974	0.110553	0.0827727
1148	0.140913	0.110304	0.0815239
1149	0.142722	0.11206	0.0827417
1150	0.140085	0.10977	0.0801094
1151	0.13886	0.111625	0.0798379
1152	0.136025	0.110323	0.0789282
1153	0.134638	0.108742	0.0782951
1154	0.134501	0.108827	0.0775028
1155	0.134245	0.107544	0.0778615
1156	0.131753	0.107085	0.0768201
1157	0.130758	0.108733	0.0767413
1158	0.128903	0.10673	0.0760608
1159	0.126662	0.106158	0.074338
1160	0.125519	0.104829	0.0741241
1161	0.125944	0.104934	0.0733674
1162	0.122891	0.102598	0.0722567
1163	0.121096	0.103664	0.0716664
1164	0.120916	0.103634	0.0718792
1165	0.120114	0.102841	0.0717796
1166	0.11987	0.104618	0.070737
1167	0.117889	0.101415	0.0703764
1168	0.117741	0.101334	0.0705531
1169	0.115536	0.10076	0.0692172
1170	0.116532	0.100332	0.0693919
1171	0.113578	0.0990137	0.0674714
1172	0.112838	0.100992	0.0673882
1173	0.111519	0.0990502	0.0657798
1174	0.111166	0.0980789	0.0662041
1175	0.107602	0.0957675	0.0647005
1176	0.10822	0.0970795	0.0646018
1177	0.10785	0.0974951	0.0647614
1178	0.105961	0.0977438	0.0641493
1179	0.105167	0.0973949	0.0635416
1180	0.103652	0.0956232	0.0631297
1181	0.101742	0.0932091	0.0620708
1182	0.102207	0.0939965	0.0623242
1183	0.0995373	0.0919529	0.0613462
1184	0.0988177	0.091855	0.0607998
1185	0.0985996	0.0935716	0.0606688
1186	0.0963068	0.0933292	0.0599696
1187	0.0970348	0.0926002	0.0599442
1188	0.0967138	0.0922529	0.059574
1189	0.0940251	0.0890171	0.0583419
1190	0.0936445	0.0889081	0.057999
1191	0.0925323	0.0886442	0.0571902
1192	0.0912983	0.0887898	0.0570391
1193	0.0911444	0.0883486	0.0567325
1194	0.0902515	0.0871846	0.0562079
1195	0.0882072	0.085565	0.0550278
1196	0.0863216	0.0855676	0.0537619
1197	0.0857534	0.0853602	0.0538752
1198	0.0849723	0.0847294	0.0533229
1199	0.0835551	0.0843944	0.0526799
1200	0.0824235	0.083691	0.0522248
1201	0.0836174	0.0854964	0.0534684
1202	0.0816686	0.0823461	0.0516832
1203	0.0816204	0.0838101	0.0514969
1204	0.080687	0.0833172	0.0510097
1205	0.078655	0.0809288	0.0494782
1206	0.0783516	0.0812854	0.0495966
1207	0.0776627	0.0813048	0.0496225
1208	0.0764683	0.0809492	0.048632
1209	0.0760961	0.081681	0.0489462
1210	0.0758302	0.0792567	0.0481067
1211	0.0741201	0.0784871	0.0478421
1212	0.0741108	0.0790566	0.0473206
1213	0.0737495	0.0785939	0.0475483
1214	0.0739131	0.0760187	0.0470633
1215	0.0752192	0.0797535	0.047459
1216	0.72097	0.0816045	0.198639
1217	0.96752	0.0290707	0.321126
1218	0.974562	0.0226106	0.25446
1219	0.979328	0.0182393	0.202582
1220	0.982751	0.0151245	0.163141
1221	0.985304	0.0127837	0.135099
1222	0.987266	0.0109973	0.113192
1223	0.98881	0.00960425	0.0956684
1224	0.990051	0.00848644	0.0819648
1225	0.991066	0.007584	0.0706135
1226	0.99191	0.00683283	0.061638
1227	0.99262	0.00620846	0.0540591
1228	0.993225	0.00567753	0.047835
1229	0.993746	0.00521955	0.0427275
1230	0.9942	0.00482146	0.0384453
1231	0.994597	0.00447564	0.0347516
1232	0.994947	0.00417097	0.0315912
1233	0.995258	0.00390196	0.0288316
1234	0.995537	0.00366024	0.0264855
1235	0.995787	0.00344601	0.0243597
1236	0.996013	0.00325288	0.0224919
1237	0.996218	0.00307831	0.0208324
1238	0.996405	0.00291933	0.0193647
1239	0.996576	0.00277213	0.0181024
1240	0.996734	0.00263877	0.016932
1241	0.996878	0.0025148	0.0159093
1242	0.997012	0.00240253	0.0149356
1243	0.997136	0.00229774	0.0140775
1244	0.99725	0.00220146	0.0132784
1245	0.997357	0.00211044	0.0125794
1246	0.997458	0.00202617	0.0119232
1247	0.997551	0.0019475	0.0113256
1248	0.997638	0.00187479	0.0107592
1249	0.99772	0.00180602	0.0102482
1250	0.997797	0.00174207	0.00976332
1251	0.99787	0.00168173	0.0093167
1252	0.997938	0.00162376	0.00892317
1253	0.998003	0.00157037	0.0085338
1254	0.998065	0.00152032	0.00816304
1255	0.998123	0.00147194	0.00783569
1256	0.998178	0.00142679	0.00751753
1257	0.99823	0.00138457	0.00720982
1258	0.99828	0.0013434	0.0069378
1259	0.998327	0.00130398	0.00668681
1260	0.998372	0.00126676	0.00644439
1261	0.998415	0.00123141	0.00621556
1262	0.998456	0.00119816	0.00599314
1263	0.998496	0.00116604	0.00578843
1264	0.998533	0.00113556	0.00558996
1265	0.998569	0.00110677	0.00539848
1266	0.998604	0.00107865	0.00522508
1267	0.998637	0.00105201	0.00505612
1268	0.998669	0.00102641	0.0048933
1269	0.998699	0.00100182	0.00474117
1270	0.998729	0.00097826	0.00459633
1271	0.998757	0.000955282	0.00445983
1272	0.998784	0.000933455	0.00432956
1273	0.998811	0.000912466	0.0042051
1274	0.998836	0.000892429	0.00408454
1275	0.99886	0.00087295	0.00397002
1276	0.998884	0.000854413	0.00385883
1277	0.998906	0.000836817	0.00374875
1278	0.998929	0.000819175	0.00364798
1279	0.99895	0.000802315	0.00354947
1280	0.998971	0.00078567	0.00345399
1281	0.998991	0.000769881	0.00336415
1282	0.99901	0.000754941	0.00327686
1283	0.999029	0.000740021	0.00319841
1284	0.999047	0.000725912	0.0031194
1285	0.999064	0.000712187	0.00304317
1286	0.999081	0.000698923	0.00297102
1287	0.999097	0.000685797	0.00290411
1288	0.999113	0.00067332	0.0028369
1289	0.999129	0.000661592	0.00276748
1290	0.999144	0.000649628	0.00270698
1291	0.999158	0.000638665	0.00264131
1292	0.999172	0.000627367	0.002584
1293	0.999186	0.000616551	0.0025287
1294	0.9992	0.000605887	0.00247508
1295	0.999213	0.000595399	0.00242462
1296	0.999226	0.000585346	0.00237474
1297	0.999238	0.000575606	0.0023257
1298	0.99925	0.000566227	0.00227871
1299	0.999262	0.000557271	0.00223108
1300	0.999273	0.000548415	0.00218662
