600	1.51893e-05	0.00655419	1.51784e-05
601	1.43975e-05	0.00605344	1.43874e-05
602	1.55055e-05	0.00744576	1.54934e-05
603	1.39132e-05	0.00602804	1.3902e-05
604	1.37453e-05	0.0059304	1.37347e-05
605	1.20499e-05	0.00482693	1.20417e-05
606	1.27889e-05	0.00521929	1.2781e-05
607	1.32604e-05	0.00587232	1.32506e-05
608	1.27477e-05	0.00519676	1.27384e-05
609	1.26672e-05	0.00556847	1.26571e-05
610	1.11152e-05	0.00426945	1.11071e-05
611	1.3277e-05	0.0056365	1.32661e-05
612	1.21103e-05	0.0048253	1.21021e-05
613	1.35071e-05	0.00573236	1.34971e-05
614	1.23164e-05	0.00540236	1.2307e-05
615	1.13812e-05	0.00445774	1.13729e-05
616	1.21174e-05	0.00459329	1.21092e-05
617	1.14271e-05	0.00434925	1.14195e-05
618	1.19518e-05	0.00422765	1.19428e-05
619	1.00402e-05	0.00296602	1.00328e-05
620	1.30552e-05	0.00478647	1.30439e-05
621	1.28695e-05	0.00448646	1.28577e-05
622	1.25887e-05	0.00405634	1.25787e-05
623	1.38788e-05	0.00454786	1.38663e-05
624	1.42444e-05	0.0047452	1.42307e-05
625	1.3116e-05	0.00426912	1.31034e-05
626	1.43147e-05	0.0045852	1.43001e-05
627	1.49762e-05	0.00471627	1.49596e-05
628	1.37208e-05	0.00460731	1.37069e-05
629	1.28916e-05	0.00389944	1.28805e-05
630	1.22194e-05	0.00340751	1.22065e-05
631	1.39289e-05	0.00441837	1.39142e-05
632	1.37691e-05	0.00409869	1.37543e-05
633	1.20767e-05	0.00338512	1.20634e-05
634	1.31838e-05	0.00384899	1.31684e-05
635	1.33358e-05	0.00408796	1.33198e-05
636	1.3627e-05	0.0042685	1.3612e-05
637	1.34085e-05	0.00393648	1.33919e-05
638	1.2603e-05	0.00375494	1.25875e-05
639	1.412e-05	0.00428387	1.4102e-05
640	1.37248e-05	0.00405956	1.37089e-05
641	1.34822e-05	0.00415794	1.34661e-05
642	1.31089e-05	0.00384618	1.30924e-05
643	1.34869e-05	0.00391461	1.34697e-05
644	1.23925e-05	0.0034451	1.23765e-05
645	1.48409e-05	0.00427644	1.48202e-05
646	1.41173e-05	0.00370578	1.40998e-05
647	1.54552e-05	0.00456687	1.54347e-05
648	1.5238e-05	0.00411259	1.52165e-05
649	1.61595e-05	0.00445188	1.61381e-05
650	1.70275e-05	0.00478138	1.70064e-05
651	1.68756e-05	0.00441601	1.68513e-05
652	1.63992e-05	0.00430509	1.63763e-05
653	1.55146e-05	0.00427548	1.54935e-05
654	1.57222e-05	0.00374244	1.57005e-05
655	1.44795e-05	0.00340104	1.44584e-05
656	1.62968e-05	0.00405407	1.62752e-05
657	1.70004e-05	0.00438067	1.6978e-05
658	1.70905e-05	0.00440761	1.70675e-05
659	1.66314e-05	0.00399525	1.66077e-05
660	1.73728e-05	0.0040952	1.735e-05
661	1.84929e-05	0.00469231	1.84701e-05
662	1.86596e-05	0.0050759	1.86328e-05
663	1.77782e-05	0.00441277	1.77546e-05
664	1.65331e-05	0.00382989	1.65102e-05
665	1.61854e-05	0.0038423	1.61623e-05
666	1.77086e-05	0.0046493	1.76836e-05
667	1.77741e-05	0.00437859	1.77507e-05
668	1.59464e-05	0.00342006	1.59249e-05
669	1.93678e-05	0.00496876	1.93414e-05
670	1.85507e-05	0.00514195	1.85233e-05
671	1.84092e-05	0.00427858	1.8384e-05
672	1.89465e-05	0.00439881	1.89197e-05
673	1.89731e-05	0.00433039	1.89464e-05
674	2.01035e-05	0.00489885	2.00755e-05
675	2.004e-05	0.00469991	2.00101e-05
676	1.94786e-05	0.00522619	1.94516e-05
677	2.02907e-05	0.00491144	2.02608e-05
678	1.93382e-05	0.00482337	1.93101e-05
679	1.99018e-05	0.00456513	1.98743e-05
680	1.86138e-05	0.00389768	1.85879e-05
681	2.11562e-05	0.00525448	2.11252e-05
682	2.07574e-05	0.00473589	2.07272e-05
683	2.0338e-05	0.00436199	2.031e-05
684	1.79978e-05	0.00345292	1.79732e-05
685	1.88757e-05	0.0037205	1.88453e-05
686	2.34914e-05	0.00533928	2.34578e-05
687	2.48789e-05	0.00526395	2.48383e-05
688	2.13518e-05	0.0038763	2.13247e-05
689	2.12792e-05	0.00357451	2.1248e-05
690	2.15983e-05	0.00369126	2.15649e-05
691	2.3487e-05	0.00386825	2.34537e-05
692	2.52121e-05	0.00449787	2.51749e-05
693	2.38906e-05	0.00409221	2.38604e-05
694	2.73805e-05	0.00480764	2.7341e-05
695	2.42963e-05	0.00417136	2.42591e-05
696	2.60765e-05	0.00439821	2.60388e-05
697	2.72855e-05	0.0050719	2.72467e-05
698	2.83595e-05	0.00503234	2.83185e-05
699	2.80583e-05	0.00494125	2.8013e-05
700	2.62372e-05	0.00433086	2.61955e-05
701	2.48112e-05	0.004062	2.47699e-05
702	2.81972e-05	0.00455429	2.81503e-05
703	2.66337e-05	0.00364317	2.65845e-05
704	2.97567e-05	0.0046061	2.97063e-05
705	2.85081e-05	0.00416601	2.84618e-05
706	2.81311e-05	0.00421365	2.80863e-05
707	2.9535e-05	0.00441708	2.94865e-05
708	2.78966e-05	0.0038046	2.78537e-05
709	3.12128e-05	0.00437859	3.11703e-05
710	2.90564e-05	0.00390869	2.90138e-05
711	2.9595e-05	0.00385791	2.95487e-05
712	3.14439e-05	0.00441487	3.13921e-05
713	3.16636e-05	0.00434683	3.16114e-05
714	3.31484e-05	0.00434868	3.30908e-05
715	3.57196e-05	0.0046429	3.56677e-05
716	3.60216e-05	0.00466918	3.59649e-05
717	3.18838e-05	0.00392044	3.18294e-05
718	3.56632e-05	0.00432951	3.55895e-05
719	3.8473e-05	0.00470226	3.84024e-05
720	4.04069e-05	0.00476522	4.03349e-05
721	3.4406e-05	0.00395384	3.43371e-05
722	3.79211e-05	0.00437845	3.7851e-05
723	4.20905e-05	0.00503603	4.2e-05
724	4.26666e-05	0.00508094	4.25758e-05
725	4.50071e-05	0.00550302	4.49055e-05
726	4.37416e-05	0.00493512	4.36432e-05
727	4.15052e-05	0.00479393	4.14181e-05
728	4.55558e-05	0.00513434	4.54608e-05
729	4.16283e-05	0.00448312	4.1527e-05
730	4.55372e-05	0.00485629	4.54338e-05
731	4.61643e-05	0.00487483	4.60686e-05
732	4.99695e-05	0.00536611	4.98571e-05
733	4.77319e-05	0.00494997	4.7623e-05
734	5.52004e-05	0.00612486	5.50666e-05
735	5.10727e-05	0.00515876	5.0944e-05
736	5.82863e-05	0.00619122	5.81449e-05
737	5.70521e-05	0.0055924	5.69016e-05
738	5.73298e-05	0.00618556	5.71824e-05
739	5.9598e-05	0.00593106	5.94378e-05
740	6.45553e-05	0.00631557	6.43711e-05
741	6.28488e-05	0.00585948	6.2676e-05
742	6.07011e-05	0.00555743	6.05208e-05
743	6.88939e-05	0.006379	6.87043e-05
744	6.35019e-05	0.00548387	6.32931e-05
745	6.63479e-05	0.00602316	6.61515e-05
746	6.24224e-05	0.00498011	6.22421e-05
747	7.23835e-05	0.00644899	7.21699e-05
748	7.28096e-05	0.0060719	7.2572e-05
749	7.82943e-05	0.00677604	7.80682e-05
750	7.72893e-05	0.00626114	7.70519e-05
751	8.6061e-05	0.00706472	8.58192e-05
752	8.35998e-05	0.00662958	8.33421e-05
753	8.53919e-05	0.00679334	8.51096e-05
754	8.41625e-05	0.00672194	8.38785e-05
755	9.28224e-05	0.00745816	9.25045e-05
756	9.35478e-05	0.00732776	9.3236e-05
757	8.78356e-05	0.00625518	8.75593e-05
758	9.28342e-05	0.00686437	9.2508e-05
759	0.000103921	0.0075713	0.000103541
760	9.54356e-05	0.00677419	9.50607e-05
761	0.000100034	0.006755	9.9666e-05
762	0.000102175	0.00701146	0.000101806
763	0.000113561	0.00792235	0.000113132
764	0.000107804	0.00678058	0.00010742
765	0.000114782	0.00807594	0.000114324
766	0.00012193	0.00793459	0.000121419
767	0.000125578	0.00793085	0.00012508
768	0.000121969	0.00719306	0.000121534
769	0.000124623	0.00730213	0.000124127
770	0.000133728	0.00794443	0.000133171
771	0.000139914	0.00826646	0.000139311
772	0.000139162	0.00849144	0.000138522
773	0.000136241	0.00789225	0.000135672
774	0.000142978	0.00882735	0.000142324
775	0.000138158	0.00762379	0.000137536
776	0.000147238	0.00839803	0.000146539
777	0.000151283	0.00855351	0.000150545
778	0.000159814	0.00931808	0.000159039
779	0.000143388	0.00715998	0.000142723
780	0.000162198	0.0089224	0.00016138
781	0.000170985	0.00878576	0.000170181
782	0.000169618	0.00876156	0.000168763
783	0.000156669	0.00813596	0.000155904
784	0.0001729	0.00868743	0.000172074
785	0.000178004	0.00845336	0.000177068
786	0.000185541	0.0091183	0.000184516
787	0.000192673	0.00960157	0.000191604
788	0.000182403	0.0084173	0.000181478
789	0.000198036	0.00875591	0.000196964
790	0.000203661	0.00997215	0.000202492
791	0.000214344	0.00931589	0.00021319
792	0.000211385	0.00896381	0.000210162
793	0.000222073	0.00992481	0.000220829
794	0.000220378	0.00929946	0.000219052
795	0.000234134	0.00957237	0.000232627
796	0.000237016	0.00964956	0.000235494
797	0.000261247	0.0101468	0.000259486
798	0.000255232	0.00945119	0.000253619
799	0.000272574	0.0101235	0.000270688
800	0.000293815	0.0108582	0.00029196
801	0.000298623	0.0109092	0.000296506
802	0.000308554	0.0112509	0.00030629
803	0.000320403	0.0114779	0.000318134
804	0.000320519	0.0109274	0.000318273
805	0.000336938	0.011454	0.000334541
806	0.000334529	0.0103324	0.000332136
807	0.000350055	0.011388	0.000347357
808	0.000375885	0.0116304	0.000372907
809	0.000377363	0.0116404	0.000374291
810	0.000377483	0.0114535	0.000374618
811	0.000403359	0.0114015	0.000400159
812	0.000429335	0.0129395	0.000425855
813	0.00041953	0.0118841	0.000416082
814	0.000441941	0.0116655	0.000438151
815	0.000477194	0.0134146	0.000473005
816	0.000492678	0.0128863	0.000488812
817	0.000500044	0.0127544	0.000495245
818	0.000514248	0.0127864	0.000509194
819	0.000540546	0.0136533	0.000535231
820	0.000561548	0.013121	0.00055617
821	0.000573978	0.0132441	0.000568516
822	0.000613313	0.0139427	0.000607192
823	0.000631851	0.0137483	0.000625589
824	0.000628997	0.0136586	0.000621804
825	0.000673469	0.0147115	0.0006662
826	0.000667654	0.0139	0.000660413
827	0.000673516	0.0137129	0.000665868
828	0.000727705	0.014754	0.00071974
829	0.000776945	0.0154772	0.000767743
830	0.000801419	0.0151227	0.00079243
831	0.000821809	0.0150212	0.000811626
832	0.000864983	0.0156107	0.000854154
833	0.000928221	0.0162026	0.000916212
834	0.000909332	0.0153775	0.000896578
835	0.000998596	0.0166404	0.00098483
836	0.00101822	0.0165722	0.00100423
837	0.00110509	0.0177429	0.00109021
838	0.00110964	0.016877	0.00109394
839	0.00118585	0.0182936	0.001168
840	0.00126945	0.0188596	0.00125015
841	0.00129255	0.0182155	0.00127265
842	0.00131559	0.0177006	0.00129358
843	0.00138115	0.018352	0.00135678
844	0.00145992	0.0183544	0.00143552
845	0.00157576	0.0203808	0.00154763
846	0.00164118	0.0211981	0.00161174
847	0.0016743	0.0201005	0.00164261
848	0.0017223	0.0196068	0.00169091
849	0.00182567	0.0213457	0.00178948
850	0.00184984	0.0208334	0.00181307
851	0.00198023	0.0223057	0.00193801
852	0.00209659	0.0231992	0.00204987
853	0.00212135	0.0228069	0.00207504
854	0.00229534	0.0238452	0.00224449
855	0.00237246	0.0229175	0.00231957
856	0.00241006	0.0226532	0.00235531
857	0.00257944	0.0244688	0.00251598
858	0.00270701	0.0248808	0.00264121
859	0.00281999	0.0249412	0.00274732
860	0.00301307	0.025659	0.00293393
861	0.00314469	0.0258981	0.00306139
862	0.00334587	0.0267122	0.00324897
863	0.00339196	0.0265927	0.00329301
864	0.0036373	0.0275713	0.00352586
865	0.00381223	0.0278514	0.00368965
866	0.00405576	0.0282061	0.00391968
867	0.00425292	0.0288668	0.00411136
868	0.00446782	0.0299557	0.00431096
869	0.00475981	0.0312127	0.00458438
870	0.00489543	0.0305576	0.00471073
871	0.00526402	0.0329996	0.00505331
872	0.00526638	0.0299936	0.0050576
873	0.00567987	0.0318846	0.00544597
874	0.00595399	0.0328115	0.00568522
875	0.00635553	0.033113	0.00606886
876	0.00656503	0.0336474	0.00625825
877	0.0070115	0.0354956	0.00666561
878	0.00736289	0.034616	0.00699424
879	0.00801877	0.0370813	0.00761119
880	0.00814035	0.0360137	0.00769581
881	0.00874388	0.037416	0.008253
882	0.00917381	0.0379149	0.00863174
883	0.00978513	0.0397341	0.00919769
884	0.0102844	0.0399983	0.0096068
885	0.0107483	0.0397545	0.0100501
886	0.0116094	0.0414732	0.0107929
887	0.012276	0.0426509	0.0113825
888	0.0130099	0.0435715	0.012036
889	0.013717	0.043461	0.012658
890	0.0147106	0.04575	0.013508
891	0.0155779	0.0463001	0.0141693
892	0.016262	0.0454831	0.0147609
893	0.0176801	0.0482699	0.0159727
894	0.0185279	0.0486512	0.0166719
895	0.0198531	0.0503262	0.0177226
896	0.0209547	0.0503696	0.0185665
897	0.0222524	0.0514359	0.0195394
898	0.023512	0.0519054	0.0205538
899	0.0252904	0.0545227	0.0219189
900	0.0273321	0.0554681	0.0234839
901	0.0286919	0.0556366	0.0243203
902	0.0311214	0.056965	0.0260256
903	0.0329784	0.0576485	0.0273329
904	0.0352388	0.058652	0.0288717
905	0.037656	0.0591389	0.030289
906	0.0392978	0.0582622	0.0310086
907	0.0423723	0.0594303	0.0330268
908	0.0455601	0.0619298	0.0345395
909	0.0485812	0.0628434	0.0359154
910	0.0517666	0.0619583	0.0374343
911	0.0548064	0.0638513	0.0384812
912	0.0580934	0.0650636	0.0394066
913	0.0620625	0.0649794	0.0404539
914	0.0666768	0.0651277	0.0417163
915	0.0709481	0.066533	0.0426989
916	0.0742047	0.0662847	0.0437744
917	0.0793075	0.069301	0.0456323
918	0.0806761	0.0685923	0.0456423
919	0.0829598	0.0692922	0.046673
920	0.08664	0.0713217	0.0487394
921	0.0887597	0.071978	0.0492586
922	0.0910084	0.0724988	0.0510995
923	0.0917883	0.0735609	0.0514013
924	0.0960439	0.0774315	0.053144
925	0.0943595	0.0763688	0.052819
926	0.0967263	0.0758701	0.053973
927	0.102174	0.0796695	0.0560287
928	0.10062	0.0785187	0.0553837
929	0.1019	0.0781366	0.0559905
930	0.0999335	0.0788282	0.0553923
931	0.109599	0.081318	0.058934
932	0.111432	0.0839104	0.0610496
933	0.110613	0.0817884	0.0599753
934	0.109282	0.0825423	0.0595013
935	0.107739	0.0815914	0.0594323
936	0.107275	0.0827917	0.0593418
937	0.105692	0.080664	0.0584879
938	0.11839	0.0867918	0.0637031
939	0.123513	0.0878627	0.0664792
940	0.124396	0.0884783	0.0671074
941	0.122071	0.0873546	0.0659165
942	0.121689	0.0874812	0.0648996
943	0.12023	0.0873186	0.0638945
944	0.118524	0.0873339	0.0639169
945	0.117565	0.0848367	0.0630704
946	0.115977	0.0862268	0.0633331
947	0.113454	0.0838263	0.0622094
948	0.113492	0.0852727	0.062371
949	0.111567	0.0836034	0.0610411
950	0.137324	0.0957636	0.073133
951	0.145341	0.0976494	0.0761326
952	0.143868	0.0986694	0.0758647
953	0.142366	0.0967934	0.0749239
954	0.141627	0.0965374	0.07439
955	0.140244	0.0956397	0.0733645
956	0.138636	0.0947499	0.0724583
957	0.136881	0.0961655	0.0731014
958	0.136301	0.0948637	0.0733906
959	0.135946	0.0957548	0.0733044
960	0.132818	0.0936174	0.0714586
960	0.132818	0.0936174	0.0714586
961	0.13256	0.0938598	0.0706937
962	0.131118	0.0929731	0.0704689
963	0.129723	0.0935038	0.0699982
964	0.128543	0.0934753	0.0698407
965	0.126618	0.0896122	0.0684777
966	0.124214	0.0895624	0.0674929
967	0.124179	0.0924914	0.0679623
968	0.122556	0.0887553	0.0674623
969	0.123036	0.0896261	0.0667061
970	0.121766	0.0886332	0.0667276
971	0.119908	0.0897496	0.0659532
972	0.119965	0.0888116	0.0655302
973	0.17709	0.110891	0.0903263
974	0.183184	0.112542	0.0929398
975	0.182721	0.111882	0.0929156
976	0.1799	0.114003	0.0921149
977	0.17774	0.112161	0.0906788
978	0.177423	0.113477	0.0917946
979	0.17635	0.11145	0.0898293
980	0.176332	0.110911	0.0902596
981	0.173282	0.111988	0.0901682
982	0.172367	0.111491	0.0889929
983	0.168058	0.109325	0.0873937
984	0.167691	0.110745	0.0876657
985	0.165836	0.108367	0.0866734
986	0.165438	0.109393	0.0862648
987	0.166384	0.107728	0.087377
988	0.164417	0.108045	0.0860699
989	0.163314	0.107462	0.0856438
990	0.159796	0.106293	0.0841018
991	0.159863	0.105705	0.0851019
992	0.159355	0.106514	0.0833782
993	0.15614	0.104969	0.083073
994	0.156231	0.105229	0.0819917
995	0.154524	0.105049	0.0814052
996	0.15282	0.104777	0.0821063
997	0.151026	0.104081	0.0813787
998	0.15126	0.102294	0.0805708
999	0.149439	0.103153	0.0798217
1000	0.147738	0.102504	0.0792798
1001	0.146854	0.0999699	0.0788277
1002	0.146214	0.101894	0.0784533
1003	0.144552	0.101393	0.0780326
1004	0.142631	0.100837	0.0772736
1005	0.141813	0.100716	0.0764165
1006	0.139172	0.0992148	0.07607
1007	0.140996	0.0997293	0.075271
1008	0.138562	0.0989578	0.0750972
1009	0.137897	0.098392	0.0749415
1010	0.136908	0.100064	0.07419
1011	0.136453	0.0985396	0.0742107
1012	0.132888	0.0962132	0.0719162
1013	0.132869	0.0990394	0.0726487
1014	0.131796	0.0964994	0.0726811
1015	0.13148	0.0967189	0.0714438
1016	0.129353	0.0972651	0.0718704
1017	0.128276	0.0973022	0.0713684
1018	0.127403	0.0967343	0.0702575
1019	0.126361	0.094209	0.0692221
1020	0.125708	0.0945873	0.069416
1021	0.124678	0.0956139	0.0700672
1022	0.12309	0.0940633	0.0689327
1023	0.121663	0.093011	0.0677962
1024	0.121582	0.0933443	0.0685832
1025	0.119124	0.091369	0.0666365
1026	0.243012	0.135034	0.12113
1027	0.288806	0.144507	0.136819
1028	0.287276	0.145965	0.136286
1029	0.284064	0.14515	0.135305
1030	0.285584	0.145074	0.135693
1031	0.282711	0.147161	0.13387
1032	0.281947	0.145941	0.13468
1033	0.28069	0.144982	0.133639
1034	0.278935	0.145229	0.133636
1035	0.27528	0.143821	0.132098
1036	0.277875	0.144469	0.134121
1037	0.276193	0.143425	0.133618
1038	0.27453	0.143913	0.13147
1039	0.272065	0.144529	0.131496
1040	0.272581	0.142	0.131496
1041	0.271784	0.145991	0.129217
1042	0.270725	0.144418	0.132207
1043	0.267366	0.143786	0.130047
1044	0.266009	0.143609	0.130452
1045	0.26489	0.142124	0.129723
1046	0.264827	0.145195	0.129367
1047	0.262079	0.139481	0.126737
1048	0.264685	0.141255	0.130152
1049	0.263188	0.14401	0.129144
1050	0.2597	0.141728	0.127663
1051	0.257747	0.139437	0.123801
1052	0.257034	0.142221	0.125623
1053	0.258086	0.140782	0.125453
1054	0.253833	0.139802	0.125795
1055	0.252865	0.14102	0.124016
1056	0.250516	0.1409	0.124749
1057	0.248762	0.138807	0.123182
1058	0.248788	0.137951	0.123979
1059	0.246392	0.137473	0.123248
1060	0.246866	0.140016	0.122819
1061	0.244784	0.138132	0.124347
1062	0.244401	0.140506	0.124135
1063	0.241712	0.138469	0.121435
1064	0.240154	0.137785	0.121551
1065	0.241007	0.137859	0.121633
1066	0.238952	0.140175	0.120506
1067	0.23739	0.140642	0.121264
1068	0.2345	0.138152	0.119318
1069	0.233971	0.137638	0.118732
1070	0.235346	0.13808	0.120303
1071	0.232388	0.136433	0.117637
1072	0.230564	0.138692	0.117245
1073	0.228409	0.135281	0.116014
1074	0.22577	0.135488	0.115301
1075	0.225984	0.135747	0.116574
1076	0.222283	0.134801	0.11384
1077	0.222133	0.134066	0.112992
1078	0.22175	0.13471	0.114668
1079	0.2179	0.133536	0.11262
1080	0.215146	0.13182	0.111144
1081	0.214228	0.134095	0.112946
1082	0.213858	0.13383	0.111504
1083	0.211332	0.134032	0.110675
1084	0.209672	0.13168	0.11156
1085	0.206711	0.131442	0.108185
1086	0.206907	0.131846	0.108803
1087	0.207235	0.131901	0.109144
1088	0.202206	0.132399	0.107566
1089	0.200976	0.131014	0.107071
1090	0.19994	0.128743	0.106199
1091	0.198331	0.12893	0.105724
1092	0.195654	0.126171	0.10394
1093	0.194493	0.126691	0.10323
1094	0.192663	0.126837	0.102352
1095	0.190403	0.12616	0.101472
1096	0.190433	0.125521	0.102025
1097	0.188434	0.126726	0.101324
1098	0.187293	0.125062	0.101793
1099	0.184746	0.124443	0.0994478
1100	0.183156	0.124405	0.0979035
1101	0.181773	0.124907	0.098818
1102	0.181237	0.124502	0.0986667
1103	0.181114	0.123949	0.0987318
1104	0.178209	0.123709	0.0977908
1105	0.176887	0.123712	0.0960681
1106	0.175852	0.12309	0.0967134
1107	0.174223	0.122378	0.0957419
1108	0.172363	0.120038	0.094084
1109	0.1698	0.121986	0.0929116
1110	0.171231	0.118713	0.0940497
1111	0.168062	0.121581	0.0928337
1112	0.166683	0.120654	0.0922423
1113	0.163082	0.120538	0.0898232
1114	0.164205	0.119194	0.0910975
1115	0.162079	0.117507	0.0883884
1116	0.162589	0.120089	0.090131
1117	0.158369	0.116193	0.0884391
1118	0.157725	0.115431	0.0883288
1119	0.157794	0.11716	0.0891943
1120	0.155969	0.115438	0.08722
1121	0.154263	0.114713	0.0859612
1122	0.152322	0.115415	0.085646
1123	0.151379	0.114463	0.0851191
1124	0.149618	0.114412	0.0845169
1125	0.147667	0.113032	0.0829401
1126	0.147576	0.110658	0.0833505
1127	0.146502	0.110442	0.082854
1128	0.144009	0.113591	0.0826641
1129	0.142657	0.109774	0.0814647
1130	0.140705	0.110249	0.0804759
1131	0.142291	0.111332	0.0816777
1132	0.141219	0.109672	0.0809483
1133	0.138657	0.109671	0.0792355
1134	0.137355	0.108975	0.0795164
1135	0.134752	0.108208	0.0781554
1136	0.134038	0.106818	0.0776362
1137	0.134739	0.107893	0.0779354
1138	0.132024	0.106722	0.0767303
1139	0.130458	0.107374	0.0758117
1140	0.129349	0.106347	0.0756711
1141	0.126854	0.104743	0.0743701
1142	0.125275	0.104301	0.073679
1143	0.12662	0.105221	0.0735724
1144	0.122793	0.101942	0.071889
1145	0.121344	0.103683	0.0712935
1146	0.120973	0.103399	0.0718228
1147	0.120136	0.102087	0.071509
1148	0.119948	0.104021	0.0705302
1149	0.118068	0.100381	0.0701633
1150	0.117658	0.100526	0.0700602
1151	0.115512	0.100165	0.0688709
1152	0.116425	0.0996309	0.0689615
1153	0.113408	0.0978558	0.0672218
1154	0.112796	0.100271	0.0669735
1155	0.111311	0.0975501	0.0656668
1156	0.110907	0.0969433	0.0659264
1157	0.107355	0.0942524	0.0644126
1158	0.107854	0.0959758	0.0641927
1159	0.107967	0.0974061	0.064717
1160	0.105369	0.0968669	0.063218
1161	0.104786	0.0968763	0.0628372
1162	0.102958	0.0939124	0.0623806
1163	0.101409	0.0932086	0.0616387
1164	0.101966	0.0933471	0.0618562
1165	0.0992086	0.0917165	0.0606218
1166	0.0986342	0.0928993	0.0605008
1167	0.098137	0.0930944	0.0598746
1168	0.0960646	0.0932719	0.0593211
1169	0.0969789	0.0900772	0.0597603
1170	0.0961494	0.0911119	0.0591143
1171	0.0938305	0.0883883	0.0575535
1172	0.0928946	0.0873696	0.0575638
1173	0.0916295	0.0871776	0.0569522
1174	0.0910122	0.0887313	0.0560165
1175	0.0909199	0.086617	0.0565022
1176	0.088989	0.0868284	0.0557958
1177	0.0868618	0.0858017	0.054209
1178	0.085546	0.0839436	0.0532138
1179	0.0853355	0.0843143	0.0531691
1180	0.084403	0.0835656	0.053077
1181	0.0829459	0.0840361	0.0522513
1182	0.0825649	0.0831003	0.0517011
1183	0.0830241	0.0847131	0.0525264
1184	0.0810805	0.0828014	0.0509008
1185	0.0805377	0.0823903	0.0508805
1186	0.0795329	0.0815609	0.0499879
1187	0.0777949	0.0795208	0.0487772
1188	0.0772458	0.0809314	0.0492678
1189	0.0760997	0.0800926	0.0485231
1190	0.0756411	0.0800967	0.0484927
1191	0.0755528	0.0785856	0.0481952
1192	0.0735249	0.078792	0.0471646
1193	0.0729727	0.0771479	0.0466184
1194	0.072159	0.0770311	0.0460513
1195	0.0720202	0.0770394	0.046277
1196	0.0716072	0.0774314	0.0457375
1197	0.070191	0.0763418	0.045295
1198	0.0705879	0.0755014	0.0451716
1199	0.0683124	0.0746524	0.0442706
1200	0.0673554	0.0763117	0.0436257
1201	0.0662153	0.0733471	0.0430998
1202	0.0654541	0.072793	0.0427469
1203	0.0653905	0.0755981	0.0424511
1204	0.0647797	0.0739073	0.042605
1205	0.0637975	0.0731335	0.0419424
1206	0.0636117	0.0721625	0.0415388
1207	0.0617853	0.0700754	0.0402833
1208	0.0611742	0.0705934	0.040057
1209	0.0605773	0.0699753	0.0397513
1210	0.0605307	0.0700152	0.0398606
1211	0.0606394	0.0698403	0.0399918
1212	0.0592845	0.0692444	0.0390785
1213	0.05889	0.0684107	0.0388588
1214	0.058569	0.0682661	0.0385266
1215	0.0591767	0.068844	0.0387435
1216	0.709635	0.0827081	0.206892
1217	0.964615	0.0316297	0.344304
1218	0.971997	0.0248718	0.27849
1219	0.977157	0.0201283	0.224143
1220	0.980964	0.0166429	0.180972
1221	0.983835	0.0140184	0.148225
1222	0.986045	0.0120227	0.122225
1223	0.987781	0.0104651	0.102034
1224	0.989171	0.00921341	0.0867804
1225	0.990304	0.00820704	0.0742813
1226	0.991241	0.00737402	0.0644374
1227	0.992028	0.0066895	0.0559953
1228	0.992696	0.00610243	0.049387
1229	0.993269	0.00560573	0.0437202
1230	0.993766	0.00516943	0.0392142
1231	0.994201	0.0047927	0.0352936
1232	0.994583	0.00446164	0.0319566
1233	0.994922	0.00416526	0.0291884
1234	0.995225	0.00390396	0.0267205
1235	0.995497	0.00366958	0.0245801
1236	0.995742	0.00345956	0.0226815
1237	0.995964	0.00327171	0.0209588
1238	0.996166	0.0030998	0.0194623
1239	0.996351	0.00294172	0.0181607
1240	0.99652	0.00279708	0.0169931
1241	0.996676	0.00266475	0.0159345
1242	0.99682	0.00254377	0.0149612
1243	0.996953	0.00243143	0.014092
1244	0.997076	0.00232769	0.0132957
1245	0.997191	0.0022312	0.0125725
1246	0.997298	0.00214168	0.0119058
1247	0.997398	0.00205763	0.0113015
1248	0.997492	0.00197878	0.0107511
1249	0.99758	0.00190578	0.0102284
1250	0.997662	0.00183768	0.0097399
1251	0.99774	0.00177323	0.00929615
1252	0.997813	0.00171368	0.00886276
1253	0.997882	0.00165659	0.00847845
1254	0.997948	0.00160274	0.00811942
1255	0.99801	0.0015531	0.00776446
1256	0.998069	0.00150436	0.00745948
1257	0.998125	0.00145942	0.00715404
1258	0.998178	0.00141603	0.00687563
1259	0.998229	0.00137421	0.00662261
1260	0.998278	0.00133483	0.00637338
1261	0.998323	0.00129734	0.00614599
1262	0.998367	0.00126177	0.00592629
1263	0.998409	0.00122797	0.00571969
1264	0.998449	0.00119558	0.00552614
1265	0.998488	0.00116391	0.00535087
1266	0.998524	0.00113451	0.00517428
1267	0.99856	0.00110557	0.00501611
1268	0.998593	0.00107831	0.0048599
1269	0.998626	0.00105271	0.00470387
1270	0.998657	0.00102753	0.004563
1271	0.998687	0.00100368	0.00442391
1272	0.998716	0.000980426	0.0042942
1273	0.998744	0.000958525	0.00416724
1274	0.998771	0.000936819	0.00405197
1275	0.998797	0.00091595	0.00394177
1276	0.998822	0.000895965	0.00383536
1277	0.998846	0.000877225	0.00372636
1278	0.998869	0.000858967	0.00362612
1279	0.998892	0.000841051	0.00353251
1280	0.998913	0.000823802	0.00344209
1281	0.998934	0.000807172	0.00335577
1282	0.998954	0.000791009	0.00327336
1283	0.998974	0.000775128	0.00319597
1284	0.998993	0.000760199	0.00311729
1285	0.999012	0.000745393	0.00304379
1286	0.99903	0.000731131	0.00297464
1287	0.999048	0.000717572	0.00290366
1288	0.999065	0.00070458	0.00283369
1289	0.999081	0.000691807	0.00276917
1290	0.999097	0.000679257	0.00270774
1291	0.999112	0.000667015	0.00265048
1292	0.999127	0.00065543	0.00259195
1293	0.999141	0.00064427	0.00253442
1294	0.999156	0.000632801	0.00248458
1295	0.999169	0.000622341	0.00243017
1296	0.999183	0.00061185	0.00238058
1297	0.999196	0.000601517	0.00233341
1298	0.999209	0.000591656	0.00228466
1299	0.999221	0.000581842	0.0022416
1300	0.999233	0.000572541	0.00219711
