600	8.46789e-06	0.00551171	8.46254e-06
601	7.32381e-06	0.00442703	7.31922e-06
602	8.64627e-06	0.00528995	8.6414e-06
603	8.72854e-06	0.00548103	8.72447e-06
604	8.99623e-06	0.00587874	8.99126e-06
605	8.26695e-06	0.00548013	8.26263e-06
606	7.21714e-06	0.00421575	7.21305e-06
607	8.15043e-06	0.00468602	8.14625e-06
608	7.39193e-06	0.00471455	7.38746e-06
609	6.76005e-06	0.00341123	6.75606e-06
610	7.14462e-06	0.00383715	7.13954e-06
611	7.87797e-06	0.00432176	7.87305e-06
612	8.0735e-06	0.00466781	8.0681e-06
613	7.39752e-06	0.00380111	7.39305e-06
614	7.62061e-06	0.0038869	7.61581e-06
615	6.69183e-06	0.00334816	6.68747e-06
616	7.7859e-06	0.00385824	7.78106e-06
617	7.68023e-06	0.00372858	7.67576e-06
618	8.5377e-06	0.00455526	8.53242e-06
619	8.39665e-06	0.00436749	8.39128e-06
620	6.05824e-06	0.00272444	6.05428e-06
621	7.52873e-06	0.00379977	7.52348e-06
622	6.19615e-06	0.00282936	6.19221e-06
623	6.67938e-06	0.00322943	6.67397e-06
624	6.39354e-06	0.00288101	6.3897e-06
625	6.98979e-06	0.00351281	6.98317e-06
626	6.77686e-06	0.00331477	6.77192e-06
627	6.75457e-06	0.00329436	6.74921e-06
628	6.8966e-06	0.00331295	6.89079e-06
629	7.47212e-06	0.00372618	7.46634e-06
630	6.92087e-06	0.00331535	6.91501e-06
631	7.22487e-06	0.00357533	7.21961e-06
632	7.07058e-06	0.00324123	7.06474e-06
633	7.07828e-06	0.00351863	7.07122e-06
634	6.69479e-06	0.00328556	6.68898e-06
635	7.17116e-06	0.00367306	7.16478e-06
636	6.30524e-06	0.00268105	6.29883e-06
637	7.61583e-06	0.0042459	7.60882e-06
638	6.5866e-06	0.00295284	6.5806e-06
639	6.57981e-06	0.00323107	6.57285e-06
640	7.71034e-06	0.00385239	7.70316e-06
641	6.64292e-06	0.00309272	6.63614e-06
642	7.67896e-06	0.00367223	7.67139e-06
643	5.82457e-06	0.00257002	5.81938e-06
644	6.81753e-06	0.00300454	6.80961e-06
645	6.15687e-06	0.00243045	6.15069e-06
646	5.79003e-06	0.00201013	5.78463e-06
647	6.15811e-06	0.00209848	6.1523e-06
648	6.93998e-06	0.00277834	6.93342e-06
649	7.07292e-06	0.00282028	7.06637e-06
650	7.62765e-06	0.00300351	7.62091e-06
651	7.79992e-06	0.00334367	7.79252e-06
652	6.97798e-06	0.00281723	6.97165e-06
653	7.1983e-06	0.0027526	7.19181e-06
654	6.78805e-06	0.00231887	6.78238e-06
655	6.77245e-06	0.00272201	6.76729e-06
656	6.64693e-06	0.00235786	6.64051e-06
657	6.5477e-06	0.0022962	6.54165e-06
658	7.12775e-06	0.00259194	7.12047e-06
659	8.04949e-06	0.00328109	8.04192e-06
660	7.3331e-06	0.00259512	7.32592e-06
661	7.84151e-06	0.00286072	7.83434e-06
662	8.14863e-06	0.00296958	8.14006e-06
663	8.81194e-06	0.00326197	8.80241e-06
664	7.54582e-06	0.0028048	7.5367e-06
665	8.22917e-06	0.00344472	8.21987e-06
666	7.11786e-06	0.00272137	7.11e-06
667	8.58827e-06	0.00317057	8.57937e-06
668	7.77398e-06	0.00292536	7.76565e-06
669	8.14936e-06	0.00287512	8.14113e-06
670	7.65267e-06	0.00262566	7.64464e-06
671	9.12307e-06	0.00317261	9.11435e-06
672	8.35899e-06	0.00289356	8.35037e-06
673	7.82158e-06	0.00255455	7.81444e-06
674	6.85178e-06	0.00193012	6.84514e-06
675	9.22265e-06	0.00287872	9.21199e-06
676	1.04794e-05	0.00323382	1.04684e-05
677	1.03339e-05	0.0027864	1.03231e-05
678	9.31773e-06	0.00256716	9.30719e-06
679	1.05759e-05	0.00275099	1.05662e-05
680	1.01806e-05	0.00250169	1.01711e-05
681	1.18231e-05	0.00319624	1.18103e-05
682	1.06399e-05	0.00261682	1.06276e-05
683	1.17713e-05	0.00298042	1.17579e-05
684	1.14603e-05	0.0030401	1.14481e-05
685	1.05778e-05	0.00254152	1.05662e-05
686	1.11545e-05	0.00296306	1.11417e-05
687	1.19815e-05	0.00308393	1.19688e-05
688	1.28735e-05	0.00334973	1.28582e-05
689	1.13485e-05	0.00270969	1.13361e-05
690	1.02143e-05	0.00214858	1.02024e-05
691	1.18078e-05	0.00297074	1.17923e-05
692	1.18326e-05	0.00268183	1.18167e-05
693	1.24668e-05	0.00291751	1.24484e-05
694	1.19559e-05	0.00277363	1.19416e-05
695	1.28945e-05	0.00320106	1.28785e-05
696	1.28545e-05	0.00294993	1.28386e-05
697	1.15417e-05	0.00245296	1.15259e-05
698	1.28506e-05	0.00294203	1.28354e-05
699	1.25959e-05	0.00289212	1.25771e-05
700	1.28408e-05	0.00278903	1.28221e-05
701	1.17117e-05	0.00227778	1.1694e-05
702	1.23333e-05	0.00275332	1.23161e-05
703	1.31211e-05	0.00288063	1.31022e-05
704	1.3619e-05	0.00285739	1.36006e-05
705	1.37256e-05	0.00280079	1.37047e-05
706	1.20546e-05	0.00230701	1.20369e-05
707	1.41262e-05	0.00274896	1.41042e-05
708	1.45959e-05	0.00286263	1.45762e-05
709	1.62014e-05	0.00327873	1.61731e-05
710	1.3688e-05	0.00239329	1.36703e-05
711	1.38257e-05	0.00241079	1.3808e-05
712	1.51819e-05	0.00297885	1.51553e-05
713	1.61952e-05	0.00302594	1.61722e-05
714	1.66845e-05	0.00318768	1.66592e-05
715	1.6748e-05	0.00312429	1.67221e-05
716	1.4708e-05	0.00259128	1.46835e-05
717	1.5674e-05	0.00273186	1.56511e-05
718	1.6786e-05	0.00293126	1.67568e-05
719	1.69257e-05	0.00302709	1.68977e-05
720	1.80411e-05	0.00314489	1.80124e-05
721	1.86729e-05	0.0033331	1.86378e-05
722	1.81137e-05	0.0029657	1.8088e-05
723	2.28142e-05	0.00456679	2.27722e-05
724	1.89324e-05	0.0031128	1.89007e-05
725	2.25159e-05	0.00423524	2.2479e-05
726	2.26846e-05	0.00414228	2.26452e-05
727	2.08833e-05	0.0039245	2.08445e-05
728	2.2126e-05	0.00372585	2.2089e-05
729	2.66087e-05	0.0046623	2.65525e-05
730	2.28882e-05	0.00354719	2.28431e-05
731	2.27412e-05	0.00324889	2.26988e-05
732	2.61953e-05	0.00401634	2.61407e-05
733	2.55285e-05	0.00377757	2.54811e-05
734	2.27487e-05	0.00325591	2.27051e-05
735	2.62133e-05	0.00365275	2.61607e-05
736	2.92608e-05	0.00474397	2.91965e-05
737	2.81729e-05	0.00376236	2.81213e-05
738	3.10605e-05	0.00447399	3.09985e-05
739	3.05885e-05	0.00453443	3.05235e-05
740	3.11751e-05	0.00397283	3.11185e-05
741	3.48502e-05	0.00470351	3.47867e-05
742	3.2706e-05	0.00412269	3.26395e-05
743	3.70247e-05	0.00534846	3.69462e-05
744	3.3201e-05	0.00418863	3.31334e-05
745	3.69829e-05	0.00489542	3.68998e-05
746	3.42762e-05	0.0041587	3.41969e-05
747	3.96809e-05	0.00474587	3.95809e-05
748	3.90595e-05	0.0049394	3.8954e-05
749	4.06575e-05	0.00458568	4.05656e-05
750	3.87773e-05	0.00421578	3.86793e-05
751	4.49297e-05	0.00565539	4.48147e-05
752	3.97497e-05	0.00418722	3.96411e-05
753	4.52505e-05	0.00509377	4.51302e-05
754	4.28803e-05	0.00437374	4.27593e-05
755	4.82891e-05	0.00505516	4.81548e-05
756	4.93222e-05	0.00502025	4.91797e-05
757	4.71001e-05	0.00465636	4.69728e-05
758	4.78027e-05	0.00492974	4.76605e-05
759	5.60938e-05	0.00558056	5.59389e-05
760	5.16597e-05	0.00524855	5.14902e-05
761	5.50587e-05	0.00530801	5.48832e-05
762	5.52408e-05	0.00569316	5.50505e-05
763	5.32557e-05	0.00512039	5.30699e-05
764	5.44743e-05	0.00472597	5.42951e-05
765	6.35945e-05	0.00629634	6.33766e-05
766	6.16845e-05	0.00552886	6.14894e-05
767	5.61793e-05	0.00464607	5.60019e-05
768	5.91923e-05	0.0054277	5.89943e-05
769	6.37844e-05	0.00539916	6.35523e-05
770	6.63479e-05	0.00553161	6.60971e-05
771	6.18265e-05	0.00554621	6.16068e-05
772	6.55266e-05	0.00617521	6.52915e-05
773	6.9546e-05	0.0056564	6.92871e-05
774	7.38476e-05	0.00589776	7.35833e-05
775	7.91997e-05	0.0068205	7.88908e-05
776	7.32301e-05	0.00574826	7.2963e-05
777	7.84348e-05	0.00608751	7.81438e-05
778	7.85517e-05	0.00610875	7.82664e-05
779	8.41425e-05	0.00607198	8.38497e-05
780	8.0758e-05	0.00563772	8.04462e-05
781	8.36448e-05	0.00618895	8.32892e-05
782	8.23261e-05	0.00578142	8.19531e-05
783	9.27843e-05	0.00674415	9.23552e-05
784	9.08201e-05	0.00601664	9.04117e-05
785	0.00010183	0.00678691	0.000101381
786	9.46571e-05	0.00585976	9.42089e-05
787	0.000102585	0.00611431	0.000102126
788	0.000109664	0.00688321	0.000109168
789	0.000110553	0.00654002	0.000110057
790	0.000112643	0.00677966	0.000112127
791	0.000120042	0.00732433	0.000119454
792	0.000119888	0.00665908	0.000119257
793	0.00012436	0.00703089	0.000123694
794	0.000127376	0.00653789	0.000126713
795	0.000130509	0.00673899	0.00012984
796	0.000141866	0.00722128	0.000141096
797	0.000143952	0.00747351	0.000143119
798	0.0001426	0.00715004	0.000141828
799	0.000161238	0.00801979	0.000160348
800	0.000162555	0.00774793	0.000161625
801	0.000160565	0.00752169	0.000159634
802	0.000166366	0.00759586	0.000165391
803	0.000182313	0.00866919	0.000181137
804	0.000183461	0.00809032	0.000182229
805	0.000179617	0.00784508	0.000178451
806	0.000195886	0.00859163	0.000194558
807	0.000197895	0.00850189	0.000196593
808	0.000201126	0.00792767	0.000199601
809	0.000199101	0.00730386	0.00019772
810	0.000224449	0.0085519	0.000222936
811	0.000221132	0.008058	0.000219538
812	0.000233074	0.00867575	0.000231221
813	0.000241491	0.00886425	0.000239569
814	0.000243961	0.00876581	0.000242204
815	0.000249708	0.00942801	0.000247596
816	0.00027084	0.00949754	0.000268562
817	0.000287286	0.00990516	0.000285
818	0.000296844	0.00959267	0.000294196
819	0.000300235	0.0097686	0.000297606
820	0.000327874	0.0102656	0.00032502
821	0.000328835	0.0100972	0.000325845
822	0.00033181	0.00964058	0.000328583
823	0.000360408	0.0103623	0.000356868
824	0.000405829	0.0121389	0.000401816
825	0.000378168	0.00973444	0.000374333
826	0.000431934	0.0116895	0.000427783
827	0.000421221	0.0106059	0.000417236
828	0.000460632	0.0119438	0.000455799
829	0.000463123	0.0113292	0.00045785
830	0.00047388	0.0106666	0.000468787
831	0.000498739	0.0114759	0.00049318
832	0.000533764	0.0122587	0.000527638
833	0.000566832	0.0130494	0.000560334
834	0.000555838	0.0119232	0.000549165
835	0.000583268	0.0119715	0.000576028
836	0.000619557	0.0125183	0.000612401
837	0.000625007	0.0124259	0.000616914
838	0.000679856	0.0134168	0.000670926
839	0.000708035	0.0136797	0.000698586
840	0.000713422	0.0136827	0.000703606
841	0.000797044	0.0146837	0.000785578
842	0.000816064	0.0137444	0.00080437
843	0.000867796	0.0145737	0.000854462
844	0.000893604	0.0146559	0.000879545
845	0.000958504	0.0156472	0.000943376
846	0.000987935	0.0153483	0.000971933
847	0.00105493	0.0159324	0.00103629
848	0.00110156	0.0160884	0.00108246
849	0.00113471	0.015946	0.00111376
850	0.00116237	0.0158282	0.00114195
851	0.00125832	0.016792	0.00123372
852	0.00131655	0.0168644	0.00129079
853	0.00138081	0.0169708	0.00135347
854	0.00149089	0.0181319	0.0014609
855	0.00152334	0.0182898	0.00149136
856	0.0016304	0.0185063	0.00159662
857	0.00168805	0.0186281	0.00165053
858	0.00180996	0.0204059	0.00176642
859	0.00176591	0.0173504	0.00172273
860	0.00191108	0.0187113	0.00186469
861	0.00206139	0.0197634	0.0020092
862	0.00217926	0.0198305	0.00212117
863	0.0022417	0.0204207	0.0021826
864	0.0024155	0.0213548	0.00234735
865	0.00259928	0.0219993	0.00252832
866	0.00271529	0.0224854	0.00263731
867	0.00283675	0.0223706	0.00275125
868	0.00297284	0.0231536	0.00288011
869	0.00319193	0.0236447	0.00308751
870	0.00331183	0.0237797	0.00319648
871	0.00346079	0.0242358	0.00334071
872	0.00365584	0.0238288	0.00352404
873	0.00400168	0.0258877	0.00384885
874	0.00416985	0.0258525	0.00400635
875	0.00439699	0.026311	0.00422007
876	0.00473045	0.0276263	0.00452882
877	0.00502887	0.028183	0.00480247
878	0.00535452	0.0285059	0.00510199
879	0.00573377	0.0301557	0.00545727
880	0.00596473	0.0295313	0.00566997
881	0.00633536	0.0302724	0.00601055
882	0.00664049	0.031346	0.00626374
883	0.00714619	0.0320841	0.00674717
884	0.007446	0.0318222	0.00700999
885	0.00811412	0.0340976	0.00761569
886	0.00874631	0.0357225	0.00818689
887	0.0092547	0.0360474	0.00862449
888	0.00984746	0.0358967	0.00915373
889	0.010503	0.0372456	0.00973538
890	0.0112632	0.0387178	0.0103767
891	0.0117504	0.037767	0.0108084
892	0.012454	0.0389771	0.0114044
893	0.0132236	0.0392931	0.0120184
894	0.0141574	0.0404723	0.0128482
895	0.0150614	0.0410811	0.0135624
896	0.0163106	0.0425844	0.0146105
897	0.0169511	0.0429974	0.0150565
898	0.0181241	0.0440927	0.0159942
899	0.0190995	0.0437305	0.0167056
900	0.0207238	0.0468058	0.0179375
901	0.0224433	0.0483463	0.019228
902	0.0236588	0.0475882	0.020178
903	0.025356	0.0492127	0.0213237
904	0.0270747	0.049446	0.0224371
905	0.0287335	0.0494748	0.0234299
906	0.0311422	0.0508166	0.02512
907	0.0328381	0.0508907	0.0260251
908	0.035872	0.0529799	0.0278476
909	0.0377679	0.0523462	0.0286683
910	0.0411798	0.0546311	0.0303424
911	0.0440324	0.0551311	0.0315519
912	0.0470361	0.055807	0.0324996
913	0.0500835	0.0557334	0.0334294
914	0.0534984	0.0561356	0.0343008
915	0.0588235	0.057093	0.0360897
916	0.0616478	0.059694	0.0366728
917	0.0650104	0.0596931	0.0379726
918	0.0671085	0.0615071	0.0394307
919	0.0690481	0.0625406	0.0400014
920	0.0717611	0.0633799	0.0413906
921	0.0739161	0.0647156	0.0425985
922	0.076084	0.0667392	0.0435683
923	0.0773081	0.0663672	0.0446628
924	0.0800159	0.0684322	0.0456911
925	0.0789162	0.06616	0.0452772
926	0.0822145	0.0688276	0.0467558
927	0.0875104	0.0719844	0.0492959
928	0.0864556	0.0698767	0.0487025
929	0.0852412	0.0692527	0.0478635
930	0.0843439	0.0694847	0.0478046
931	0.0926192	0.0729762	0.0517955
932	0.0943444	0.0754439	0.0527528
933	0.0935846	0.0752264	0.0527148
934	0.0919635	0.0752665	0.0518352
935	0.0909832	0.0739279	0.0512363
936	0.0911457	0.0749663	0.0508838
937	0.090311	0.0732012	0.0509217
938	0.10104	0.079536	0.0562631
939	0.107019	0.0824932	0.0588762
940	0.107041	0.0819203	0.0582761
941	0.104955	0.0794876	0.0573326
942	0.104567	0.0816882	0.0574234
943	0.102369	0.0795675	0.0568903
944	0.102336	0.079622	0.0574203
945	0.100536	0.0796682	0.0562028
946	0.0993831	0.0774105	0.0550213
947	0.0988133	0.0797249	0.0547651
948	0.0970929	0.0777161	0.0542216
949	0.0953147	0.0775912	0.053788
950	0.11874	0.0869493	0.064782
951	0.124507	0.0883626	0.0669847
952	0.124623	0.0897193	0.0672823
953	0.122453	0.0906083	0.0664403
954	0.123208	0.0892032	0.0667577
955	0.121848	0.0886338	0.0658142
956	0.120323	0.0897126	0.0656813
957	0.118331	0.0871947	0.0642781
958	0.117473	0.0872863	0.0639522
959	0.116594	0.085522	0.0640583
960	0.115471	0.0853355	0.062884
960	0.115471	0.0853355	0.062884
961	0.114803	0.0861913	0.0631924
962	0.113014	0.0856705	0.0616574
963	0.112046	0.0850881	0.0624572
964	0.111038	0.0831002	0.0610504
965	0.111472	0.0843848	0.0609087
966	0.108819	0.0835458	0.0601753
967	0.10819	0.0833344	0.0603116
968	0.104985	0.0818273	0.0589701
969	0.103604	0.082246	0.0578151
970	0.102242	0.0810961	0.0572787
971	0.101905	0.0811852	0.0574075
972	0.103792	0.0814178	0.0582599
973	0.158277	0.10528	0.0829838
974	0.163268	0.106589	0.085271
975	0.159814	0.105362	0.083844
976	0.159795	0.104896	0.0845994
977	0.159208	0.10497	0.0832831
978	0.156191	0.10441	0.0826839
979	0.156335	0.104529	0.0820319
980	0.15427	0.104234	0.0809004
981	0.152594	0.104504	0.0811304
982	0.151116	0.102481	0.0811535
983	0.151172	0.101249	0.0802806
984	0.148796	0.101876	0.0787283
985	0.147641	0.101335	0.0789924
986	0.14666	0.0993565	0.0782035
987	0.146111	0.10064	0.078671
988	0.144804	0.101131	0.0770895
989	0.141862	0.100303	0.076373
990	0.141509	0.0979087	0.0764148
991	0.139701	0.0972344	0.0754271
992	0.141406	0.0970483	0.0750313
993	0.138286	0.0988348	0.0751851
994	0.137182	0.0983239	0.0748011
995	0.137382	0.0985074	0.0744104
996	0.134697	0.0965166	0.0731406
997	0.132989	0.0958471	0.0716803
998	0.132325	0.0969376	0.0728893
999	0.13128	0.0981214	0.0718117
1000	0.130947	0.0957603	0.0715025
1001	0.129101	0.0959137	0.0713236
1002	0.127291	0.0969263	0.070315
1003	0.126583	0.0947921	0.0690926
1004	0.125874	0.0933083	0.069213
1005	0.125321	0.0953583	0.0693012
1006	0.124596	0.0939766	0.0692511
1007	0.121184	0.0924167	0.0669552
1008	0.121593	0.091591	0.0689173
1009	0.119897	0.0910631	0.0671766
1010	0.118219	0.0906838	0.0662291
1011	0.117427	0.0891476	0.0652543
1012	0.117169	0.0927779	0.0661584
1013	0.114585	0.0891502	0.0645438
1014	0.116203	0.0894593	0.0650303
1015	0.113594	0.0879982	0.0635248
1016	0.112479	0.0891008	0.0633946
1017	0.111728	0.0884674	0.0628307
1018	0.110699	0.0889075	0.0629993
1019	0.108388	0.0870466	0.0616218
1020	0.10878	0.0869223	0.0614644
1021	0.106424	0.0848487	0.0608989
1022	0.106679	0.0869327	0.0608685
1023	0.10393	0.0858495	0.0597813
1024	0.103626	0.0845265	0.0596489
1025	0.103477	0.0862958	0.0592458
1026	0.223849	0.131624	0.113485
1027	0.268104	0.143781	0.130128
1028	0.265666	0.141892	0.129747
1029	0.265251	0.141402	0.128481
1030	0.264505	0.142522	0.129185
1031	0.262295	0.140009	0.126247
1032	0.264378	0.140573	0.129816
1033	0.26322	0.142696	0.128909
1034	0.260272	0.141884	0.127021
1035	0.257693	0.139079	0.123346
1036	0.256658	0.141521	0.124732
1037	0.258427	0.13948	0.125242
1038	0.25386	0.138806	0.125244
1039	0.252768	0.139806	0.123466
1040	0.250474	0.139862	0.12419
1041	0.24881	0.138258	0.122286
1042	0.248602	0.136582	0.123613
1043	0.246354	0.136659	0.122872
1044	0.246792	0.138717	0.122648
1045	0.245217	0.138389	0.123214
1046	0.243555	0.138712	0.123142
1047	0.241657	0.137072	0.121351
1048	0.240115	0.136834	0.120565
1049	0.241057	0.136502	0.121508
1050	0.238217	0.13729	0.120619
1051	0.236895	0.140097	0.120063
1052	0.234142	0.136811	0.118347
1053	0.234493	0.137067	0.118071
1054	0.234756	0.136734	0.119705
1055	0.23106	0.134588	0.117939
1056	0.230136	0.138358	0.117093
1057	0.227146	0.134938	0.114438
1058	0.225892	0.13375	0.115772
1059	0.224825	0.134245	0.116026
1060	0.222266	0.134608	0.112408
1061	0.222861	0.132599	0.112391
1062	0.220206	0.132471	0.113647
1063	0.217187	0.132269	0.111873
1064	0.214497	0.130626	0.110728
1065	0.213741	0.130354	0.111303
1066	0.213144	0.133889	0.110722
1067	0.210911	0.133271	0.109874
1068	0.208371	0.129306	0.109049
1069	0.20615	0.130593	0.10701
1070	0.207489	0.13154	0.108004
1071	0.205169	0.131377	0.108427
1072	0.200983	0.1299	0.105819
1073	0.200725	0.128906	0.1063
1074	0.199229	0.129773	0.105873
1075	0.196984	0.125699	0.103773
1076	0.195162	0.128042	0.103964
1077	0.193244	0.124007	0.102061
1078	0.191314	0.126769	0.101846
1079	0.190872	0.125855	0.100903
1080	0.189097	0.125817	0.101251
1081	0.187408	0.125876	0.101357
1082	0.186058	0.124263	0.0995322
1083	0.183699	0.123305	0.0989501
1084	0.182002	0.124518	0.0988607
1085	0.181261	0.123091	0.0976766
1086	0.181665	0.122891	0.0984995
1087	0.179004	0.122266	0.0981066
1088	0.177065	0.123895	0.0960679
1089	0.176902	0.124272	0.0964284
1090	0.173858	0.121029	0.0945058
1091	0.173354	0.120734	0.0940547
1092	0.169736	0.121756	0.0926346
1093	0.171473	0.119005	0.0931852
1094	0.16895	0.119891	0.0930429
1095	0.166608	0.119246	0.0919751
1096	0.163658	0.119869	0.090094
1097	0.163837	0.118525	0.0903045
1098	0.162178	0.116629	0.0881441
1099	0.162799	0.119133	0.0899622
1100	0.158656	0.11595	0.0881992
1101	0.157805	0.114625	0.0876715
1102	0.1577	0.116283	0.0886919
1103	0.156008	0.114831	0.0867055
1104	0.154306	0.113924	0.0855624
1105	0.152295	0.114615	0.0852378
1106	0.151317	0.113683	0.0846908
1107	0.14948	0.11337	0.0841591
1108	0.147678	0.112009	0.082783
1109	0.147477	0.109596	0.0829374
1110	0.146469	0.110229	0.0824224
1111	0.143239	0.112956	0.0816945
1112	0.142527	0.109755	0.0806591
1113	0.140491	0.109032	0.0801314
1114	0.142741	0.111076	0.0818113
1115	0.140444	0.108723	0.0797073
1116	0.138626	0.110247	0.0790566
1117	0.136388	0.109003	0.0783557
1118	0.134605	0.106931	0.0774779
1119	0.134346	0.106954	0.0769105
1120	0.134145	0.105741	0.0772039
1121	0.131715	0.105822	0.0759849
1122	0.130654	0.10681	0.0762278
1123	0.128642	0.105215	0.0754964
1124	0.126233	0.104363	0.0732558
1125	0.126068	0.103577	0.0736757
1126	0.125554	0.102204	0.0728557
1127	0.122083	0.102088	0.0710792
1128	0.120893	0.100378	0.0709111
1129	0.121002	0.101906	0.0710331
1130	0.120076	0.103202	0.0709162
1131	0.119042	0.102181	0.06994
1132	0.11768	0.0995917	0.0694601
1133	0.117258	0.100414	0.0693954
1134	0.11516	0.0986231	0.0676038
1135	0.116503	0.100348	0.0683147
1136	0.112046	0.0974287	0.0656492
1137	0.112268	0.0991106	0.0664621
1138	0.111258	0.096377	0.0657041
1139	0.108719	0.0947795	0.0647168
1140	0.10787	0.0931089	0.0642104
1141	0.1073	0.0942191	0.0634452
1142	0.107059	0.0952091	0.0641361
1143	0.104882	0.0955638	0.062819
1144	0.103794	0.0953552	0.0622935
1145	0.102214	0.0919021	0.0614472
1146	0.101919	0.0922702	0.0615071
1147	0.0997922	0.0912175	0.0606576
1148	0.0988301	0.090727	0.0603122
1149	0.0985638	0.0921155	0.0600737
1150	0.0962577	0.0916656	0.0594241
1151	0.0967883	0.0908078	0.0593197
1152	0.0964749	0.0908593	0.0589052
1153	0.0938278	0.0874747	0.0577148
1154	0.0934992	0.0871142	0.0574301
1155	0.0920107	0.0865262	0.0567013
1156	0.0910219	0.0873273	0.056176
1157	0.0909421	0.0866569	0.0561275
1158	0.0894758	0.0857619	0.0556195
1159	0.087343	0.0841714	0.0542434
1160	0.0856143	0.0834687	0.0531426
1161	0.0850091	0.0830596	0.0528768
1162	0.0844771	0.0829664	0.052932
1163	0.082994	0.0829544	0.0520003
1164	0.0822429	0.0815921	0.0514663
1165	0.0829756	0.0839398	0.0525981
1166	0.0810822	0.0820815	0.0507873
1167	0.0805715	0.0818278	0.0507306
1168	0.0794786	0.0808313	0.049742
1169	0.0777094	0.0784745	0.0486695
1170	0.0771384	0.0800635	0.0490624
1171	0.0760355	0.0795048	0.0481997
1172	0.0755183	0.0794413	0.0482359
1173	0.0753307	0.0771759	0.0479611
1174	0.0731146	0.0778585	0.0468966
1175	0.0728736	0.0763989	0.0464337
1176	0.0719454	0.0763516	0.0457726
1177	0.0718733	0.0756021	0.0457583
1178	0.0713819	0.0766029	0.0455909
1179	0.0700879	0.0753584	0.0448006
1180	0.0702139	0.0749407	0.0450846
1181	0.0675394	0.0731548	0.0436533
1182	0.0672812	0.0748785	0.0434362
1183	0.0653269	0.0716757	0.0422624
1184	0.0654578	0.0727954	0.0425119
1185	0.0647493	0.0745238	0.0419612
1186	0.0642284	0.0727651	0.0421446
1187	0.0633733	0.0715876	0.0416259
1188	0.0628514	0.0706452	0.0411862
1189	0.06099	0.0694835	0.0399159
1190	0.0603385	0.0703592	0.0392321
1191	0.0601174	0.0684966	0.0395302
1192	0.0601503	0.0684683	0.0395969
1193	0.0590805	0.0689535	0.0392089
1194	0.0574169	0.0667882	0.0378518
1195	0.0573628	0.0685315	0.0381491
1196	0.0568072	0.0675784	0.0378231
1197	0.0551096	0.0667549	0.0367811
1198	0.0542112	0.0642259	0.0360016
1199	0.053539	0.0642593	0.0355881
1200	0.0536617	0.0659737	0.0362476
1201	0.0529328	0.0636079	0.0352763
1202	0.053006	0.064099	0.0353921
1203	0.0513902	0.0642569	0.0343296
1204	0.0507817	0.0623666	0.0339383
1205	0.0499796	0.0621189	0.0335864
1206	0.0500516	0.0624938	0.0335301
1207	0.04948	0.0615548	0.0335286
1208	0.048679	0.0616897	0.0328374
1209	0.0481753	0.0602021	0.0325122
1210	0.0471201	0.0591141	0.0319878
1211	0.0460515	0.0596935	0.0310683
1212	0.0457569	0.0599176	0.030953
1213	0.0462733	0.0599083	0.0313258
1214	0.0446341	0.0593066	0.0301237
1215	0.0464024	0.0593565	0.0311702
1216	0.702976	0.0786896	0.195265
1217	0.966577	0.0295937	0.297898
1218	0.973929	0.0229163	0.234778
1219	0.97878	0.0185012	0.187597
1220	0.982233	0.0153726	0.152133
1221	0.984817	0.0130421	0.124791
1222	0.986807	0.0112573	0.103609
1223	0.988376	0.0098592	0.0870802
1224	0.989638	0.00872935	0.0745379
1225	0.990672	0.00781226	0.0644029
1226	0.991532	0.00705363	0.0562104
1227	0.992257	0.00641392	0.0496116
1228	0.992877	0.00587199	0.0440957
1229	0.993412	0.00541009	0.0393775
1230	0.993877	0.0050053	0.0355198
1231	0.994286	0.004655	0.032131
1232	0.994648	0.00434587	0.0292343
1233	0.99497	0.00407477	0.0266508
1234	0.995259	0.00382766	0.0245234
1235	0.995519	0.00360701	0.0226282
1236	0.995754	0.00340653	0.0209886
1237	0.995968	0.00322766	0.0194701
1238	0.996163	0.0030616	0.0181822
1239	0.996342	0.00291078	0.0170083
1240	0.996507	0.002774	0.0159204
1241	0.996659	0.00264514	0.014991
1242	0.996799	0.00252711	0.0141384
1243	0.99693	0.00241989	0.0133221
1244	0.99705	0.00231874	0.0126109
1245	0.997163	0.00222448	0.0119625
1246	0.997268	0.00213821	0.0113389
1247	0.997367	0.00205664	0.0107815
1248	0.997459	0.00198097	0.0102551
1249	0.997546	0.00190988	0.00977147
1250	0.997628	0.00184248	0.0093317
1251	0.997705	0.00177872	0.00892917
1252	0.997778	0.00171954	0.00853938
1253	0.997847	0.00166378	0.00817223
1254	0.997912	0.00161068	0.00783814
1255	0.997974	0.00156001	0.00752808
1256	0.998033	0.001512	0.00723564
1257	0.998089	0.00146672	0.00696014
1258	0.998142	0.00142358	0.00670443
1259	0.998192	0.00138282	0.00645943
1260	0.998241	0.00134384	0.00623033
1261	0.998287	0.00130693	0.00601139
1262	0.998331	0.00127218	0.00579854
1263	0.998373	0.00123865	0.0056014
1264	0.998413	0.00120611	0.00541961
1265	0.998452	0.00117528	0.00524111
1266	0.998489	0.00114564	0.00507701
1267	0.998525	0.0011173	0.00491901
1268	0.998559	0.00109063	0.00476311
1269	0.998592	0.00106437	0.00462319
1270	0.998623	0.00103898	0.00449012
1271	0.998653	0.00101526	0.00435667
1272	0.998683	0.000992839	0.00422543
1273	0.998711	0.000970991	0.00410307
1274	0.998738	0.000949293	0.00399341
1275	0.998764	0.000928445	0.00388758
1276	0.998789	0.000908721	0.00378181
1277	0.998813	0.000889774	0.00367981
1278	0.998837	0.000871128	0.00358436
1279	0.99886	0.000853105	0.00349483
1280	0.998882	0.00083628	0.00340262
1281	0.998903	0.000819562	0.00331668
1282	0.998924	0.000803317	0.00323727
1283	0.998944	0.00078757	0.00316031
1284	0.998964	0.000772331	0.00308255
1285	0.998983	0.000757791	0.00301004
1286	0.999001	0.000743636	0.00294063
1287	0.999019	0.000730055	0.0028727
1288	0.999036	0.000716666	0.00280913
1289	0.999052	0.0007039	0.00274533
1290	0.999069	0.000691138	0.00268432
1291	0.999085	0.000678871	0.00262488
1292	0.9991	0.0006669	0.00257052
1293	0.999115	0.000655186	0.00251857
1294	0.999129	0.00064405	0.00246633
1295	0.999143	0.000633415	0.00241401
1296	0.999157	0.000622787	0.00236587
1297	0.99917	0.00061262	0.00231743
1298	0.999183	0.000602527	0.00227148
1299	0.999196	0.000592912	0.00222649
1300	0.999208	0.000583179	0.0021854
