600	2.92681e-06	0.00228485	2.92534e-06
601	3.47091e-06	0.00281217	3.46954e-06
602	3.52051e-06	0.00294832	3.51887e-06
603	3.69604e-06	0.00305915	3.69474e-06
604	3.15513e-06	0.00251302	3.15367e-06
605	3.75116e-06	0.00297603	3.74966e-06
606	3.44916e-06	0.00269167	3.44768e-06
607	3.62131e-06	0.00288495	3.6198e-06
608	3.73467e-06	0.00292063	3.73312e-06
609	3.90115e-06	0.00335099	3.89923e-06
610	3.41151e-06	0.00265061	3.4102e-06
611	2.74578e-06	0.00197612	2.7443e-06
612	3.34138e-06	0.00255397	3.33999e-06
613	2.55327e-06	0.00192077	2.55204e-06
614	2.73574e-06	0.00191855	2.73434e-06
615	3.0512e-06	0.00221618	3.04966e-06
616	3.33615e-06	0.00248508	3.33434e-06
617	3.32516e-06	0.00262604	3.32322e-06
618	3.42893e-06	0.00243176	3.42729e-06
619	3.38664e-06	0.00245206	3.38494e-06
620	3.2747e-06	0.00250198	3.27256e-06
621	3.27088e-06	0.00241702	3.26873e-06
622	3.22327e-06	0.00246724	3.22147e-06
623	3.23488e-06	0.00227332	3.23321e-06
624	3.46033e-06	0.00258421	3.45849e-06
625	3.12062e-06	0.00221732	3.11896e-06
626	3.04946e-06	0.00211201	3.04746e-06
627	3.3502e-06	0.00269804	3.348e-06
628	2.87454e-06	0.00206812	2.87286e-06
629	3.60609e-06	0.0027527	3.60375e-06
630	3.26736e-06	0.00237029	3.2652e-06
631	3.09334e-06	0.00216884	3.09075e-06
632	3.86404e-06	0.00294465	3.86154e-06
633	3.17226e-06	0.00212338	3.17042e-06
634	3.17938e-06	0.00218901	3.17732e-06
635	3.24267e-06	0.00194805	3.24046e-06
636	2.96981e-06	0.00157273	2.96808e-06
637	2.87081e-06	0.00144895	2.86939e-06
638	3.50424e-06	0.00205447	3.50216e-06
639	3.81496e-06	0.00216672	3.81261e-06
640	3.50515e-06	0.00199833	3.50274e-06
641	4.00818e-06	0.00248121	4.0053e-06
642	3.49615e-06	0.00193809	3.49358e-06
643	3.50501e-06	0.00180939	3.50225e-06
644	3.43786e-06	0.00170282	3.4355e-06
645	4.01273e-06	0.00229951	4.00976e-06
646	3.21143e-06	0.00159377	3.20935e-06
647	3.62218e-06	0.0019433	3.61974e-06
648	3.34919e-06	0.00155535	3.34696e-06
649	4.45228e-06	0.00244064	4.44883e-06
650	3.84852e-06	0.00194042	3.84615e-06
651	4.37619e-06	0.00227954	4.37374e-06
652	3.93007e-06	0.00187315	3.92722e-06
653	4.42928e-06	0.00226073	4.42611e-06
654	4.05335e-06	0.00208642	4.05044e-06
655	4.36383e-06	0.0025357	4.36032e-06
656	3.71232e-06	0.00203911	3.70973e-06
657	4.71508e-06	0.00254066	4.71087e-06
658	3.77915e-06	0.0020813	3.77574e-06
659	4.10556e-06	0.00201512	4.10237e-06
660	3.80969e-06	0.00185069	3.80629e-06
661	4.81378e-06	0.00242181	4.80997e-06
662	4.27953e-06	0.00215742	4.27614e-06
663	4.33872e-06	0.00213298	4.33487e-06
664	3.38131e-06	0.00139467	3.37875e-06
665	4.51371e-06	0.00205465	4.50945e-06
666	5.06814e-06	0.0022382	5.06404e-06
667	4.64808e-06	0.00174732	4.64427e-06
668	4.97913e-06	0.00199177	4.97549e-06
669	5.02268e-06	0.00197879	5.01799e-06
670	4.47092e-06	0.00159289	4.46635e-06
671	5.10582e-06	0.00198461	5.10058e-06
672	4.65439e-06	0.00162817	4.64948e-06
673	5.3173e-06	0.00205731	5.31189e-06
674	4.62045e-06	0.00179294	4.61612e-06
675	4.61949e-06	0.00167737	4.61557e-06
676	4.55597e-06	0.00167495	4.55169e-06
677	5.62665e-06	0.00216922	5.62195e-06
678	5.34878e-06	0.00192385	5.34458e-06
679	4.61581e-06	0.00152142	4.61207e-06
680	4.21509e-06	0.00129906	4.21208e-06
681	4.84845e-06	0.00172359	4.84358e-06
682	4.98346e-06	0.00158246	4.97898e-06
683	5.49652e-06	0.00189412	5.49147e-06
684	5.00559e-06	0.00171354	5.00179e-06
685	5.3498e-06	0.00200916	5.3455e-06
686	5.26348e-06	0.00176913	5.25861e-06
687	5.28398e-06	0.00170014	5.27939e-06
688	5.62091e-06	0.001913	5.6161e-06
689	5.50247e-06	0.00187205	5.49734e-06
690	5.02866e-06	0.00148172	5.02464e-06
691	5.30816e-06	0.00156268	5.30278e-06
692	4.71187e-06	0.0014918	4.70758e-06
693	5.51511e-06	0.0015145	5.51134e-06
694	4.96315e-06	0.00136973	4.95918e-06
695	4.77944e-06	0.00133798	4.7741e-06
696	4.76943e-06	0.00122724	4.76498e-06
697	5.6615e-06	0.00162964	5.65642e-06
698	5.99132e-06	0.00181704	5.9856e-06
699	5.72955e-06	0.00165406	5.72575e-06
700	5.1808e-06	0.00151012	5.17715e-06
701	5.52754e-06	0.00157892	5.52303e-06
702	5.16354e-06	0.00144473	5.15758e-06
703	5.864e-06	0.00170439	5.85765e-06
704	5.87901e-06	0.00169611	5.87299e-06
705	5.76485e-06	0.00156663	5.75715e-06
706	4.89022e-06	0.00127348	4.88513e-06
707	5.07251e-06	0.00146943	5.06653e-06
708	4.95316e-06	0.00121652	4.94775e-06
709	5.50444e-06	0.00143469	5.49823e-06
710	5.75397e-06	0.00151415	5.74694e-06
711	5.30403e-06	0.00128205	5.2967e-06
712	5.68081e-06	0.001402	5.67257e-06
713	5.8157e-06	0.00144707	5.80708e-06
714	5.87666e-06	0.00143177	5.87066e-06
715	6.35398e-06	0.0014219	6.34493e-06
716	6.25317e-06	0.00144488	6.24384e-06
717	6.93804e-06	0.00178539	6.92762e-06
718	6.86786e-06	0.00164	6.85914e-06
719	6.33475e-06	0.00150918	6.32502e-06
720	6.79452e-06	0.00154193	6.78483e-06
721	7.63781e-06	0.00180479	7.62648e-06
722	6.69289e-06	0.00139128	6.68396e-06
723	5.82435e-06	0.0012352	5.81615e-06
724	7.33159e-06	0.00151015	7.32277e-06
725	8.28874e-06	0.00195312	8.27695e-06
726	7.67062e-06	0.00168281	7.65869e-06
727	9.80703e-06	0.00247752	9.79147e-06
728	9.37239e-06	0.00239632	9.35722e-06
729	9.02329e-06	0.0018809	9.00921e-06
730	1.00442e-05	0.00225065	1.00265e-05
731	1.03219e-05	0.00241671	1.03041e-05
732	1.00692e-05	0.00231081	1.00519e-05
733	9.1859e-06	0.00187767	9.17035e-06
734	9.93694e-06	0.00200648	9.91849e-06
735	1.05836e-05	0.00225173	1.05633e-05
736	1.10508e-05	0.00224084	1.10295e-05
737	9.83876e-06	0.00203203	9.82218e-06
738	1.22963e-05	0.00253974	1.2271e-05
739	1.1284e-05	0.00238338	1.12591e-05
740	1.2304e-05	0.00261383	1.22751e-05
741	1.1048e-05	0.00179437	1.10222e-05
742	1.24547e-05	0.00204673	1.24255e-05
743	1.2649e-05	0.00213916	1.26219e-05
744	1.45816e-05	0.00246794	1.45501e-05
745	1.45172e-05	0.0025688	1.44799e-05
746	1.45347e-05	0.00260661	1.45019e-05
747	1.46422e-05	0.0023803	1.46046e-05
748	1.71429e-05	0.00286123	1.71065e-05
749	1.52056e-05	0.00216091	1.51695e-05
750	1.54864e-05	0.00233299	1.54508e-05
751	1.74811e-05	0.0028218	1.74406e-05
752	1.52693e-05	0.00207235	1.52323e-05
753	1.84093e-05	0.00272562	1.83616e-05
754	2.03912e-05	0.00299535	2.03465e-05
755	1.99279e-05	0.00308834	1.98794e-05
756	1.8004e-05	0.00231687	1.79591e-05
757	1.89923e-05	0.00246772	1.89397e-05
758	1.96065e-05	0.00294252	1.95562e-05
759	2.20545e-05	0.00317593	2.19912e-05
760	1.97951e-05	0.0026524	1.97442e-05
761	2.14802e-05	0.00282837	2.14198e-05
762	2.2097e-05	0.00277596	2.2037e-05
763	2.21873e-05	0.0026833	2.21245e-05
764	2.24163e-05	0.00279967	2.23499e-05
765	2.35104e-05	0.00269521	2.34366e-05
766	2.31415e-05	0.00278045	2.30726e-05
767	2.55351e-05	0.00301945	2.54633e-05
768	2.71703e-05	0.00340651	2.70858e-05
769	2.70553e-05	0.00324112	2.6974e-05
770	2.49995e-05	0.00264881	2.49122e-05
771	2.84108e-05	0.00312026	2.83128e-05
772	3.14873e-05	0.00336524	3.13709e-05
773	3.28172e-05	0.00358461	3.27026e-05
774	3.05557e-05	0.002808	3.04573e-05
775	3.32254e-05	0.0032519	3.31185e-05
776	3.52048e-05	0.00328575	3.50805e-05
777	3.83833e-05	0.00349562	3.82327e-05
778	3.90171e-05	0.00347631	3.88746e-05
779	4.47807e-05	0.00470906	4.462e-05
780	4.29278e-05	0.00393096	4.27652e-05
781	4.82784e-05	0.00433247	4.81134e-05
782	4.41543e-05	0.0036046	4.39646e-05
783	4.49088e-05	0.00360861	4.47249e-05
784	5.26376e-05	0.00437446	5.24302e-05
785	5.18953e-05	0.00408392	5.1683e-05
786	5.39872e-05	0.00429583	5.37923e-05
787	6.08789e-05	0.00497615	6.06304e-05
788	5.95083e-05	0.00456893	5.92752e-05
789	5.45948e-05	0.00400205	5.43661e-05
790	5.90848e-05	0.00442757	5.8804e-05
791	6.40848e-05	0.0049711	6.37968e-05
792	6.59167e-05	0.00481916	6.56209e-05
793	6.55025e-05	0.00475435	6.51874e-05
794	6.94264e-05	0.00509473	6.91112e-05
795	7.28773e-05	0.00510759	7.25359e-05
796	7.33322e-05	0.00469835	7.29726e-05
797	7.00868e-05	0.00409886	6.97509e-05
798	8.15885e-05	0.00491091	8.12182e-05
799	7.8178e-05	0.00476096	7.7766e-05
800	8.14031e-05	0.00483585	8.09689e-05
801	8.04046e-05	0.00449438	7.99814e-05
802	7.76949e-05	0.00460884	7.72984e-05
803	8.555e-05	0.0050853	8.50601e-05
804	9.69577e-05	0.00572909	9.63903e-05
805	9.67765e-05	0.00536975	9.62719e-05
806	0.000104043	0.00583399	0.000103433
807	9.96364e-05	0.00527955	9.90233e-05
808	0.000111119	0.00536939	0.000110456
809	0.000108159	0.00513646	0.00010746
810	0.000110035	0.00541299	0.000109284
811	0.000120141	0.00535342	0.000119333
812	0.000133605	0.00653158	0.000132645
813	0.000127128	0.00552935	0.000126239
814	0.000138417	0.0058679	0.000137401
815	0.000146107	0.00617554	0.000145049
816	0.000156324	0.00690323	0.000155078
817	0.000146615	0.00564832	0.000145494
818	0.000157825	0.00588888	0.000156552
819	0.00016879	0.0060552	0.000167342
820	0.000182439	0.00681356	0.000180871
821	0.000178017	0.00669888	0.000176538
822	0.000182503	0.00610294	0.000180919
823	0.00018503	0.0060833	0.000183507
824	0.000201666	0.00667145	0.000199898
825	0.000214733	0.00688596	0.000212709
826	0.000226793	0.00716927	0.000224788
827	0.000222882	0.00673225	0.00022079
828	0.000243233	0.00731474	0.000241091
829	0.000266525	0.00792857	0.000263948
830	0.000270697	0.00781983	0.00026803
831	0.000288901	0.00811854	0.000286006
832	0.000289369	0.00777263	0.000286426
833	0.000306747	0.00873032	0.000303249
834	0.000330565	0.00864015	0.000326918
835	0.000346162	0.00871455	0.000342319
836	0.000369985	0.00917769	0.000365572
837	0.000373007	0.00904268	0.000368644
838	0.000402402	0.00958529	0.000397571
839	0.00041928	0.00948511	0.000414133
840	0.000434794	0.0098225	0.000429186
841	0.000438819	0.0091918	0.000432961
842	0.000476005	0.0100933	0.000469569
843	0.000493973	0.0104306	0.000487172
844	0.000507864	0.00981235	0.000500615
845	0.000554413	0.0107919	0.000546091
846	0.000544642	0.00963585	0.000536398
847	0.000567936	0.00948748	0.000558923
848	0.000608621	0.00987911	0.000599103
849	0.000666738	0.0106874	0.000655575
850	0.000682618	0.010981	0.000671623
851	0.0007379	0.0114226	0.000724578
852	0.000802774	0.0124419	0.000787629
853	0.000852445	0.012677	0.000836381
854	0.000852526	0.0116798	0.000835605
855	0.000877993	0.0119605	0.000861512
856	0.000971751	0.0126891	0.000952369
857	0.00101816	0.0129228	0.000996665
858	0.00105235	0.0126101	0.00102918
859	0.00115768	0.0138772	0.00113193
860	0.0012223	0.0143184	0.00119432
861	0.00131652	0.0150448	0.00128381
862	0.0013672	0.0149461	0.00133251
863	0.00144575	0.0148479	0.00140795
864	0.00156539	0.016163	0.00152283
865	0.00166074	0.0160948	0.00161422
866	0.00173179	0.01605	0.00168285
867	0.00181349	0.0165273	0.00176109
868	0.0019199	0.0166514	0.00186361
869	0.00201666	0.0169583	0.00195286
870	0.0021943	0.0180921	0.00212196
871	0.00227806	0.0178173	0.00220196
872	0.0024425	0.0187795	0.00235661
873	0.00272163	0.0204003	0.0026174
874	0.0028386	0.0206344	0.00273051
875	0.0030222	0.0209371	0.0029018
876	0.00318173	0.0212162	0.00305093
877	0.00344682	0.0216288	0.003305
878	0.00352902	0.0211771	0.00337488
879	0.00373238	0.0219215	0.00356208
880	0.00407423	0.0228098	0.00388747
881	0.00441169	0.0237823	0.00419495
882	0.00471697	0.0246265	0.00447001
883	0.00493899	0.0250417	0.00467529
884	0.005248	0.025579	0.00495497
885	0.00549565	0.026068	0.00516981
886	0.00588654	0.0265074	0.00553557
887	0.00635248	0.0271257	0.00596854
888	0.00682779	0.0293227	0.00636476
889	0.0070996	0.0283322	0.00660198
890	0.00778753	0.0300462	0.00722461
891	0.00818182	0.0296718	0.00755906
892	0.00887028	0.0319839	0.0081582
893	0.00932377	0.0312134	0.00856329
894	0.0101928	0.0330314	0.0093124
895	0.0109718	0.0334213	0.00994616
896	0.0113342	0.0331942	0.0102025
897	0.0126006	0.0350301	0.0113138
898	0.0132782	0.0355997	0.0118331
899	0.0142779	0.0367047	0.0125797
900	0.0150842	0.0362433	0.0132194
901	0.0163804	0.0373107	0.0142202
902	0.0179248	0.0389693	0.0154351
903	0.0192242	0.0400193	0.016316
904	0.0203569	0.0401912	0.0171282
905	0.0218453	0.0409181	0.0181549
906	0.0236701	0.042463	0.0193454
907	0.0253501	0.0433533	0.0203662
908	0.0271964	0.0433486	0.0215092
909	0.0298186	0.0458895	0.0230054
910	0.0317731	0.0458342	0.0239682
911	0.03381	0.0461553	0.0246718
912	0.0374416	0.0477787	0.0266486
913	0.0400844	0.048177	0.0276222
914	0.0434775	0.0484099	0.0283283
915	0.0464444	0.0492356	0.029014
916	0.0496662	0.0508381	0.0303753
917	0.0522509	0.051328	0.0314844
918	0.0542653	0.0526931	0.0325909
919	0.0560631	0.0539084	0.0336138
920	0.0582044	0.0556372	0.0346464
921	0.060452	0.05628	0.0358588
922	0.0625108	0.0578204	0.036827
923	0.0640418	0.0589356	0.0376753
924	0.0658783	0.0600027	0.0384986
925	0.0655725	0.0596669	0.0385168
926	0.0683134	0.0609439	0.0397318
927	0.0727795	0.0617996	0.0418979
928	0.072239	0.0637671	0.041717
929	0.0704585	0.0627992	0.0410409
930	0.0701915	0.0627532	0.0412065
931	0.0774812	0.0670053	0.0445812
932	0.0801973	0.0671893	0.0459075
933	0.0794723	0.0687289	0.0453523
934	0.0774016	0.0663631	0.0443722
935	0.0765657	0.0661134	0.0446609
936	0.0755134	0.065004	0.0435364
937	0.0734782	0.063286	0.0426666
938	0.0859818	0.0730926	0.0488916
939	0.0904404	0.074089	0.0510225
940	0.0903736	0.0727673	0.0508864
941	0.0896266	0.0727642	0.0505567
942	0.0882606	0.0737488	0.0502305
943	0.0859378	0.0717025	0.0488171
944	0.0858415	0.0708363	0.0489333
945	0.0855176	0.0700225	0.048523
946	0.0839408	0.0697638	0.0478095
947	0.082788	0.0708409	0.0472725
948	0.0811006	0.0690228	0.0462564
949	0.0808591	0.0703874	0.0468011
950	0.102736	0.0805234	0.0564618
951	0.110301	0.0837527	0.0603764
952	0.108084	0.0833265	0.0602169
953	0.107401	0.0830349	0.0596712
954	0.104009	0.0815937	0.0576037
955	0.103182	0.0802577	0.0571979
956	0.102472	0.0800241	0.0573146
957	0.101407	0.0812563	0.0573709
958	0.10146	0.0795444	0.0567036
959	0.100474	0.0785963	0.0567545
960	0.099031	0.077945	0.0560332
960	0.099031	0.077945	0.0560332
961	0.0978831	0.0783957	0.0550218
962	0.0963942	0.0771928	0.0543169
963	0.0955737	0.0761083	0.0542066
964	0.094701	0.0763792	0.054161
965	0.0930114	0.0751477	0.052784
966	0.091847	0.0756014	0.0523855
967	0.0905401	0.0768623	0.0517648
968	0.0908321	0.0744238	0.0519254
969	0.0891511	0.0757469	0.0513987
970	0.0877885	0.0733296	0.0499484
971	0.0867921	0.0723695	0.0500289
972	0.0882062	0.0749068	0.0506397
973	0.138575	0.0986123	0.0749345
974	0.14272	0.0993396	0.0767663
975	0.141773	0.0991588	0.0756692
976	0.13909	0.0976455	0.0752639
977	0.141008	0.0982241	0.0741728
978	0.138455	0.0983232	0.0743317
979	0.137781	0.0975689	0.073972
980	0.137273	0.0978763	0.0739335
981	0.135332	0.0966926	0.072805
982	0.132985	0.0946211	0.0714451
983	0.132578	0.096979	0.0727455
984	0.131365	0.0969891	0.071673
985	0.131079	0.0949023	0.0713547
986	0.129168	0.094904	0.0712175
987	0.127487	0.0960371	0.0703894
988	0.12653	0.0941348	0.0688918
989	0.12589	0.0926108	0.0689123
990	0.125327	0.0945507	0.0690207
991	0.124492	0.0930933	0.0690167
992	0.121166	0.0917095	0.0667189
993	0.121591	0.0905533	0.0687605
994	0.119814	0.0902025	0.0668298
995	0.118095	0.0897456	0.0658529
996	0.117377	0.0881378	0.0651967
997	0.117119	0.092291	0.0654439
998	0.114632	0.0880662	0.0639311
999	0.116302	0.0891297	0.0649557
1000	0.113492	0.0878001	0.0636263
1001	0.112109	0.0880763	0.0630155
1002	0.112165	0.0884101	0.0626379
1003	0.11033	0.0889667	0.0623863
1004	0.107708	0.0860844	0.0611448
1005	0.108547	0.0864128	0.0614432
1006	0.106375	0.0847672	0.0607126
1007	0.10577	0.0860571	0.0602326
1008	0.103447	0.0848903	0.0591525
1009	0.103355	0.0847242	0.0591486
1010	0.102556	0.0839113	0.0584262
1011	0.102285	0.0840754	0.0584094
1012	0.10023	0.0835803	0.0575196
1013	0.0994479	0.0820724	0.057417
1014	0.098161	0.0805133	0.0564018
1015	0.0975659	0.082619	0.0566679
1016	0.0969208	0.0816533	0.0561636
1017	0.0964296	0.0798875	0.0559505
1018	0.0953732	0.0815043	0.055677
1019	0.0934738	0.0792753	0.0544902
1020	0.0922274	0.0784076	0.0531548
1021	0.0928176	0.079032	0.0540704
1022	0.091017	0.0800418	0.0530933
1023	0.0891458	0.0763239	0.0520233
1024	0.0887335	0.0772621	0.0523978
1025	0.0877355	0.0761083	0.0514334
1026	0.203904	0.125331	0.106006
1027	0.24695	0.13856	0.121984
1028	0.246286	0.138602	0.12267
1029	0.245479	0.136382	0.122858
1030	0.244705	0.138487	0.122867
1031	0.241493	0.137233	0.120991
1032	0.240061	0.136521	0.121014
1033	0.240809	0.137421	0.119397
1034	0.239618	0.138044	0.119973
1035	0.237128	0.137173	0.119822
1036	0.234441	0.136987	0.11768
1037	0.233791	0.135226	0.117989
1038	0.235072	0.136067	0.119121
1039	0.232387	0.134855	0.116469
1040	0.230527	0.136266	0.116581
1041	0.228321	0.133307	0.115143
1042	0.225785	0.133482	0.114292
1043	0.225488	0.134326	0.115012
1044	0.222338	0.133029	0.11301
1045	0.222423	0.131993	0.111867
1046	0.220967	0.133345	0.112977
1047	0.217552	0.132397	0.110657
1048	0.214643	0.129573	0.110057
1049	0.21406	0.130741	0.110794
1050	0.212809	0.132542	0.110408
1051	0.210821	0.132408	0.109621
1052	0.208503	0.129047	0.108622
1053	0.20616	0.129647	0.106504
1054	0.207399	0.130538	0.107538
1055	0.205242	0.13042	0.108085
1056	0.200989	0.129122	0.105276
1057	0.200673	0.127738	0.10598
1058	0.199264	0.128502	0.105746
1059	0.196599	0.124245	0.103293
1060	0.195059	0.127333	0.103339
1061	0.193178	0.12332	0.10156
1062	0.191168	0.125154	0.101557
1063	0.190648	0.123986	0.100649
1064	0.189037	0.124751	0.100812
1065	0.18719	0.124715	0.10044
1066	0.185589	0.122088	0.0987287
1067	0.183328	0.122289	0.0972716
1068	0.181936	0.123821	0.0978955
1069	0.181021	0.122514	0.0974369
1070	0.181242	0.122069	0.098285
1071	0.178339	0.122008	0.0969246
1072	0.176832	0.122081	0.0950964
1073	0.175728	0.121229	0.0958236
1074	0.173974	0.121174	0.0946628
1075	0.172106	0.118427	0.0930834
1076	0.169565	0.11968	0.0919078
1077	0.171202	0.116698	0.0932708
1078	0.167742	0.119687	0.0919486
1079	0.16607	0.12038	0.0907913
1080	0.162963	0.119193	0.0895071
1081	0.164575	0.117328	0.0899185
1082	0.161371	0.115292	0.0882841
1083	0.1609	0.116768	0.0891347
1084	0.15847	0.113857	0.0876991
1085	0.157802	0.114419	0.0875164
1086	0.157298	0.115982	0.087804
1087	0.154666	0.113275	0.0848271
1088	0.152632	0.111684	0.0844059
1089	0.151681	0.112558	0.0843815
1090	0.150815	0.109603	0.0845473
1091	0.148506	0.112266	0.0833336
1092	0.147749	0.112299	0.0826544
1093	0.14659	0.10864	0.0822004
1094	0.14529	0.11145	0.0815331
1095	0.142105	0.109671	0.080473
1096	0.142221	0.107026	0.0804553
1097	0.14149	0.109974	0.0807511
1098	0.141688	0.107935	0.0806365
1099	0.138921	0.10699	0.078028
1100	0.137916	0.107473	0.0785414
1101	0.13458	0.106156	0.0771408
1102	0.134221	0.105621	0.077164
1103	0.134684	0.10648	0.0771518
1104	0.131968	0.10478	0.0762344
1105	0.130393	0.105626	0.0752826
1106	0.129259	0.104786	0.0748106
1107	0.126779	0.103355	0.0737085
1108	0.125375	0.102499	0.0733242
1109	0.125869	0.102776	0.0722801
1110	0.122636	0.0998484	0.0714847
1111	0.120814	0.100822	0.0706463
1112	0.12094	0.101495	0.0708618
1113	0.12012	0.101304	0.0707338
1114	0.119182	0.101933	0.0696143
1115	0.117483	0.099171	0.0692937
1116	0.117507	0.0999861	0.0691315
1117	0.115138	0.097927	0.0675578
1118	0.116533	0.0992959	0.0681996
1119	0.112068	0.0963041	0.065483
1120	0.1123	0.0986381	0.0661115
1121	0.111202	0.0956264	0.0653704
1122	0.108689	0.0941038	0.0644275
1123	0.10784	0.0926342	0.0638512
1124	0.107344	0.0937546	0.0630287
1125	0.106777	0.0944801	0.063707
1126	0.10477	0.0948681	0.062545
1127	0.103944	0.094736	0.0622002
1128	0.101889	0.0906851	0.0613352
1129	0.101998	0.091674	0.061398
1130	0.099441	0.0895757	0.0605716
1131	0.0985587	0.0897654	0.059937
1132	0.0981898	0.0910489	0.0597527
1133	0.0959643	0.0912952	0.0589737
1134	0.0968051	0.0891361	0.0592747
1135	0.0961595	0.0905184	0.0585367
1136	0.0936571	0.0868542	0.057034
1137	0.0928621	0.0858423	0.057127
1138	0.0914975	0.0860915	0.0563681
1139	0.0909361	0.0872924	0.0555186
1140	0.0905982	0.0852053	0.0555767
1141	0.0884854	0.0861145	0.0549475
1142	0.0866119	0.0841912	0.053506
1143	0.0855535	0.082606	0.0528677
1144	0.0850275	0.083592	0.0524627
1145	0.0837629	0.0818591	0.0522643
1146	0.0823807	0.0818327	0.0519596
1147	0.0828236	0.0825103	0.0520245
1148	0.081564	0.0814006	0.0511456
1149	0.0810889	0.0820384	0.0505526
1150	0.0801997	0.0805947	0.05012
1151	0.0781434	0.0785017	0.0485941
1152	0.0775826	0.0789463	0.0485894
1153	0.0767378	0.0787994	0.0485123
1154	0.0754239	0.0781975	0.047615
1155	0.0752742	0.07835	0.048122
1156	0.0744051	0.0777561	0.0470383
1157	0.0727182	0.0763092	0.046483
1158	0.0724694	0.0766249	0.0457717
1159	0.0719537	0.0759381	0.0463175
1160	0.0716337	0.0739228	0.0453941
1161	0.0701543	0.0751126	0.0448252
1162	0.0704062	0.0736601	0.0444889
1163	0.0686443	0.0754765	0.0439544
1164	0.0668465	0.0744507	0.0431542
1165	0.0665013	0.0724464	0.0431017
1166	0.0651612	0.0709655	0.0421082
1167	0.0650898	0.0734089	0.0421921
1168	0.0643327	0.072901	0.0418849
1169	0.0634385	0.0714506	0.0414108
1170	0.0631098	0.0705298	0.0409549
1171	0.0611255	0.0685939	0.0395797
1172	0.0604961	0.0692602	0.0393591
1173	0.0598646	0.0682193	0.039148
1174	0.0598318	0.0678678	0.0393744
1175	0.0595745	0.0681679	0.0392645
1176	0.0577203	0.0670479	0.0376375
1177	0.0569766	0.0674535	0.0374761
1178	0.0567871	0.0671793	0.0376463
1179	0.0553336	0.0659358	0.0368643
1180	0.0542297	0.0639857	0.0357903
1181	0.0532851	0.0636902	0.0353387
1182	0.0536086	0.0653198	0.0359267
1183	0.0526655	0.0629208	0.0350694
1184	0.052895	0.0636397	0.0352629
1185	0.0511004	0.0634848	0.0340877
1186	0.0505208	0.0614175	0.0336379
1187	0.0496814	0.061381	0.0331959
1188	0.0497057	0.0616227	0.0332241
1189	0.0490645	0.0607218	0.0331159
1190	0.0481753	0.0607961	0.0324124
1191	0.0475947	0.0592449	0.0319629
1192	0.0462851	0.0578538	0.0314018
1193	0.0454046	0.0587167	0.0306247
1194	0.0449821	0.0585202	0.0304045
1195	0.0449608	0.0584282	0.0304434
1196	0.0431996	0.0582663	0.0292696
1197	0.0435955	0.0573873	0.0296991
1198	0.0432241	0.0567088	0.0295079
1199	0.0422187	0.0558391	0.0288279
1200	0.0414519	0.0550646	0.0281149
1201	0.0411447	0.0546917	0.0282458
1202	0.0405332	0.055037	0.0275798
1203	0.0400218	0.0552331	0.0276274
1204	0.0397292	0.0537143	0.0275035
1205	0.0387902	0.0530034	0.0267259
1206	0.0380352	0.0535728	0.0262904
1207	0.037694	0.0518077	0.0262832
1208	0.0371301	0.053507	0.0258168
1209	0.0369475	0.0502675	0.0256426
1210	0.0365088	0.052108	0.0254526
1211	0.036585	0.0531278	0.0255452
1212	0.0355569	0.0495421	0.0250001
1213	0.0353657	0.0508403	0.0245891
1214	0.034762	0.0505705	0.0245053
1215	0.0358729	0.0502494	0.0247883
1216	0.689094	0.0795513	0.21729
1217	0.960851	0.0347215	0.342523
1218	0.969526	0.0268697	0.27202
1219	0.975273	0.0216316	0.217607
1220	0.979432	0.0178566	0.17526
1221	0.982537	0.0150493	0.143086
1222	0.984915	0.012906	0.118755
1223	0.986778	0.011236	0.0999066
1224	0.988269	0.00990595	0.0851466
1225	0.989485	0.0088312	0.0732542
1226	0.990491	0.00793752	0.0639539
1227	0.991337	0.00719699	0.0561128
1228	0.992056	0.00656512	0.0497963
1229	0.992675	0.00602386	0.0445248
1230	0.993211	0.00555848	0.0400014
1231	0.99368	0.00515041	0.0362165
1232	0.994095	0.00479091	0.0329914
1233	0.994462	0.00447779	0.030068
1234	0.994791	0.00419899	0.0275301
1235	0.995086	0.00394905	0.0253134
1236	0.995352	0.00372019	0.0234531
1237	0.995593	0.00351814	0.0216957
1238	0.995813	0.00333267	0.0201796
1239	0.996014	0.00316265	0.0188406
1240	0.996199	0.00300627	0.0176573
1241	0.996368	0.0028652	0.0165413
1242	0.996525	0.00273296	0.015577
1243	0.99667	0.00261284	0.0146617
1244	0.996804	0.00249983	0.0138626
1245	0.99693	0.00239614	0.0131097
1246	0.997047	0.00230043	0.0124018
1247	0.997156	0.00221052	0.0117679
1248	0.997258	0.00212733	0.0111686
1249	0.997354	0.00204869	0.01063
1250	0.997444	0.00197483	0.0101325
1251	0.997529	0.00190478	0.00967994
1252	0.997609	0.00184156	0.00921828
1253	0.997685	0.00178116	0.00880114
1254	0.997756	0.00172341	0.00842392
1255	0.997824	0.00166761	0.00808885
1256	0.997888	0.00161562	0.00776345
1257	0.997949	0.00156675	0.00745191
1258	0.998007	0.00151992	0.00716618
1259	0.998062	0.00147606	0.00688756
1260	0.998115	0.00143399	0.00663159
1261	0.998165	0.00139379	0.00639251
1262	0.998213	0.00135559	0.00616278
1263	0.998259	0.00131898	0.00595014
1264	0.998302	0.00128396	0.00574874
1265	0.998345	0.0012501	0.00555882
1266	0.998385	0.00121806	0.00537928
1267	0.998423	0.00118779	0.00520376
1268	0.99846	0.00115849	0.00504069
1269	0.998496	0.00113072	0.00488168
1270	0.99853	0.00110377	0.00473216
1271	0.998563	0.00107808	0.00458766
1272	0.998595	0.00105296	0.0044545
1273	0.998625	0.00102873	0.00432896
1274	0.998654	0.00100533	0.00421067
1275	0.998683	0.000983322	0.00409208
1276	0.99871	0.000962063	0.00397929
1277	0.998736	0.000941539	0.00387111
1278	0.998761	0.000921918	0.00376604
1279	0.998786	0.000902423	0.00367089
1280	0.99881	0.000883992	0.00357605
1281	0.998833	0.00086645	0.00348173
1282	0.998855	0.000848886	0.00339608
1283	0.998877	0.000832523	0.00330963
1284	0.998898	0.000816156	0.00323108
1285	0.998918	0.000800545	0.00315367
1286	0.998938	0.000785543	0.00307636
1287	0.998957	0.000770795	0.00300403
1288	0.998975	0.000756833	0.00293208
1289	0.998993	0.000742835	0.00286748
1290	0.999011	0.000729307	0.00280244
1291	0.999028	0.000716325	0.00274073
1292	0.999044	0.000703633	0.00268042
1293	0.99906	0.000691318	0.00262356
1294	0.999076	0.000679494	0.00256779
1295	0.999091	0.000667879	0.00251472
1296	0.999105	0.000656929	0.00246031
1297	0.999119	0.000646052	0.00240981
1298	0.999133	0.000635329	0.00236183
1299	0.999147	0.000624465	0.00231376
1300	0.999161	0.000614255	0.0022686
