600	1.95412e-06	0.00271683	1.95321e-06
601	1.63573e-06	0.00216108	1.63511e-06
602	1.16781e-06	0.00125012	1.16733e-06
603	1.56242e-06	0.00184178	1.5618e-06
604	1.22424e-06	0.00152495	1.22377e-06
605	1.23265e-06	0.00135545	1.23217e-06
606	1.41988e-06	0.00166103	1.41929e-06
607	1.46202e-06	0.0016434	1.46148e-06
608	1.60117e-06	0.00196353	1.60045e-06
609	1.48141e-06	0.0016092	1.48064e-06
610	1.50324e-06	0.00165192	1.50259e-06
611	1.4409e-06	0.00158781	1.44035e-06
612	1.54137e-06	0.00187707	1.54056e-06
613	1.64726e-06	0.00210276	1.64649e-06
614	1.35837e-06	0.00140646	1.35785e-06
615	1.5946e-06	0.001847	1.59394e-06
616	1.53715e-06	0.00180603	1.53657e-06
617	1.27582e-06	0.00132839	1.2753e-06
618	1.66419e-06	0.0021799	1.6634e-06
619	1.32898e-06	0.00143481	1.32848e-06
620	1.5615e-06	0.00175116	1.56099e-06
621	1.70439e-06	0.00193677	1.70372e-06
622	1.40431e-06	0.00154847	1.40361e-06
623	1.8281e-06	0.00212478	1.8274e-06
624	1.44439e-06	0.00147768	1.44378e-06
625	1.52457e-06	0.00150529	1.52397e-06
626	1.3646e-06	0.00131355	1.36404e-06
627	7.81093e-07	0.000518823	7.80806e-07
628	1.15637e-06	0.000997709	1.15599e-06
629	1.32221e-06	0.00119548	1.32169e-06
630	1.79222e-06	0.00158699	1.79166e-06
631	1.63108e-06	0.00146365	1.63039e-06
632	1.73128e-06	0.00159179	1.73058e-06
633	1.4773e-06	0.00121739	1.4766e-06
634	1.52116e-06	0.00119704	1.52069e-06
635	1.37736e-06	0.00106917	1.37685e-06
636	1.23668e-06	0.00116283	1.23621e-06
637	1.15434e-06	0.00102483	1.15394e-06
638	1.01589e-06	0.000801719	1.01541e-06
639	1.61546e-06	0.00152376	1.61478e-06
640	1.40984e-06	0.00120588	1.40921e-06
641	1.53313e-06	0.00133208	1.53233e-06
642	1.3711e-06	0.0010294	1.37044e-06
643	1.4724e-06	0.00120788	1.47174e-06
644	1.68311e-06	0.00157251	1.68219e-06
645	1.4069e-06	0.00125403	1.40619e-06
646	1.47909e-06	0.00142238	1.47816e-06
647	1.77242e-06	0.00157727	1.77152e-06
648	1.23425e-06	0.000942747	1.23358e-06
649	1.36924e-06	0.00108607	1.36861e-06
650	1.06729e-06	0.000707218	1.06687e-06
651	1.72063e-06	0.00136297	1.71984e-06
652	1.72651e-06	0.00138658	1.72574e-06
653	1.58118e-06	0.00120654	1.58052e-06
654	1.48448e-06	0.00100558	1.48386e-06
655	1.46552e-06	0.00100848	1.46478e-06
656	1.86584e-06	0.0011947	1.86485e-06
657	1.6335e-06	0.000884373	1.63251e-06
658	1.58565e-06	0.000890814	1.58483e-06
659	1.97135e-06	0.00120383	1.97017e-06
660	1.63195e-06	0.000823293	1.6311e-06
661	1.7468e-06	0.000976025	1.74575e-06
662	1.68075e-06	0.000813392	1.6798e-06
663	1.89556e-06	0.00106173	1.89456e-06
664	1.73242e-06	0.00101849	1.73146e-06
665	1.60728e-06	0.000843087	1.60631e-06
666	1.50441e-06	0.000754973	1.50367e-06
667	1.86774e-06	0.00101948	1.86673e-06
668	1.88234e-06	0.00105528	1.88146e-06
669	1.56745e-06	0.000779619	1.56655e-06
670	1.61294e-06	0.000792065	1.6121e-06
671	1.71672e-06	0.000988438	1.71564e-06
672	1.53697e-06	0.00069447	1.53622e-06
673	1.75825e-06	0.000950605	1.75715e-06
674	1.57096e-06	0.000753974	1.57012e-06
675	1.69286e-06	0.000998731	1.69193e-06
676	1.71118e-06	0.000912953	1.71022e-06
677	1.77077e-06	0.000904365	1.76969e-06
678	1.86505e-06	0.00099907	1.8641e-06
679	1.66439e-06	0.000862898	1.66341e-06
680	1.5527e-06	0.000697064	1.55179e-06
681	1.49555e-06	0.000655045	1.49457e-06
682	1.68164e-06	0.000799286	1.6806e-06
683	1.84208e-06	0.000831168	1.84117e-06
684	1.54885e-06	0.000632364	1.54778e-06
685	1.33134e-06	0.00045394	1.33054e-06
686	1.58243e-06	0.0005749	1.58138e-06
687	1.73558e-06	0.000721646	1.73433e-06
688	1.65281e-06	0.000700793	1.65172e-06
689	1.62282e-06	0.000582229	1.62169e-06
690	1.75849e-06	0.000732097	1.75727e-06
691	1.59086e-06	0.000616879	1.58973e-06
692	1.84266e-06	0.000741034	1.84136e-06
693	1.8503e-06	0.000751954	1.84915e-06
694	1.79245e-06	0.000787514	1.79153e-06
695	1.74211e-06	0.000608246	1.74094e-06
696	1.92672e-06	0.000764383	1.9254e-06
697	1.76393e-06	0.000616065	1.76276e-06
698	1.63961e-06	0.000582676	1.63828e-06
699	2.0066e-06	0.00070941	2.00536e-06
700	2.07089e-06	0.000819882	2.06913e-06
701	1.93253e-06	0.000673082	1.93111e-06
702	2.07269e-06	0.000706249	2.07079e-06
703	2.15234e-06	0.000782448	2.15066e-06
704	1.89704e-06	0.00063473	1.89535e-06
705	2.34914e-06	0.000742955	2.34748e-06
706	2.26815e-06	0.000721116	2.26622e-06
707	2.50987e-06	0.000887622	2.50754e-06
708	2.23964e-06	0.000719915	2.23783e-06
709	2.31039e-06	0.000759295	2.30847e-06
710	2.55217e-06	0.000851918	2.54958e-06
711	2.57394e-06	0.000839182	2.57131e-06
712	2.43504e-06	0.000765625	2.43249e-06
713	2.28657e-06	0.000678886	2.28454e-06
714	3.08493e-06	0.00110834	3.08196e-06
715	3.14549e-06	0.00112823	3.14284e-06
716	3.75934e-06	0.00179001	3.75493e-06
717	4.00894e-06	0.00176308	4.00443e-06
718	3.3958e-06	0.00107346	3.39282e-06
719	4.1592e-06	0.00171429	4.15523e-06
720	4.12125e-06	0.0014599	4.11747e-06
721	4.17654e-06	0.0017832	4.17211e-06
722	3.99273e-06	0.00134189	3.98875e-06
723	4.37521e-06	0.00147463	4.37059e-06
724	3.705e-06	0.00103129	3.70118e-06
725	3.82741e-06	0.0011557	3.8242e-06
726	4.07636e-06	0.00139255	4.0714e-06
727	4.4287e-06	0.00138512	4.42304e-06
728	4.48764e-06	0.00162527	4.48144e-06
729	4.71562e-06	0.00169055	4.70852e-06
730	3.99699e-06	0.000976384	3.99045e-06
731	4.25678e-06	0.000980886	4.24968e-06
732	4.65974e-06	0.00126461	4.65111e-06
733	5.51748e-06	0.00150366	5.50897e-06
734	5.04689e-06	0.00147622	5.03789e-06
735	5.65537e-06	0.00182521	5.6451e-06
736	5.35507e-06	0.00149664	5.34473e-06
737	7.03383e-06	0.00201931	7.02211e-06
738	5.73044e-06	0.00137623	5.71896e-06
739	5.32022e-06	0.00122647	5.31152e-06
740	7.34721e-06	0.00202776	7.33419e-06
741	5.34267e-06	0.00111779	5.33302e-06
742	7.30446e-06	0.00182077	7.29162e-06
743	7.97988e-06	0.00183444	7.96686e-06
744	7.2322e-06	0.00181889	7.2195e-06
745	6.30766e-06	0.00117074	6.29496e-06
746	6.64312e-06	0.00136253	6.63026e-06
747	8.07316e-06	0.00210866	8.05653e-06
748	8.94374e-06	0.0023122	8.9241e-06
749	7.47348e-06	0.00171155	7.45806e-06
750	8.11275e-06	0.00162074	8.09584e-06
751	9.38087e-06	0.00216152	9.35978e-06
752	8.97897e-06	0.00192987	8.96064e-06
753	7.9564e-06	0.001676	7.93854e-06
754	9.23927e-06	0.00192351	9.21941e-06
755	8.75256e-06	0.00179522	8.7336e-06
756	1.04734e-05	0.00224241	1.04492e-05
757	9.07846e-06	0.00191467	9.0571e-06
758	9.58723e-06	0.00193295	9.56215e-06
759	7.3594e-06	0.00120313	7.34198e-06
760	9.45574e-06	0.0015561	9.43357e-06
761	9.48646e-06	0.00154878	9.46455e-06
762	1.04193e-05	0.00176485	1.03934e-05
763	9.41067e-06	0.00149557	9.38558e-06
764	1.10182e-05	0.00183312	1.09868e-05
765	1.10997e-05	0.00169817	1.10685e-05
766	1.09986e-05	0.00146684	1.09703e-05
767	1.1406e-05	0.00180364	1.13742e-05
768	1.44777e-05	0.00217122	1.44421e-05
769	1.39849e-05	0.00198963	1.39474e-05
770	1.34438e-05	0.00176897	1.34085e-05
771	1.36899e-05	0.001589	1.36541e-05
772	1.30311e-05	0.00151107	1.29962e-05
773	1.47174e-05	0.00185561	1.46729e-05
774	1.69786e-05	0.00204921	1.69346e-05
775	1.75558e-05	0.00216281	1.75109e-05
776	1.70652e-05	0.0019573	1.70175e-05
777	1.82189e-05	0.00246512	1.81619e-05
778	1.76457e-05	0.00205655	1.75948e-05
779	1.69698e-05	0.0021441	1.69198e-05
780	1.80902e-05	0.00190332	1.8033e-05
781	1.87512e-05	0.0021756	1.86956e-05
782	1.7589e-05	0.0017886	1.75267e-05
783	1.94781e-05	0.0022202	1.94165e-05
784	2.1653e-05	0.00220697	2.15824e-05
785	2.05755e-05	0.00203497	2.05081e-05
786	2.24086e-05	0.00221298	2.23357e-05
787	2.23276e-05	0.00219571	2.22544e-05
788	2.17514e-05	0.00199	2.16799e-05
789	2.39717e-05	0.00242373	2.3887e-05
790	2.32364e-05	0.00214468	2.31555e-05
791	2.43994e-05	0.00243865	2.43201e-05
792	2.75024e-05	0.00292672	2.73985e-05
793	2.70074e-05	0.00264726	2.69083e-05
794	3.09947e-05	0.00281651	3.08743e-05
795	2.61617e-05	0.00211586	2.60601e-05
796	3.18913e-05	0.00275111	3.17594e-05
797	3.17327e-05	0.00268461	3.15991e-05
798	2.89605e-05	0.00223286	2.88372e-05
799	3.22664e-05	0.00243686	3.21396e-05
800	3.78605e-05	0.00299184	3.76937e-05
801	3.548e-05	0.0027763	3.53106e-05
802	3.87395e-05	0.00280861	3.8566e-05
803	4.10887e-05	0.00299605	4.08937e-05
804	4.00879e-05	0.00266947	3.98883e-05
805	4.13103e-05	0.00273116	4.10745e-05
806	4.48118e-05	0.00294502	4.45563e-05
807	5.04407e-05	0.00325798	5.018e-05
808	5.16643e-05	0.00329366	5.13863e-05
809	5.31774e-05	0.00332987	5.28632e-05
810	4.95417e-05	0.00281799	4.92369e-05
811	5.20065e-05	0.00278631	5.16933e-05
812	5.61877e-05	0.00300477	5.58642e-05
813	6.62688e-05	0.00361073	6.58622e-05
814	6.1641e-05	0.00326593	6.12714e-05
815	6.1146e-05	0.00293836	6.07475e-05
816	7.27958e-05	0.0038994	7.23135e-05
817	7.60221e-05	0.00377227	7.55095e-05
818	8.51855e-05	0.00456216	8.46208e-05
819	8.61393e-05	0.00420227	8.55829e-05
820	8.41365e-05	0.00403847	8.35346e-05
821	9.26485e-05	0.00420466	9.19876e-05
822	0.000100518	0.00425619	9.97881e-05
823	0.000106442	0.00481909	0.000105611
824	0.000105118	0.00425425	0.000104252
825	0.000113666	0.00443364	0.000112712
826	0.000121026	0.00465374	0.00012012
827	0.000130169	0.00513811	0.000129056
828	0.00013383	0.00506114	0.000132702
829	0.000143965	0.00531168	0.000142781
830	0.000146308	0.00549554	0.000145045
831	0.000147794	0.00517951	0.000146459
832	0.000152174	0.00492406	0.000150884
833	0.000161062	0.00523477	0.000159582
834	0.000164968	0.00480098	0.000163457
835	0.000174553	0.00502155	0.000172838
836	0.000187265	0.00519699	0.000185479
837	0.000187965	0.00510169	0.000186209
838	0.000199355	0.00538089	0.000197402
839	0.000218943	0.00599481	0.000216546
840	0.000242399	0.00655616	0.000239554
841	0.000242099	0.00602987	0.00023936
842	0.000252382	0.00584733	0.000249642
843	0.000279206	0.00691877	0.000275865
844	0.000282781	0.00646867	0.000279238
845	0.000300677	0.00649966	0.000296742
846	0.00033056	0.0072198	0.000326049
847	0.000347931	0.00732314	0.000343177
848	0.000362356	0.00710393	0.00035723
849	0.000371619	0.00728861	0.000365836
850	0.000409453	0.0077689	0.000403462
851	0.000442482	0.00815186	0.000435971
852	0.000452819	0.00760331	0.000445458
853	0.000483229	0.0080721	0.000475614
854	0.000528562	0.00860704	0.000519933
855	0.00053196	0.00829076	0.000522865
856	0.000555444	0.0086752	0.000545709
857	0.000615742	0.00935561	0.000604154
858	0.000622447	0.00859205	0.000610185
859	0.00067955	0.00936181	0.000666243
860	0.000735529	0.00978739	0.000720462
861	0.000789639	0.0103177	0.000773171
862	0.000818413	0.0101301	0.000800312
863	0.000894428	0.0107522	0.000874735
864	0.000967923	0.011304	0.000945252
865	0.000995662	0.0107538	0.000971486
866	0.00106897	0.011513	0.00104186
867	0.001154	0.0118816	0.00112518
868	0.00125571	0.0121948	0.00122311
869	0.00131487	0.0121128	0.0012783
870	0.00138758	0.0128827	0.00134634
871	0.00149078	0.0131069	0.00144799
872	0.00154128	0.0132276	0.00149469
873	0.00164489	0.0137387	0.00159042
874	0.00178137	0.0141443	0.00172266
875	0.00195271	0.0154318	0.00188325
876	0.00200329	0.0147139	0.00193027
877	0.0021642	0.0154748	0.00208391
878	0.00233403	0.0165958	0.00224193
879	0.00252298	0.0170423	0.002419
880	0.00265422	0.0169924	0.00254201
881	0.00292514	0.0182118	0.00280137
882	0.00310534	0.0181556	0.00296353
883	0.00323016	0.0179328	0.00308038
884	0.00354318	0.0191095	0.00336736
885	0.00379206	0.0194714	0.00359915
886	0.00402926	0.0201414	0.00381178
887	0.00431129	0.020823	0.00405259
888	0.00468532	0.0212873	0.00440196
889	0.00509971	0.0218824	0.00478035
890	0.00541812	0.021973	0.00506155
891	0.00586805	0.0236742	0.00546076
892	0.00628577	0.0244294	0.00581803
893	0.00662602	0.0240543	0.0061005
894	0.00721454	0.0252293	0.00661633
895	0.00771152	0.0255597	0.00704939
896	0.00853977	0.0278533	0.00776054
897	0.00886255	0.0267593	0.00798092
898	0.0095874	0.0276572	0.0085852
899	0.010579	0.0292224	0.00940109
900	0.011551	0.0303438	0.0101813
901	0.0123832	0.0303121	0.0108454
902	0.0132933	0.0316252	0.0114894
903	0.0145889	0.033255	0.012539
904	0.0155122	0.0329878	0.0131398
905	0.0165055	0.0340904	0.0138259
906	0.0181216	0.0351063	0.0149755
907	0.0194723	0.0361091	0.015766
908	0.0213795	0.036898	0.017001
909	0.0232078	0.0385648	0.0180175
910	0.025174	0.0397368	0.0191975
911	0.026985	0.0400774	0.0199811
912	0.0297863	0.0410911	0.0213168
913	0.0321137	0.0413345	0.022272
914	0.0347688	0.042376	0.0230411
915	0.0372345	0.0428202	0.0240466
916	0.0400442	0.0441477	0.0252923
917	0.0424611	0.0458933	0.0262206
918	0.0440785	0.0456531	0.0270306
919	0.0464942	0.0476899	0.0284086
920	0.0481453	0.0493139	0.0291532
921	0.0492953	0.0500424	0.0298563
922	0.0507954	0.0495133	0.0305577
923	0.0510774	0.0499271	0.0307755
924	0.0544486	0.0527197	0.032547
925	0.0535595	0.0525741	0.0322068
926	0.0555234	0.0534205	0.0329765
927	0.0603295	0.0559032	0.0357706
928	0.0595037	0.0571204	0.035566
929	0.0578153	0.0546282	0.0346038
930	0.0573281	0.0544804	0.0343325
931	0.065038	0.0588691	0.0380488
932	0.0664651	0.0593264	0.0387869
933	0.0657028	0.0601343	0.0384133
934	0.0640896	0.0585825	0.0376588
935	0.0638391	0.0598632	0.038032
936	0.063391	0.0568658	0.0369801
937	0.063056	0.0569711	0.0372057
938	0.0728077	0.0647277	0.0425564
939	0.0773964	0.0674055	0.0449166
940	0.0746775	0.0661011	0.0428736
941	0.0738641	0.0648057	0.0427381
942	0.0731604	0.0644952	0.0428572
943	0.0726843	0.0647094	0.0426865
944	0.072231	0.0630488	0.0422681
945	0.0715814	0.0633715	0.0417376
946	0.0701545	0.0633264	0.0412694
947	0.0691712	0.062756	0.0406377
948	0.0685303	0.0617529	0.0401668
949	0.0675093	0.06037	0.0400742
950	0.0867738	0.0726874	0.0495535
951	0.0927267	0.0753471	0.0522293
952	0.0914917	0.0761321	0.0521948
953	0.0905803	0.0757626	0.0517275
954	0.0905767	0.0740282	0.0514964
955	0.0884655	0.0734836	0.0504585
956	0.087645	0.0732592	0.0499363
957	0.0864603	0.0724286	0.0494185
958	0.0862071	0.073521	0.0496599
959	0.0857683	0.0722749	0.0489972
960	0.0834512	0.0717853	0.0481861
960	0.0834512	0.0717853	0.0481861
961	0.082748	0.0699727	0.0476072
962	0.0817908	0.0682574	0.0470239
963	0.0819689	0.0679719	0.0467614
964	0.0800379	0.0707861	0.0462384
965	0.0786264	0.0693047	0.0456848
966	0.0792168	0.0690068	0.0459031
967	0.0766135	0.0666937	0.0449147
968	0.0758217	0.0675904	0.0443879
969	0.0754633	0.0676601	0.0442889
970	0.0747548	0.0667947	0.0438937
971	0.0742657	0.0683268	0.043798
972	0.074591	0.0681708	0.044095
973	0.122273	0.0931137	0.0670311
974	0.126249	0.091988	0.0682076
975	0.125725	0.092966	0.0683548
976	0.12462	0.0936198	0.0690105
977	0.122743	0.0917289	0.0676678
978	0.121619	0.0902753	0.0673826
979	0.120376	0.0897504	0.0667229
980	0.118561	0.0903309	0.0654156
981	0.117558	0.087028	0.0648767
982	0.117372	0.090153	0.0654838
983	0.115071	0.0881891	0.0644912
984	0.115831	0.087378	0.0638795
985	0.114253	0.0875686	0.0635393
986	0.112858	0.0893265	0.0628377
987	0.111419	0.0860463	0.0625565
988	0.110829	0.0871969	0.0624042
989	0.108441	0.0859849	0.060944
990	0.108688	0.0856121	0.0608253
991	0.106396	0.0838385	0.0602067
992	0.106503	0.0855845	0.0603837
993	0.103512	0.0845903	0.0591421
994	0.103437	0.0836984	0.0587628
995	0.102673	0.0838504	0.0582465
996	0.102288	0.0838064	0.0583532
997	0.100594	0.0831864	0.0574169
998	0.0992057	0.0816924	0.0571945
999	0.0985192	0.0806244	0.0564586
1000	0.0976961	0.0822616	0.0565516
1001	0.0969261	0.0811064	0.0558037
1002	0.0963662	0.0794183	0.0555378
1003	0.0953484	0.0808381	0.0554756
1004	0.0934785	0.0787427	0.0541687
1005	0.0922024	0.0776391	0.0530178
1006	0.0927894	0.0785396	0.0537343
1007	0.0908885	0.0791108	0.0530199
1008	0.0892755	0.0757284	0.0517146
1009	0.0884199	0.0769556	0.0519954
1010	0.087301	0.0754421	0.0509457
1011	0.0874072	0.0764407	0.0513124
1012	0.0861155	0.0759346	0.0505171
1013	0.0858976	0.0751958	0.0511506
1014	0.0843863	0.0741083	0.0502805
1015	0.0824635	0.0740688	0.0490125
1016	0.0822456	0.0752899	0.0489991
1017	0.0801171	0.0728126	0.0481037
1018	0.0805952	0.0728701	0.0480233
1019	0.0794712	0.0718857	0.0479118
1020	0.0780292	0.072802	0.046728
1021	0.0764981	0.0701655	0.0460602
1022	0.0770678	0.0714298	0.0464157
1023	0.0764356	0.0715352	0.0460423
1024	0.0746006	0.0691517	0.0447853
1025	0.0743709	0.0696946	0.045063
1026	0.183877	0.119278	0.0969825
1027	0.225952	0.131543	0.114575
1028	0.22368	0.132198	0.114122
1029	0.222157	0.133396	0.111086
1030	0.222901	0.132637	0.11237
1031	0.21868	0.13051	0.111196
1032	0.216001	0.130121	0.11006
1033	0.214254	0.130588	0.111568
1034	0.213176	0.130757	0.108943
1035	0.212391	0.129735	0.110877
1036	0.210034	0.129925	0.109845
1037	0.206891	0.128543	0.106816
1038	0.206503	0.129607	0.106999
1039	0.207368	0.129072	0.107865
1040	0.20209	0.129758	0.10602
1041	0.200899	0.128181	0.105728
1042	0.19958	0.126074	0.104911
1043	0.197615	0.125603	0.104266
1044	0.195446	0.124563	0.102555
1045	0.194177	0.122347	0.102052
1046	0.191517	0.125954	0.100838
1047	0.191084	0.124354	0.100889
1048	0.189802	0.123202	0.101251
1049	0.188101	0.12419	0.100732
1050	0.186272	0.123965	0.0989336
1051	0.183872	0.121503	0.098772
1052	0.182209	0.121908	0.0978238
1053	0.180988	0.121463	0.0970017
1054	0.181502	0.120642	0.0977359
1055	0.178972	0.12087	0.0972757
1056	0.176989	0.122114	0.0953913
1057	0.176702	0.122348	0.0954097
1058	0.173852	0.119476	0.0936618
1059	0.172976	0.118646	0.0930545
1060	0.169876	0.119507	0.0919412
1061	0.171217	0.116145	0.0929454
1062	0.168024	0.11896	0.0916224
1063	0.166322	0.118502	0.0907945
1064	0.16272	0.117587	0.0889133
1065	0.164353	0.116379	0.0899163
1066	0.161465	0.114699	0.0876661
1067	0.160982	0.11653	0.0886384
1068	0.158366	0.112707	0.0876241
1069	0.157683	0.113631	0.0866625
1070	0.157338	0.115058	0.0874841
1071	0.154676	0.112389	0.0846228
1072	0.152619	0.111033	0.0839478
1073	0.151654	0.111778	0.0839223
1074	0.15075	0.109188	0.0840013
1075	0.14842	0.111027	0.0827903
1076	0.147798	0.111297	0.082382
1077	0.146529	0.108041	0.0815896
1078	0.145036	0.111143	0.0812229
1079	0.142456	0.108272	0.0805081
1080	0.141667	0.107114	0.0796471
1081	0.141808	0.109152	0.0804933
1082	0.141367	0.107903	0.0798175
1083	0.138671	0.107328	0.0781183
1084	0.137013	0.106967	0.0782125
1085	0.134561	0.105113	0.0773984
1086	0.134181	0.105114	0.0765471
1087	0.134246	0.104101	0.076886
1088	0.131577	0.104155	0.0754952
1089	0.130575	0.105354	0.0755171
1090	0.128532	0.104023	0.0746279
1091	0.12596	0.102714	0.0724858
1092	0.126309	0.101935	0.0734391
1093	0.124985	0.100449	0.0722927
1094	0.12153	0.100323	0.0705998
1095	0.121118	0.0985	0.0709296
1096	0.12057	0.0999982	0.0705824
1097	0.119743	0.101667	0.0699026
1098	0.118916	0.0993424	0.0699157
1099	0.11728	0.0981643	0.0682757
1100	0.1162	0.0979662	0.0687969
1101	0.115924	0.0973167	0.0677251
1102	0.114036	0.0966319	0.0665408
1103	0.112328	0.0980039	0.0660429
1104	0.111394	0.095889	0.0646565
1105	0.110786	0.0948462	0.0650229
1106	0.107269	0.0916675	0.0637101
1107	0.107618	0.0940176	0.0631466
1108	0.1076	0.0955259	0.0639628
1109	0.105153	0.0939257	0.0623813
1110	0.104124	0.0950254	0.0620998
1111	0.102917	0.0909377	0.0613979
1112	0.101786	0.0916674	0.0608662
1113	0.100528	0.0894959	0.0601049
1114	0.0990164	0.0889288	0.0599893
1115	0.0987072	0.0908334	0.0594908
1116	0.0966272	0.0900755	0.0592777
1117	0.0966498	0.0896987	0.0587665
1118	0.0965224	0.0884372	0.0588256
1119	0.0940147	0.086415	0.0572758
1120	0.0933717	0.0861335	0.0568209
1121	0.092017	0.0853636	0.0561361
1122	0.0909428	0.0859535	0.0557123
1123	0.0908344	0.0850131	0.0557713
1124	0.0893129	0.0848913	0.0550158
1125	0.0869795	0.0834134	0.0537082
1126	0.0853758	0.0817098	0.0525772
1127	0.0852206	0.0825064	0.0524395
1128	0.0841395	0.0812421	0.0523778
1129	0.0825421	0.0819237	0.0516021
1130	0.0827242	0.0819242	0.0514947
1131	0.0820328	0.0808008	0.0513638
1132	0.080928	0.0812633	0.0501508
1133	0.0802941	0.0796439	0.0499841
1134	0.0783242	0.0780342	0.0486571
1135	0.0775404	0.0778004	0.0482652
1136	0.0768442	0.078392	0.0484418
1137	0.0754015	0.0775074	0.0474367
1138	0.0752131	0.0778047	0.0478679
1139	0.0743825	0.0771513	0.0468365
1140	0.0727515	0.0755131	0.0463911
1141	0.0723535	0.0756031	0.0456255
1142	0.0719065	0.0755182	0.0459978
1143	0.071493	0.0730805	0.0453053
1144	0.0700721	0.0744016	0.0446555
1145	0.0702624	0.0729044	0.0443664
1146	0.0683767	0.073831	0.0436807
1147	0.0670175	0.0739705	0.0430749
1148	0.0659484	0.0715254	0.0424622
1149	0.0650516	0.0707827	0.0421477
1150	0.0648107	0.0734334	0.0417251
1151	0.064164	0.0714396	0.0417549
1152	0.0631998	0.070725	0.0410652
1153	0.0627845	0.0693956	0.0409736
1154	0.0608476	0.0679864	0.0396042
1155	0.0602069	0.0690389	0.0388634
1156	0.0599017	0.0674088	0.0391516
1157	0.0598518	0.0673418	0.0391523
1158	0.0586824	0.0675999	0.0387565
1159	0.0572574	0.0652204	0.0374115
1160	0.0570657	0.0669016	0.0376085
1161	0.0561877	0.0654824	0.0372547
1162	0.0547931	0.0653551	0.0363836
1163	0.0536723	0.0629744	0.0353988
1164	0.0534776	0.0644352	0.0353269
1165	0.0530846	0.0640448	0.0355485
1166	0.0530389	0.0630055	0.0350865
1167	0.051932	0.0620597	0.0346939
1168	0.0508467	0.0606565	0.0339328
1169	0.0498913	0.0606707	0.033119
1170	0.0498074	0.0603532	0.0332558
1171	0.0494911	0.0608241	0.033229
1172	0.0485357	0.0605482	0.0326605
1173	0.0478833	0.0594416	0.0319928
1174	0.0469414	0.0571064	0.0315971
1175	0.0455929	0.0576643	0.0306788
1176	0.0450714	0.0582598	0.0307242
1177	0.0449852	0.0580592	0.03036
1178	0.0436354	0.0572786	0.0294016
1179	0.0433855	0.0568882	0.0295792
1180	0.0433328	0.0567516	0.0296727
1181	0.0421152	0.0538221	0.0286172
1182	0.0416469	0.0560566	0.0283
1183	0.0408159	0.0537212	0.0278445
1184	0.0405443	0.0549303	0.0274802
1185	0.0403463	0.0544257	0.0277059
1186	0.039476	0.0530447	0.0272914
1187	0.0384836	0.0520263	0.0264586
1188	0.0382932	0.0525474	0.0263089
1189	0.037455	0.0512795	0.0259539
1190	0.036877	0.0516156	0.0257445
1191	0.0364855	0.0505764	0.0251013
1192	0.0364373	0.0508282	0.0253774
1193	0.0360696	0.0520885	0.0251302
1194	0.0351788	0.0492514	0.0245236
1195	0.0347357	0.0497204	0.0241573
1196	0.0337747	0.0499075	0.0236759
1197	0.0337044	0.0488217	0.0235639
1198	0.03287	0.0461294	0.0229744
1199	0.0328824	0.0474944	0.0230774
1200	0.0325571	0.0466804	0.0226995
1201	0.0317773	0.046307	0.0223225
1202	0.0311826	0.0450225	0.0219051
1203	0.0304563	0.0445592	0.0214829
1204	0.0304549	0.0455416	0.0215224
1205	0.0296741	0.0439409	0.0210905
1206	0.0286103	0.0434822	0.0202491
1207	0.0286218	0.0430766	0.0204747
1208	0.028122	0.0427708	0.0200246
1209	0.0280295	0.0426738	0.0199738
1210	0.0275789	0.0432584	0.0196394
1211	0.0267717	0.0420559	0.0190494
1212	0.0273296	0.0430903	0.0195633
1213	0.0265414	0.0414519	0.0190903
1214	0.0264133	0.0418044	0.0188562
1215	0.0270724	0.0416087	0.0191853
1216	0.68389	0.0757612	0.209231
1217	0.961956	0.0334818	0.326118
1218	0.970461	0.0258019	0.255711
1219	0.976063	0.020726	0.203925
1220	0.980021	0.0171857	0.164421
1221	0.98296	0.0145363	0.136527
1222	0.985214	0.0125338	0.114103
1223	0.98699	0.0109576	0.0968399
1224	0.988418	0.00969866	0.0829504
1225	0.989589	0.00867473	0.0716474
1226	0.990563	0.00782078	0.0626351
1227	0.991384	0.00710238	0.0552429
1228	0.992085	0.00649253	0.0490621
1229	0.992688	0.00596735	0.0439168
1230	0.993214	0.00551347	0.0395222
1231	0.993675	0.00511881	0.0357163
1232	0.994082	0.00476977	0.0324843
1233	0.994444	0.00446208	0.0296454
1234	0.994767	0.00418628	0.0272068
1235	0.995058	0.00393805	0.0250887
1236	0.995322	0.00371312	0.0232499
1237	0.99556	0.0035139	0.021525
1238	0.995778	0.00333215	0.020004
1239	0.995977	0.00316515	0.0186691
1240	0.996161	0.00301009	0.0175121
1241	0.996329	0.00286952	0.0164285
1242	0.996485	0.00274061	0.0154384
1243	0.99663	0.00262271	0.0145154
1244	0.996764	0.00251166	0.0137083
1245	0.996889	0.00240801	0.0129797
1246	0.997005	0.0023125	0.0122918
1247	0.997115	0.00222366	0.0116565
1248	0.997217	0.00214076	0.0110699
1249	0.997313	0.00206211	0.0105449
1250	0.997403	0.00198926	0.0100434
1251	0.997488	0.0019216	0.00956612
1252	0.997569	0.00185661	0.00913905
1253	0.997645	0.00179536	0.00874225
1254	0.997716	0.00173792	0.00836658
1255	0.997784	0.00168333	0.00801978
1256	0.997849	0.00163035	0.00771285
1257	0.99791	0.00158147	0.00740698
1258	0.997969	0.00153495	0.00712074
1259	0.998024	0.00149011	0.00686063
1260	0.998077	0.00144804	0.00660768
1261	0.998128	0.00140753	0.00637488
1262	0.998176	0.0013698	0.00614295
1263	0.998222	0.00133291	0.00593385
1264	0.998267	0.00129778	0.00573568
1265	0.998309	0.00126442	0.00554563
1266	0.998349	0.00123241	0.00536605
1267	0.998389	0.00120159	0.00519652
1268	0.998426	0.00117219	0.0050333
1269	0.998462	0.00114404	0.00487867
1270	0.998497	0.00111689	0.00473318
1271	0.99853	0.00109083	0.0045915
1272	0.998562	0.00106544	0.00446305
1273	0.998593	0.00104159	0.00433225
1274	0.998623	0.00101858	0.00420951
1275	0.998651	0.000996305	0.00409363
1276	0.998679	0.000974576	0.0039856
1277	0.998705	0.000953771	0.00388055
1278	0.998731	0.000933508	0.00378194
1279	0.998756	0.000914114	0.00368156
1280	0.998781	0.00089575	0.00358232
1281	0.998804	0.000877961	0.00348894
1282	0.998827	0.000860208	0.00340649
1283	0.998849	0.000843172	0.00332537
1284	0.99887	0.000827337	0.00324146
1285	0.998891	0.000811765	0.00316356
1286	0.998911	0.000796441	0.00308962
1287	0.99893	0.000781674	0.00301761
1288	0.998949	0.000767343	0.0029488
1289	0.998967	0.000753579	0.00288197
1290	0.998984	0.000740556	0.0028139
1291	0.999002	0.000727235	0.00275251
1292	0.999018	0.000714686	0.00269189
1293	0.999035	0.000701744	0.00263377
1294	0.999051	0.000689769	0.00257678
1295	0.999066	0.000677988	0.00252414
1296	0.999082	0.000666643	0.00247153
1297	0.999096	0.00065563	0.00242136
1298	0.99911	0.000644942	0.00237235
1299	0.999124	0.000634471	0.00232552
1300	0.999138	0.000624205	0.00228102
