600	1.10616e-06	0.00176074	1.10578e-06
601	1.05633e-06	0.00161597	1.05598e-06
602	1.0922e-06	0.00168597	1.09195e-06
603	1.09953e-06	0.00177359	1.09923e-06
604	1.10334e-06	0.00184846	1.10308e-06
605	9.58484e-07	0.0013891	9.58234e-07
606	1.11285e-06	0.00175329	1.1126e-06
607	1.04432e-06	0.00158963	1.04406e-06
608	8.96898e-07	0.00128569	8.96624e-07
609	1.28188e-06	0.0022008	1.28155e-06
610	9.84933e-07	0.00145842	9.84749e-07
611	1.15191e-06	0.00175278	1.15164e-06
612	1.25049e-06	0.00194168	1.25011e-06
613	1.03493e-06	0.00151914	1.03463e-06
614	1.35426e-06	0.00207402	1.35395e-06
615	1.08724e-06	0.00152618	1.08698e-06
616	1.08751e-06	0.00141414	1.08727e-06
617	9.02703e-07	0.00113551	9.02528e-07
618	5.59287e-07	0.000489792	5.5915e-07
619	8.31451e-07	0.00100503	8.31282e-07
620	1.13565e-06	0.00141457	1.13541e-06
621	1.27652e-06	0.00145286	1.27628e-06
622	1.29189e-06	0.00155317	1.2916e-06
623	1.3026e-06	0.00155702	1.30228e-06
624	9.67304e-07	0.000956614	9.67077e-07
625	1.07503e-06	0.00115285	1.07477e-06
626	9.57814e-07	0.001061	9.57584e-07
627	7.59272e-07	0.000895455	7.59102e-07
628	8.81173e-07	0.00114823	8.8098e-07
629	7.73143e-07	0.000775379	7.72981e-07
630	1.26127e-06	0.00145294	1.26103e-06
631	9.70812e-07	0.00104827	9.70595e-07
632	1.28633e-06	0.00143644	1.28613e-06
633	9.53764e-07	0.0010167	9.53514e-07
634	1.1635e-06	0.0013098	1.16322e-06
635	1.12069e-06	0.00123176	1.12045e-06
636	1.16405e-06	0.0014539	1.16381e-06
637	1.1974e-06	0.0014321	1.19705e-06
638	1.25087e-06	0.00143221	1.25055e-06
639	9.20083e-07	0.000949059	9.19915e-07
640	8.88123e-07	0.000861046	8.87964e-07
641	8.95488e-07	0.000832516	8.95294e-07
642	1.3249e-06	0.00141387	1.32457e-06
643	1.15285e-06	0.00126929	1.15262e-06
644	1.10332e-06	0.00110962	1.10311e-06
645	8.69841e-07	0.000822698	8.69638e-07
646	1.17596e-06	0.00114088	1.17559e-06
647	1.20104e-06	0.00107445	1.20075e-06
648	9.01731e-07	0.000714494	9.01555e-07
649	1.13755e-06	0.00097455	1.13725e-06
650	1.15531e-06	0.000923286	1.15511e-06
651	1.07007e-06	0.000845645	1.06983e-06
652	9.64999e-07	0.000695078	9.6485e-07
653	1.13679e-06	0.000858072	1.13657e-06
654	1.32701e-06	0.00113384	1.32665e-06
655	8.36066e-07	0.000680425	8.35858e-07
656	1.0376e-06	0.000822972	1.03733e-06
657	9.53329e-07	0.000719705	9.53103e-07
658	1.16609e-06	0.000958589	1.16577e-06
659	8.5176e-07	0.000617272	8.51592e-07
660	1.00193e-06	0.000738096	1.00163e-06
661	1.06459e-06	0.000803978	1.06437e-06
662	9.51092e-07	0.000633758	9.50849e-07
663	1.04075e-06	0.00071924	1.04049e-06
664	9.61952e-07	0.00068746	9.61749e-07
665	1.05756e-06	0.000921884	1.0572e-06
666	9.58815e-07	0.000757872	9.58464e-07
667	1.02011e-06	0.000770437	1.01983e-06
668	1.13598e-06	0.000919478	1.13563e-06
669	1.03647e-06	0.000813854	1.03618e-06
670	1.00098e-06	0.000671404	1.00063e-06
671	8.92554e-07	0.000583832	8.92245e-07
672	1.04611e-06	0.000833144	1.04557e-06
673	1.02119e-06	0.000701552	1.02077e-06
674	8.23061e-07	0.000566871	8.22683e-07
675	7.39609e-07	0.000413212	7.39245e-07
676	7.90607e-07	0.000480805	7.9014e-07
677	9.11946e-07	0.000650822	9.1151e-07
678	9.3589e-07	0.000663041	9.35463e-07
679	8.93403e-07	0.000558496	8.92857e-07
680	1.02169e-06	0.000690358	1.02113e-06
681	8.14322e-07	0.000550449	8.13875e-07
682	1.0016e-06	0.000699213	1.00104e-06
683	9.90666e-07	0.000738775	9.90103e-07
684	9.67775e-07	0.000725087	9.67285e-07
685	8.21884e-07	0.000525078	8.21361e-07
686	9.50024e-07	0.00064835	9.49484e-07
687	8.4281e-07	0.000566338	8.42331e-07
688	8.0083e-07	0.000535766	8.00239e-07
689	9.57266e-07	0.000641026	9.56719e-07
690	1.00975e-06	0.000736457	1.00905e-06
691	9.29747e-07	0.000600186	9.29111e-07
692	9.84312e-07	0.000648263	9.83623e-07
693	8.88425e-07	0.0006285	8.8779e-07
694	9.23327e-07	0.000561894	9.22723e-07
695	9.61681e-07	0.000583498	9.61188e-07
696	1.07564e-06	0.000723482	1.07492e-06
697	1.13149e-06	0.000743516	1.13079e-06
698	1.13429e-06	0.000813868	1.13358e-06
699	1.0516e-06	0.000715134	1.05103e-06
700	1.28732e-06	0.000911593	1.28661e-06
701	1.02923e-06	0.000647499	1.02865e-06
702	1.10903e-06	0.00073533	1.1083e-06
703	1.07278e-06	0.000757564	1.07216e-06
704	1.2643e-06	0.000878181	1.26357e-06
705	1.24588e-06	0.000989731	1.24513e-06
706	2.03314e-06	0.00192956	2.03181e-06
707	1.8817e-06	0.00164654	1.88074e-06
708	1.60534e-06	0.00115691	1.60452e-06
709	1.3596e-06	0.00091104	1.35903e-06
710	2.05319e-06	0.00180287	2.05221e-06
711	1.85095e-06	0.00143589	1.85005e-06
712	1.61772e-06	0.00110135	1.6167e-06
713	1.43079e-06	0.00082539	1.42994e-06
714	1.54775e-06	0.00117932	1.54679e-06
715	1.5865e-06	0.00109921	1.58544e-06
716	2.11849e-06	0.00186078	2.11658e-06
717	1.55861e-06	0.00103418	1.55761e-06
718	2.41504e-06	0.00189566	2.41357e-06
719	1.7587e-06	0.00121916	1.75704e-06
720	1.59159e-06	0.000774363	1.59027e-06
721	1.59748e-06	0.000732464	1.59623e-06
722	2.65853e-06	0.00156419	2.65603e-06
723	2.02366e-06	0.000951582	2.02224e-06
724	2.64113e-06	0.00150469	2.63888e-06
725	2.28954e-06	0.00128789	2.28771e-06
726	2.83661e-06	0.00159949	2.83413e-06
727	2.84468e-06	0.00143708	2.84224e-06
728	2.39739e-06	0.00105514	2.39532e-06
729	3.3408e-06	0.00183169	3.33736e-06
730	1.89163e-06	0.000663888	1.89007e-06
731	2.61865e-06	0.00105314	2.6166e-06
732	2.91908e-06	0.00122083	2.91655e-06
733	3.07769e-06	0.00156354	3.07467e-06
734	2.31085e-06	0.000757669	2.30856e-06
735	2.79123e-06	0.0010494	2.78862e-06
736	3.56168e-06	0.00181929	3.55793e-06
737	3.7814e-06	0.00174658	3.77795e-06
738	3.42279e-06	0.00158741	3.41899e-06
739	3.02232e-06	0.00122701	3.01926e-06
740	3.2529e-06	0.00122454	3.24932e-06
741	3.29861e-06	0.00135359	3.29501e-06
742	3.21736e-06	0.00136179	3.21429e-06
743	3.25529e-06	0.00120455	3.25171e-06
744	3.21358e-06	0.00136849	3.21021e-06
745	3.84328e-06	0.00162017	3.83865e-06
746	3.15254e-06	0.00108241	3.14905e-06
747	3.37914e-06	0.00112016	3.37469e-06
748	2.67921e-06	0.000741569	2.67624e-06
749	3.23449e-06	0.000933056	3.23085e-06
750	3.69114e-06	0.00115985	3.68686e-06
751	3.9842e-06	0.00122855	3.97837e-06
752	2.94677e-06	0.000821114	2.94321e-06
753	3.53764e-06	0.00109288	3.53322e-06
754	3.71689e-06	0.00100237	3.7127e-06
755	3.44139e-06	0.000853104	3.4363e-06
756	3.82497e-06	0.00112259	3.81936e-06
757	4.66709e-06	0.00121069	4.66042e-06
758	4.70138e-06	0.00127979	4.69534e-06
759	4.31572e-06	0.00102238	4.30938e-06
760	4.04698e-06	0.000834152	4.04031e-06
761	4.47655e-06	0.00106653	4.46897e-06
762	4.54222e-06	0.000984328	4.53377e-06
763	4.77913e-06	0.000917052	4.77135e-06
764	4.84267e-06	0.000978562	4.83373e-06
765	6.3884e-06	0.00148193	6.37579e-06
766	6.21608e-06	0.00143715	6.20609e-06
767	6.51732e-06	0.00139112	6.50603e-06
768	6.07484e-06	0.00113948	6.06442e-06
769	6.28757e-06	0.00123227	6.27659e-06
770	6.00181e-06	0.00118873	5.98963e-06
771	5.501e-06	0.000941441	5.48808e-06
772	6.3117e-06	0.0011581	6.29801e-06
773	6.91797e-06	0.0013528	6.90084e-06
774	5.79942e-06	0.000968317	5.78684e-06
775	7.87961e-06	0.00145656	7.85999e-06
776	5.59028e-06	0.000904347	5.57717e-06
777	6.9334e-06	0.00113038	6.91779e-06
778	7.06759e-06	0.00113578	7.0506e-06
779	7.22886e-06	0.00118735	7.21107e-06
780	8.68623e-06	0.00163904	8.66852e-06
781	9.08677e-06	0.00176538	9.06683e-06
782	8.62404e-06	0.00134587	8.60347e-06
783	8.73971e-06	0.00130312	8.71727e-06
784	9.65201e-06	0.00136548	9.62497e-06
785	1.0374e-05	0.001661	1.03455e-05
786	9.03035e-06	0.00125772	9.00166e-06
787	8.25345e-06	0.00100951	8.23012e-06
788	1.14981e-05	0.00156376	1.14629e-05
789	1.21676e-05	0.00192806	1.21237e-05
790	1.22318e-05	0.00172989	1.21901e-05
791	1.1199e-05	0.0013326	1.11617e-05
792	1.21253e-05	0.00146223	1.20829e-05
793	1.1804e-05	0.00145739	1.17578e-05
794	1.22213e-05	0.00120009	1.21739e-05
795	1.41411e-05	0.00155327	1.40878e-05
796	1.47869e-05	0.00188319	1.47306e-05
797	1.50171e-05	0.00165084	1.49565e-05
798	1.39306e-05	0.00146804	1.38721e-05
799	1.47624e-05	0.00142339	1.47004e-05
800	1.75325e-05	0.001875	1.74664e-05
801	1.93929e-05	0.00196181	1.93113e-05
802	1.85376e-05	0.0017812	1.84596e-05
803	1.93114e-05	0.0017186	1.92218e-05
804	2.0897e-05	0.00216817	2.0798e-05
805	2.26495e-05	0.00208508	2.25396e-05
806	2.52225e-05	0.0025299	2.51102e-05
807	2.63861e-05	0.00233621	2.62692e-05
808	2.362e-05	0.00210172	2.35097e-05
809	2.91488e-05	0.00248309	2.90139e-05
810	3.09216e-05	0.0025478	3.07643e-05
811	3.52423e-05	0.00318446	3.50562e-05
812	3.29335e-05	0.00244559	3.27713e-05
813	3.56935e-05	0.00237732	3.55187e-05
814	3.37702e-05	0.00250823	3.3579e-05
815	3.94729e-05	0.00293807	3.92644e-05
816	4.22476e-05	0.00303292	4.20263e-05
817	4.45769e-05	0.00303612	4.43368e-05
818	4.41663e-05	0.00313111	4.39098e-05
819	4.2845e-05	0.00245429	4.2602e-05
820	4.63653e-05	0.00272149	4.60952e-05
821	5.1637e-05	0.00329329	5.13017e-05
822	5.07832e-05	0.00279991	5.04863e-05
823	5.24153e-05	0.00255004	5.20814e-05
824	5.83654e-05	0.00292609	5.79694e-05
825	5.98591e-05	0.00311095	5.94835e-05
826	6.10026e-05	0.00320019	6.05983e-05
827	6.6319e-05	0.00344003	6.58196e-05
828	7.20335e-05	0.00352646	7.14761e-05
829	7.08848e-05	0.0033034	7.0356e-05
830	7.47137e-05	0.00333704	7.41515e-05
831	8.16977e-05	0.00371267	8.1071e-05
832	7.48891e-05	0.00280578	7.42966e-05
833	8.09495e-05	0.00301602	8.02641e-05
834	9.47108e-05	0.00371588	9.38911e-05
835	9.84798e-05	0.00388398	9.75898e-05
836	9.80569e-05	0.00337956	9.71325e-05
837	0.000109065	0.00396866	0.000108131
838	0.000120743	0.00442135	0.000119567
839	0.000129333	0.00417405	0.000127963
840	0.000134052	0.00425627	0.000132617
841	0.000141191	0.00430911	0.000139643
842	0.000150403	0.00467097	0.000148729
843	0.000157443	0.00452141	0.000155624
844	0.000158269	0.00449959	0.000156491
845	0.000168118	0.00444286	0.000166181
846	0.000193495	0.00524265	0.000191115
847	0.000203633	0.00549682	0.000200916
848	0.000218003	0.0052862	0.000215312
849	0.000226006	0.0056914	0.000223118
850	0.000236317	0.00535996	0.000233284
851	0.000263779	0.00616782	0.000260198
852	0.000278471	0.00584696	0.000274475
853	0.000275462	0.00523321	0.00027156
854	0.000303151	0.00589654	0.000298376
855	0.000325844	0.00594203	0.000320978
856	0.00034573	0.00607775	0.00034021
857	0.000377022	0.00650591	0.000370682
858	0.000390201	0.00659217	0.000383253
859	0.000398051	0.00652489	0.00039071
860	0.000436514	0.00677722	0.000428161
861	0.000477076	0.00739671	0.000467979
862	0.000509874	0.00769397	0.000498999
863	0.000521866	0.00730023	0.000511474
864	0.000570055	0.00774756	0.000558222
865	0.000592972	0.00780224	0.000579879
866	0.000656933	0.00858297	0.000641944
867	0.000721354	0.00952538	0.000704326
868	0.000733143	0.00863166	0.000715352
869	0.000832261	0.00968208	0.000810861
870	0.000830883	0.00893454	0.000808674
871	0.000932669	0.00947296	0.000908017
872	0.000993445	0.00967406	0.000965927
873	0.00107039	0.0100949	0.0010401
874	0.00114293	0.0106773	0.00110863
875	0.00119673	0.0104105	0.00115982
876	0.00135409	0.0112843	0.00130993
877	0.00143085	0.011283	0.00138213
878	0.00153381	0.0118264	0.00148057
879	0.00166128	0.0124654	0.00160106
880	0.00173903	0.0123621	0.00167061
881	0.00188883	0.0127613	0.00181419
882	0.00202791	0.0134955	0.00194678
883	0.00226406	0.0145316	0.00216294
884	0.00227325	0.0135614	0.00216785
885	0.00254981	0.0146889	0.00243209
886	0.00278162	0.0157317	0.00264437
887	0.00305888	0.0164535	0.00290149
888	0.00322985	0.0166303	0.0030527
889	0.00339709	0.0166639	0.00320216
890	0.00369939	0.0171848	0.00347156
891	0.00395727	0.0175227	0.00370029
892	0.00432837	0.0184193	0.00404693
893	0.00473356	0.0194332	0.0044049
894	0.00511544	0.0202511	0.00473143
895	0.00557822	0.020726	0.00513172
896	0.00597515	0.0209764	0.00547327
897	0.00647895	0.0223765	0.00590032
898	0.00702642	0.0230953	0.006339
899	0.00775766	0.0235464	0.00696765
900	0.00820817	0.0235147	0.00731456
901	0.00893258	0.0244771	0.00788951
902	0.00959774	0.0250682	0.00841863
903	0.0105194	0.0259983	0.00911253
904	0.011468	0.0269084	0.00983063
905	0.0125105	0.0276585	0.0105846
906	0.0136142	0.0287585	0.0113578
907	0.0146418	0.0292519	0.0120465
908	0.0160128	0.0303812	0.0129036
909	0.0172475	0.0302094	0.0136584
910	0.0187736	0.0313874	0.0145209
911	0.0210387	0.033374	0.0158188
912	0.022675	0.0324978	0.0164736
913	0.024912	0.0345007	0.0175152
914	0.0274693	0.0354991	0.0187072
915	0.0293908	0.036845	0.0194557
916	0.0312817	0.0370567	0.0200785
917	0.0337922	0.0379106	0.0213699
918	0.0351357	0.0390333	0.0218888
919	0.0368507	0.0404932	0.0230736
920	0.0385028	0.0416854	0.0239104
921	0.0400106	0.0435061	0.0249654
922	0.0411435	0.0425528	0.0252952
923	0.0428761	0.0445662	0.0260941
924	0.0448519	0.0462198	0.0277132
925	0.0446017	0.046266	0.0276249
926	0.0441693	0.0465143	0.0271316
927	0.0483333	0.0486255	0.0293501
928	0.0475526	0.0494166	0.0292456
929	0.0471473	0.0487467	0.0290163
930	0.0469775	0.0483813	0.028722
931	0.0534238	0.0519482	0.0323034
932	0.0548892	0.0528154	0.0331331
933	0.0539985	0.052474	0.0323588
934	0.0535418	0.0524142	0.0322009
935	0.0523921	0.0515466	0.0315705
936	0.0518805	0.0515154	0.0317279
937	0.0508363	0.0499593	0.0308327
938	0.0596098	0.0569855	0.0357081
939	0.0631961	0.0597714	0.0378147
940	0.063555	0.0581121	0.0376376
941	0.0622425	0.0586973	0.0371261
942	0.0610596	0.0576641	0.0361333
943	0.0601768	0.0562719	0.0358757
944	0.0599786	0.0576536	0.035879
945	0.0592566	0.0563774	0.0353124
946	0.0578224	0.0564282	0.0348674
947	0.0572916	0.0546872	0.0342713
948	0.0561676	0.0533256	0.0337406
949	0.0565837	0.0532313	0.033793
950	0.0730189	0.0664856	0.0427892
951	0.0785767	0.068932	0.0454431
952	0.0792057	0.0686685	0.0456173
953	0.0765894	0.0661296	0.0446674
954	0.0758343	0.0672152	0.0440609
955	0.0753497	0.0669401	0.044099
956	0.0747071	0.0660186	0.043711
957	0.0739516	0.0672016	0.0435658
958	0.0730215	0.0671622	0.0434077
959	0.0722409	0.0658998	0.0422896
960	0.0709076	0.0641685	0.0415007
960	0.0709076	0.0641685	0.0415007
961	0.0702243	0.0648239	0.0415053
962	0.0692192	0.0634232	0.0413681
963	0.0675704	0.0624978	0.0401442
964	0.0673213	0.0616914	0.0403641
965	0.0665729	0.0619011	0.039731
966	0.06578	0.0612292	0.0393171
967	0.0644278	0.0594609	0.0383716
968	0.063724	0.0610898	0.0384983
969	0.0623688	0.0595699	0.0374522
970	0.0629697	0.0592322	0.0377804
971	0.0614861	0.0591629	0.0369019
972	0.061974	0.059865	0.0373241
973	0.10685	0.0853065	0.0598202
974	0.11013	0.0877761	0.0616645
975	0.10753	0.0848347	0.060569
976	0.108194	0.0848111	0.0605507
977	0.106662	0.0844463	0.0599726
978	0.104901	0.0842945	0.0593994
979	0.10406	0.082913	0.0590023
980	0.103111	0.0845845	0.0585502
981	0.102466	0.0833821	0.0582872
982	0.101638	0.0820438	0.0582103
983	0.0998514	0.0810061	0.0571131
984	0.0998484	0.0821238	0.0570517
985	0.0974268	0.0794493	0.0556988
986	0.0968728	0.0805391	0.0551849
987	0.0969136	0.0806204	0.0553591
988	0.0960254	0.0802623	0.0554135
989	0.0942931	0.0778908	0.0550602
990	0.0922403	0.0769348	0.0532525
991	0.0929872	0.0799173	0.0538156
992	0.091672	0.0781883	0.053087
993	0.0894481	0.0770121	0.051862
994	0.0893442	0.0761	0.052048
995	0.0871541	0.0751583	0.0509513
996	0.0871355	0.0752999	0.0508962
997	0.0866717	0.0748814	0.0510233
998	0.0860572	0.0747061	0.0506777
999	0.0848891	0.0728518	0.0502228
1000	0.0832699	0.0742595	0.0495138
1001	0.0819569	0.0739139	0.0483291
1002	0.0811174	0.0735223	0.0488039
1003	0.0802523	0.0720078	0.0473096
1004	0.0801509	0.072051	0.0479401
1005	0.0780541	0.0726551	0.0466923
1006	0.0769151	0.0700021	0.0459191
1007	0.0767028	0.0703831	0.046205
1008	0.0767327	0.0709903	0.0459135
1009	0.0749683	0.0688861	0.0448382
1010	0.0738359	0.068774	0.0444921
1011	0.072653	0.0671942	0.0435121
1012	0.0718313	0.0685288	0.0428111
1013	0.071425	0.0682936	0.0436722
1014	0.0690838	0.0661702	0.041979
1015	0.0690936	0.0664209	0.0417328
1016	0.0672818	0.0664052	0.041173
1017	0.0664568	0.0639302	0.0402998
1018	0.0652198	0.0643562	0.0399535
1019	0.0648391	0.0644823	0.0394122
1020	0.064188	0.0640828	0.0395368
1021	0.0628995	0.0629417	0.0387603
1022	0.0612772	0.061248	0.0376321
1023	0.0605869	0.0608216	0.0373868
1024	0.0606921	0.0609802	0.037732
1025	0.0591155	0.0611258	0.0367675
1026	0.160651	0.113681	0.0887969
1027	0.198819	0.126262	0.103578
1028	0.197229	0.124563	0.102862
1029	0.195048	0.124065	0.102545
1030	0.193585	0.121851	0.100877
1031	0.191036	0.124284	0.100352
1032	0.190975	0.122953	0.0998249
1033	0.189104	0.123184	0.0999836
1034	0.187258	0.123467	0.0999811
1035	0.185879	0.120999	0.0983284
1036	0.183481	0.121056	0.0966054
1037	0.182051	0.122203	0.097339
1038	0.181086	0.120659	0.0965436
1039	0.181086	0.120185	0.0975488
1040	0.178064	0.120334	0.0959861
1041	0.176694	0.120556	0.0941768
1042	0.175195	0.119681	0.0944132
1043	0.173793	0.120215	0.093411
1044	0.171596	0.116912	0.0922342
1045	0.169805	0.116392	0.0915586
1046	0.170529	0.116438	0.0919639
1047	0.16717	0.117394	0.0905395
1048	0.164829	0.11873	0.0888152
1049	0.163249	0.117096	0.0887696
1050	0.16352	0.115412	0.0884726
1051	0.161953	0.115915	0.0881431
1052	0.159106	0.113857	0.0874611
1053	0.158089	0.110776	0.0867555
1054	0.157596	0.113459	0.0872926
1055	0.156109	0.112852	0.0854291
1056	0.154292	0.111481	0.0843836
1057	0.152327	0.1118	0.0842337
1058	0.150982	0.110318	0.0836793
1059	0.14931	0.111004	0.0828586
1060	0.14764	0.11013	0.0818992
1061	0.147061	0.1079	0.0811447
1062	0.146283	0.107416	0.081523
1063	0.142223	0.108987	0.080361
1064	0.142728	0.106749	0.080997
1065	0.141099	0.107685	0.0796521
1066	0.14187	0.106348	0.0803616
1067	0.139464	0.105107	0.0781283
1068	0.138226	0.105535	0.0780673
1069	0.134508	0.104638	0.0763595
1070	0.134281	0.103934	0.0769099
1071	0.134695	0.105053	0.0764324
1072	0.131903	0.103237	0.0755967
1073	0.130309	0.104324	0.0746618
1074	0.129016	0.103185	0.074233
1075	0.126531	0.102191	0.0729151
1076	0.125628	0.101022	0.0726162
1077	0.125625	0.100013	0.0719846
1078	0.122041	0.100073	0.0700903
1079	0.120965	0.0976375	0.0703495
1080	0.120925	0.0991586	0.0704234
1081	0.119878	0.101291	0.0696913
1082	0.118901	0.0989781	0.0694866
1083	0.117495	0.09716	0.0681856
1084	0.116475	0.0974095	0.0686589
1085	0.115636	0.0961485	0.0672921
1086	0.114218	0.0962053	0.066308
1087	0.11225	0.097044	0.0658632
1088	0.111378	0.0952538	0.0643667
1089	0.110708	0.0943269	0.0646658
1090	0.107232	0.0906024	0.063667
1091	0.10756	0.0926943	0.0631043
1092	0.107342	0.094493	0.063729
1093	0.105345	0.093128	0.0623096
1094	0.103769	0.0944948	0.0615603
1095	0.10283	0.0906836	0.0607896
1096	0.101789	0.0912365	0.0605835
1097	0.0999243	0.089475	0.0597685
1098	0.0987246	0.088154	0.0598576
1099	0.0984923	0.0898495	0.059447
1100	0.0962022	0.0893208	0.0589353
1101	0.0965931	0.0884386	0.0586197
1102	0.096226	0.0887172	0.0582804
1103	0.0936684	0.0850691	0.0569092
1104	0.0930573	0.0847412	0.056664
1105	0.0914437	0.0849608	0.0558578
1106	0.0908861	0.0858023	0.0551222
1107	0.0905255	0.0834077	0.0553371
1108	0.0882946	0.084622	0.0543924
1109	0.0864321	0.0827137	0.0531522
1110	0.0855176	0.0816134	0.0527919
1111	0.0847611	0.0812558	0.0521572
1112	0.0834047	0.0806925	0.0517044
1113	0.081974	0.080166	0.0510198
1114	0.0831557	0.0819105	0.0521087
1115	0.0812047	0.078695	0.0505366
1116	0.0807456	0.079476	0.0500478
1117	0.0800073	0.079298	0.0498288
1118	0.0777685	0.0764105	0.0477783
1119	0.0773871	0.0781762	0.0486406
1120	0.0758683	0.0776565	0.0477227
1121	0.0753524	0.0774077	0.0475881
1122	0.0751446	0.0755065	0.0472594
1123	0.0728985	0.0757607	0.0461078
1124	0.0727491	0.0746561	0.0458908
1125	0.071948	0.0742086	0.0457844
1126	0.0716092	0.0726275	0.0451221
1127	0.0706137	0.07443	0.044787
1128	0.0699789	0.0720401	0.0441241
1129	0.0695268	0.0736729	0.0442217
1130	0.0665911	0.0714979	0.0427797
1131	0.066458	0.0713838	0.0425757
1132	0.0651562	0.0700143	0.0418259
1133	0.0654191	0.0723121	0.0420016
1134	0.0643797	0.0712693	0.0415627
1135	0.0634834	0.0708174	0.0410085
1136	0.0631064	0.0696993	0.0406314
1137	0.0612703	0.0672694	0.0395328
1138	0.0604147	0.067953	0.0390527
1139	0.0597904	0.0669034	0.0388998
1140	0.0598155	0.0669921	0.0389803
1141	0.0594265	0.0671307	0.0389808
1142	0.0573903	0.065088	0.0373206
1143	0.0570503	0.0665937	0.0373722
1144	0.0565595	0.065344	0.0373946
1145	0.0547853	0.0648057	0.0361698
1146	0.0538578	0.0625751	0.0353918
1147	0.0533803	0.0629414	0.0350581
1148	0.0532243	0.0638662	0.0355811
1149	0.0529326	0.062616	0.0348674
1150	0.0520918	0.0612072	0.0346159
1151	0.0508093	0.0605662	0.0337795
1152	0.0499743	0.0603599	0.0330381
1153	0.0497413	0.0598088	0.0331098
1154	0.0493619	0.0601534	0.0329534
1155	0.0485081	0.0600066	0.0325586
1156	0.04784	0.0587581	0.0319318
1157	0.0468593	0.0565315	0.0314999
1158	0.0455359	0.0572642	0.0305558
1159	0.0449156	0.0577757	0.0304494
1160	0.0450253	0.0574814	0.0303021
1161	0.0434862	0.0570476	0.0292524
1162	0.0432276	0.0561093	0.0294609
1163	0.0432516	0.0561996	0.0293957
1164	0.0419967	0.0535823	0.028565
1165	0.0415733	0.0550743	0.0281112
1166	0.0409359	0.0541504	0.0277841
1167	0.0403906	0.0541856	0.0272829
1168	0.0399968	0.0538681	0.0274693
1169	0.0394264	0.0523828	0.0270854
1170	0.0385372	0.052048	0.0262975
1171	0.0378477	0.0522957	0.0259961
1172	0.0373786	0.0506787	0.0258742
1173	0.0367826	0.0520975	0.0254723
1174	0.0364697	0.0490053	0.0252319
1175	0.0360063	0.0509192	0.0249645
1176	0.0360342	0.0514542	0.0251741
1177	0.0346999	0.0478273	0.0242865
1178	0.0344403	0.0493557	0.0238261
1179	0.0335322	0.0491708	0.0236001
1180	0.0334919	0.0475812	0.0234163
1181	0.0328746	0.0468201	0.0228342
1182	0.0323147	0.0457483	0.0224253
1183	0.0321262	0.0473913	0.0224948
1184	0.0312818	0.0456559	0.021824
1185	0.0307226	0.0440312	0.0214525
1186	0.0302138	0.0450149	0.0211434
1187	0.029793	0.0441511	0.0208987
1188	0.0288646	0.0431124	0.0205218
1189	0.028143	0.042942	0.0199327
1190	0.028375	0.0424798	0.0199848
1191	0.0277417	0.042717	0.0197901
1192	0.0278729	0.0430133	0.0198086
1193	0.0264175	0.0408738	0.0188244
1194	0.0267587	0.041985	0.0191501
1195	0.0262506	0.0416629	0.018788
1196	0.0255543	0.0399531	0.0183452
1197	0.0254591	0.040566	0.0183083
1198	0.0248782	0.03995	0.017862
1199	0.0248857	0.0404458	0.0178962
1200	0.0242558	0.039329	0.017412
1201	0.0240182	0.0395004	0.0174674
1202	0.0230109	0.0372938	0.0166601
1203	0.0231402	0.0379762	0.0168498
1204	0.0219869	0.0378456	0.0160469
1205	0.0221657	0.0375698	0.0161456
1206	0.0218153	0.0362852	0.015956
1207	0.0216807	0.036703	0.0157787
1208	0.0213409	0.0356997	0.0155266
1209	0.0209501	0.0353584	0.0153624
1210	0.0201702	0.0343317	0.0148238
1211	0.0203485	0.0346373	0.014846
1212	0.0201348	0.0349328	0.0148812
1213	0.0196103	0.0336655	0.014427
1214	0.0192315	0.0334848	0.014076
1215	0.0195865	0.0331027	0.0143096
1216	0.673446	0.0751968	0.210902
1217	0.960007	0.035204	0.326325
1218	0.968621	0.0274755	0.261338
1219	0.974222	0.0223843	0.215734
1220	0.978287	0.0186895	0.181075
1221	0.981373	0.0159114	0.152785
1222	0.983782	0.0137585	0.129792
1223	0.985703	0.0120509	0.111127
1224	0.987262	0.0106638	0.0962189
1225	0.988548	0.00952931	0.0838075
1226	0.989622	0.00858677	0.0734942
1227	0.99053	0.00778933	0.065038
1228	0.991307	0.007111	0.0579114
1229	0.991977	0.00653505	0.0516526
1230	0.99256	0.00603142	0.0464666
1231	0.993072	0.00559089	0.0420341
1232	0.993524	0.00520927	0.0380348
1233	0.993926	0.00486827	0.0346541
1234	0.994286	0.00456367	0.0317263
1235	0.994609	0.00429071	0.029156
1236	0.994901	0.00404761	0.0268269
1237	0.995166	0.00382512	0.0248287
1238	0.995407	0.00362332	0.0230447
1239	0.995628	0.00343867	0.0214648
1240	0.99583	0.00326714	0.0200999
1241	0.996016	0.00311359	0.0187902
1242	0.996188	0.00297107	0.0176311
1243	0.996348	0.00283954	0.0165766
1244	0.996495	0.0027175	0.0156215
1245	0.996633	0.0026047	0.0147413
1246	0.996761	0.00249959	0.0139401
1247	0.996881	0.00240078	0.0132169
1248	0.996993	0.00230914	0.0125393
1249	0.997099	0.00222294	0.0119202
1250	0.997198	0.00214298	0.0113332
1251	0.997291	0.0020677	0.0107955
1252	0.997379	0.00199653	0.0103019
1253	0.997463	0.00192885	0.00984797
1254	0.997541	0.0018654	0.0094205
1255	0.997616	0.00180478	0.00903338
1256	0.997686	0.00174767	0.00866696
1257	0.997753	0.00169393	0.00831835
1258	0.997817	0.001643	0.0079909
1259	0.997877	0.00159445	0.00768592
1260	0.997935	0.00154842	0.00739718
1261	0.997991	0.00150432	0.00712146
1262	0.998043	0.00146225	0.00686833
1263	0.998094	0.00142232	0.00662656
1264	0.998142	0.00138481	0.00639142
1265	0.998188	0.00134833	0.00617585
1266	0.998232	0.00131376	0.00596906
1267	0.998274	0.00128082	0.00576913
1268	0.998315	0.00124916	0.00558166
1269	0.998353	0.00121892	0.00540233
1270	0.998391	0.00118973	0.00523463
1271	0.998427	0.00116163	0.00507577
1272	0.998462	0.00113497	0.00491885
1273	0.998495	0.00110962	0.00476732
1274	0.998527	0.00108486	0.00462692
1275	0.998559	0.00106	0.00449719
1276	0.998589	0.00103653	0.00437401
1277	0.998618	0.00101392	0.0042542
1278	0.998645	0.000992327	0.00414
1279	0.998672	0.000971461	0.00403027
1280	0.998699	0.000951203	0.00392502
1281	0.998724	0.00093172	0.00382468
1282	0.998748	0.000913648	0.00372105
1283	0.998772	0.000895358	0.00362951
1284	0.998795	0.000877737	0.00353893
1285	0.998818	0.000860771	0.00345085
1286	0.998839	0.000844427	0.00336641
1287	0.99886	0.000828282	0.00328907
1288	0.99888	0.000813009	0.00321055
1289	0.9989	0.000797919	0.00313547
1290	0.998919	0.000783477	0.00306402
1291	0.998938	0.000769202	0.00299608
1292	0.998956	0.000755693	0.00292838
1293	0.998973	0.000742667	0.00286243
1294	0.99899	0.000729809	0.00280031
1295	0.999007	0.000717151	0.00274224
1296	0.999023	0.000705038	0.00268373
1297	0.999039	0.000692955	0.00262863
1298	0.999054	0.000681434	0.00257458
1299	0.999069	0.000670251	0.00252261
1300	0.999083	0.000659262	0.00247278
