600	0.743381	0.203098	0.610936
601	0.743621	0.202644	0.612366
602	0.744071	0.202046	0.614023
603	0.744035	0.20242	0.612363
604	0.744577	0.201867	0.613721
605	0.744781	0.202022	0.613184
606	0.745244	0.201357	0.615552
607	0.74508	0.201687	0.612942
608	0.744371	0.20128	0.611946
609	0.743862	0.201001	0.61179
610	0.744283	0.200905	0.61144
611	0.744545	0.200556	0.611612
612	0.744466	0.200681	0.609317
613	0.745394	0.200147	0.61106
614	0.745819	0.199842	0.611913
615	0.746182	0.199568	0.612157
616	0.746213	0.199332	0.611605
617	0.746826	0.198989	0.61274
618	0.747111	0.19891	0.611635
619	0.747349	0.198681	0.611256
620	0.747481	0.198296	0.611842
621	0.748123	0.197899	0.612976
622	0.748492	0.197891	0.613336
623	0.748587	0.197736	0.612129
624	0.748765	0.197508	0.611847
625	0.749148	0.197278	0.612952
626	0.749865	0.196831	0.612852
627	0.750137	0.196836	0.611877
628	0.750378	0.196421	0.612217
629	0.750752	0.196158	0.612226
630	0.751376	0.196056	0.610179
631	0.752048	0.195194	0.612343
632	0.752678	0.194843	0.611926
633	0.752417	0.19507	0.610637
634	0.753149	0.194539	0.611822
635	0.753425	0.194306	0.61045
636	0.754227	0.193447	0.610844
637	0.754719	0.193261	0.610317
638	0.755691	0.192603	0.611112
639	0.7559	0.192376	0.610203
640	0.757026	0.191614	0.611657
641	0.755121	0.191782	0.607945
642	0.753497	0.191713	0.604458
643	0.754144	0.191419	0.604963
644	0.755027	0.190601	0.606675
645	0.754822	0.190738	0.606195
646	0.75511	0.190522	0.606028
647	0.755663	0.19013	0.607376
648	0.756361	0.189648	0.608558
649	0.756371	0.189648	0.607969
650	0.756442	0.18937	0.608233
651	0.756874	0.188989	0.607764
652	0.757234	0.189084	0.607295
653	0.758208	0.1884	0.608452
654	0.758585	0.188247	0.606705
655	0.758872	0.187478	0.608226
656	0.760158	0.187054	0.607617
657	0.759931	0.18664	0.607259
658	0.760535	0.186512	0.607041
659	0.761267	0.185719	0.609182
660	0.761561	0.185519	0.607982
661	0.762661	0.185008	0.609281
662	0.762673	0.185029	0.607931
663	0.763415	0.184378	0.608443
664	0.763811	0.18418	0.609279
665	0.764116	0.183796	0.60878
666	0.765216	0.183242	0.609717
667	0.764871	0.183503	0.608758
668	0.76569	0.183098	0.607916
669	0.765666	0.182661	0.610358
670	0.766038	0.182677	0.608322
671	0.766906	0.181659	0.609279
672	0.767789	0.181218	0.609109
673	0.768207	0.180716	0.609863
674	0.768522	0.180561	0.608511
675	0.769343	0.180094	0.610545
676	0.769548	0.179975	0.60779
677	0.770641	0.179005	0.60992
678	0.770734	0.178704	0.609804
679	0.771533	0.178068	0.611725
680	0.772801	0.177401	0.612798
681	0.772599	0.177419	0.610921
682	0.773213	0.177004	0.609587
683	0.774018	0.176602	0.607803
684	0.775208	0.175673	0.610585
685	0.776035	0.174866	0.610398
686	0.776054	0.174873	0.608738
687	0.776523	0.174807	0.606248
688	0.776875	0.174218	0.608775
689	0.77852	0.173396	0.608504
690	0.778886	0.172598	0.609003
691	0.779633	0.17216	0.609169
692	0.780082	0.171799	0.608346
693	0.779783	0.172026	0.605283
694	0.78111	0.171139	0.608722
695	0.78211	0.170455	0.609114
696	0.782742	0.170102	0.605956
697	0.782867	0.170108	0.607116
698	0.783937	0.169033	0.60915
699	0.783424	0.169113	0.608187
700	0.784869	0.16858	0.608399
701	0.785117	0.168386	0.607197
702	0.786023	0.167704	0.609367
703	0.786577	0.166927	0.610029
704	0.787276	0.166371	0.610267
705	0.787588	0.16596	0.609965
706	0.788563	0.165833	0.609592
707	0.789158	0.16488	0.610246
708	0.7897	0.164731	0.606576
709	0.791083	0.163191	0.610869
710	0.791253	0.163264	0.608569
711	0.791778	0.162933	0.608628
712	0.793098	0.16196	0.609696
713	0.793268	0.162222	0.605598
714	0.793744	0.161807	0.606033
715	0.794893	0.160594	0.611003
716	0.795419	0.16007	0.609508
717	0.795924	0.159948	0.607075
718	0.797259	0.158872	0.609648
719	0.797331	0.158766	0.607281
720	0.797935	0.158421	0.608573
721	0.799367	0.157277	0.61073
722	0.799672	0.15688	0.60986
723	0.80018	0.156633	0.60831
724	0.800518	0.156453	0.60673
725	0.800868	0.156199	0.606969
726	0.802092	0.155328	0.607494
727	0.803043	0.154626	0.608307
728	0.803059	0.154528	0.60647
729	0.803734	0.154179	0.606811
730	0.804518	0.153631	0.605922
731	0.804627	0.153605	0.605478
732	0.805609	0.152658	0.607979
733	0.805192	0.153247	0.604725
734	0.806747	0.151828	0.605852
735	0.807344	0.151521	0.607107
736	0.808076	0.151144	0.602917
737	0.808368	0.150802	0.603184
738	0.809792	0.149717	0.607278
739	0.809472	0.149875	0.603038
740	0.810741	0.149179	0.603901
741	0.811288	0.148774	0.602566
742	0.812118	0.148072	0.604238
743	0.812177	0.147892	0.602858
744	0.813466	0.146876	0.605408
745	0.813548	0.147017	0.602459
746	0.814245	0.146401	0.602638
747	0.815278	0.145382	0.605622
748	0.816084	0.145144	0.605276
749	0.815765	0.144868	0.603341
750	0.817048	0.143996	0.602789
751	0.81726	0.144127	0.601691
752	0.818203	0.143163	0.600287
753	0.819437	0.142215	0.602627
754	0.820401	0.141572	0.601627
755	0.820769	0.141154	0.600041
756	0.821641	0.140613	0.599568
757	0.823347	0.139447	0.600286
758	0.82281	0.139663	0.597386
759	0.824375	0.138573	0.598675
760	0.816598	0.140378	0.581905
761	0.811571	0.142371	0.564961
762	0.813337	0.141266	0.568562
763	0.814589	0.140068	0.570113
764	0.814357	0.140466	0.570512
765	0.815107	0.139484	0.570176
766	0.816277	0.138594	0.569817
767	0.817258	0.137613	0.571399
768	0.817933	0.13709	0.570368
769	0.818409	0.13711	0.568341
770	0.818585	0.136649	0.564034
771	0.819948	0.135929	0.561766
772	0.820891	0.134808	0.567027
773	0.821085	0.134973	0.563317
774	0.82264	0.133651	0.56179
775	0.824226	0.132749	0.562672
776	0.824059	0.132838	0.557652
777	0.824714	0.132559	0.555958
778	0.826047	0.131814	0.557523
779	0.826583	0.131116	0.55241
780	0.827849	0.129861	0.55469
781	0.8286	0.129456	0.553948
782	0.829256	0.128344	0.552784
783	0.829935	0.128024	0.549383
784	0.831172	0.127559	0.551049
785	0.832889	0.126256	0.550576
786	0.833193	0.125735	0.554508
787	0.83296	0.125448	0.552458
788	0.834295	0.124829	0.549664
789	0.834885	0.124321	0.548059
790	0.835431	0.123934	0.548061
791	0.836791	0.122997	0.548487
792	0.836892	0.123237	0.545873
793	0.837144	0.122786	0.542544
794	0.838512	0.121832	0.545044
795	0.839188	0.120788	0.543797
796	0.839047	0.121341	0.536411
797	0.841674	0.119553	0.543224
798	0.842407	0.119027	0.541132
799	0.843044	0.118391	0.538699
800	0.844079	0.117526	0.540828
801	0.845672	0.116478	0.538117
802	0.845791	0.116252	0.534637
803	0.846546	0.115799	0.533121
804	0.847126	0.115439	0.528605
805	0.848681	0.114123	0.531249
806	0.849474	0.113659	0.529973
807	0.850642	0.112277	0.527187
808	0.851	0.112629	0.528008
809	0.850763	0.112399	0.523076
810	0.852193	0.111538	0.527503
811	0.853142	0.11101	0.525619
812	0.853447	0.110635	0.518189
813	0.855098	0.109591	0.518894
814	0.855366	0.109296	0.520338
815	0.855722	0.109137	0.515056
816	0.857279	0.107803	0.516536
817	0.859644	0.10618	0.518313
818	0.859293	0.106332	0.510928
819	0.860386	0.105467	0.509448
820	0.861644	0.104366	0.508967
821	0.862083	0.104243	0.506672
822	0.863047	0.103003	0.505306
823	0.864895	0.102213	0.508152
824	0.865347	0.101239	0.504624
825	0.86577	0.101444	0.499278
826	0.866525	0.100843	0.502213
827	0.867242	0.100318	0.504292
828	0.868201	0.0996081	0.501611
829	0.869853	0.0982397	0.50104
830	0.870658	0.0973806	0.499493
831	0.871354	0.0970579	0.503888
832	0.870814	0.0974645	0.493608
833	0.872882	0.0961073	0.496018
834	0.872141	0.0966334	0.488959
835	0.8732	0.0961081	0.489463
836	0.874281	0.0952377	0.488638
837	0.876227	0.0936796	0.490646
838	0.876631	0.0931681	0.481791
839	0.877302	0.0926527	0.479173
840	0.879416	0.0911315	0.478441
841	0.878956	0.0916332	0.473354
842	0.879913	0.0911321	0.467606
843	0.881663	0.0897594	0.472702
844	0.882899	0.0882503	0.470252
845	0.882499	0.0886306	0.466029
846	0.883585	0.0878338	0.471378
847	0.885043	0.0871384	0.466283
848	0.8859	0.0864543	0.462939
849	0.886983	0.0855214	0.464195
850	0.888131	0.084557	0.460066
851	0.888549	0.0843298	0.46027
852	0.889078	0.0838723	0.456696
853	0.890284	0.0832265	0.455592
854	0.891732	0.0820104	0.450982
855	0.893033	0.0808212	0.448824
856	0.89328	0.080646	0.445763
857	0.895135	0.0795796	0.439
858	0.895562	0.0791118	0.436988
859	0.896931	0.0781521	0.436518
860	0.897905	0.0773063	0.434912
861	0.898515	0.0767641	0.428942
862	0.898345	0.0768466	0.425781
863	0.898793	0.076889	0.423343
864	0.901228	0.0750193	0.424544
865	0.902105	0.0739996	0.415507
866	0.903167	0.0732698	0.418294
867	0.90358	0.0730898	0.409119
868	0.903123	0.0733765	0.403501
869	0.904719	0.0718889	0.39995
870	0.907438	0.0700874	0.400811
871	0.907653	0.0699033	0.397995
872	0.907728	0.0700521	0.390968
873	0.90947	0.0689021	0.39054
874	0.909791	0.0683326	0.391558
875	0.911719	0.066757	0.389683
876	0.912225	0.0664774	0.380575
877	0.913998	0.0650304	0.383939
878	0.914347	0.064953	0.378988
879	0.915168	0.0643402	0.381358
880	0.916019	0.0635787	0.373638
881	0.916953	0.063061	0.369486
882	0.918427	0.0615123	0.367594
883	0.919848	0.0604529	0.362226
884	0.918677	0.0616183	0.358366
885	0.92065	0.060271	0.344293
886	0.921944	0.0592379	0.344722
887	0.923396	0.0578317	0.331907
888	0.925842	0.0557322	0.328998
889	0.926248	0.0559354	0.330267
890	0.926863	0.0554796	0.320024
891	0.927113	0.0551096	0.313806
892	0.928141	0.0542839	0.310814
893	0.929119	0.0537512	0.305807
894	0.930101	0.0526424	0.296122
895	0.932375	0.0509839	0.296887
896	0.93234	0.0514563	0.288958
897	0.933804	0.050152	0.284359
898	0.935661	0.0483561	0.284833
899	0.936153	0.0482957	0.276187
900	0.938533	0.0464397	0.272589
901	0.938598	0.0462657	0.270196
902	0.939249	0.0458951	0.270369
903	0.939937	0.0455153	0.261056
904	0.94056	0.0452043	0.260697
905	0.941939	0.0439536	0.256374
906	0.942078	0.0439774	0.249864
907	0.94333	0.0427338	0.240216
908	0.944506	0.0416354	0.232066
909	0.947417	0.0394053	0.222029
910	0.947412	0.0396765	0.216374
911	0.947973	0.0391681	0.211855
912	0.949515	0.0381215	0.200482
913	0.95014	0.0376617	0.18762
914	0.951503	0.0366457	0.179418
915	0.952972	0.035399	0.168489
916	0.953652	0.0349603	0.166262
917	0.955347	0.0336791	0.161185
918	0.956067	0.0330829	0.159346
919	0.955831	0.0333782	0.160367
920	0.956192	0.0330294	0.154862
921	0.957997	0.0318181	0.148038
922	0.95812	0.0317123	0.154206
923	0.95845	0.0314706	0.142954
924	0.958703	0.031484	0.147967
925	0.959928	0.0303471	0.146777
926	0.958374	0.0316967	0.147287
927	0.960359	0.0302405	0.14341
928	0.960721	0.0298173	0.147969
929	0.959954	0.0306033	0.149311
930	0.960946	0.0296324	0.140498
931	0.961475	0.0296123	0.145538
932	0.96238	0.0289237	0.146132
933	0.961246	0.0298958	0.148719
934	0.960694	0.0301649	0.137649
935	0.961989	0.0290526	0.134696
936	0.959865	0.0310178	0.147602
937	0.9592	0.0312846	0.146996
938	0.961552	0.0298928	0.146747
939	0.962304	0.02919	0.150742
940	0.961413	0.0299504	0.152953
941	0.962583	0.0290773	0.147983
942	0.962038	0.029507	0.145702
943	0.962697	0.0290024	0.138402
944	0.963294	0.0285238	0.146298
945	0.962281	0.0291263	0.142589
946	0.962413	0.0293267	0.141157
947	0.96298	0.0286841	0.141137
948	0.962803	0.0288445	0.148932
949	0.962309	0.0292498	0.148579
950	0.96561	0.0268756	0.138435
951	0.965375	0.0273121	0.142245
952	0.965422	0.0272371	0.140962
953	0.966024	0.0266693	0.135508
954	0.967115	0.0257901	0.133202
955	0.965048	0.0277211	0.141658
956	0.965648	0.027072	0.137108
957	0.964781	0.0278682	0.142205
958	0.963947	0.0284052	0.139928
959	0.965218	0.0273669	0.13769
960	0.964794	0.0278223	0.148127
960	0.964794	0.0278223	0.148127
961	0.964445	0.0281238	0.149907
962	0.965061	0.0275007	0.145018
963	0.964675	0.0280219	0.144868
964	0.964649	0.0280133	0.139887
965	0.965046	0.0276974	0.14273
966	0.963447	0.0288765	0.148071
967	0.964737	0.0277878	0.145535
968	0.964399	0.0282401	0.146976
969	0.965342	0.027356	0.141971
970	0.963871	0.0283847	0.140889
971	0.964371	0.0282658	0.146919
972	0.964417	0.0281487	0.140495
973	0.968633	0.0252783	0.134301
974	0.969874	0.0243629	0.132914
975	0.967967	0.026086	0.144939
976	0.969123	0.0251167	0.138877
977	0.968636	0.0253312	0.133058
978	0.968876	0.0251857	0.138057
979	0.968076	0.0258947	0.142696
980	0.968558	0.0255682	0.143276
981	0.969406	0.0247955	0.140869
982	0.968533	0.0255136	0.143682
983	0.968956	0.0251173	0.140768
984	0.967826	0.026204	0.146912
985	0.969595	0.0246639	0.136149
986	0.967542	0.0264421	0.15053
987	0.967351	0.026456	0.147146
988	0.967824	0.026027	0.145195
989	0.968001	0.0258522	0.151407
990	0.96802	0.0258699	0.144335
991	0.968641	0.0255178	0.138987
992	0.96797	0.0259421	0.142902
993	0.966905	0.0267667	0.14619
994	0.966519	0.0270131	0.153119
995	0.966495	0.0271347	0.153232
996	0.967532	0.0263379	0.146606
997	0.966233	0.0274466	0.152121
998	0.967283	0.0265857	0.143735
999	0.968016	0.0259027	0.136074
1000	0.966692	0.0269825	0.147618
1001	0.967803	0.0260534	0.142687
1002	0.966739	0.0269837	0.141265
1003	0.968069	0.0258432	0.13688
1004	0.968443	0.0254958	0.14187
1005	0.967552	0.0263465	0.149375
1006	0.96787	0.0259407	0.143165
1007	0.967861	0.0260936	0.141267
1008	0.968571	0.0254799	0.138933
1009	0.966909	0.0269219	0.14838
1010	0.967535	0.0262212	0.143328
1011	0.967076	0.0265892	0.145476
1012	0.968827	0.0251748	0.137433
1013	0.966974	0.02667	0.1496
1014	0.967975	0.0258695	0.139859
1015	0.967526	0.026275	0.139749
1016	0.96791	0.0259312	0.143218
1017	0.966508	0.0272458	0.14597
1018	0.96746	0.0263059	0.139829
1019	0.967327	0.0264821	0.140154
1020	0.966316	0.0273768	0.146053
1021	0.96672	0.0268455	0.141468
1022	0.965671	0.0278757	0.152296
1023	0.965283	0.0282996	0.152848
1024	0.965499	0.0279842	0.153696
1025	0.966376	0.0273708	0.148467
1026	0.973663	0.0223491	0.139747
1027	0.975653	0.0209952	0.141593
1028	0.974618	0.0220036	0.146242
1029	0.97472	0.0218045	0.144645
1030	0.973893	0.0225084	0.144531
1031	0.975145	0.0215037	0.140137
1032	0.974378	0.022045	0.140715
1033	0.973993	0.0223781	0.141717
1034	0.976097	0.0205818	0.13599
1035	0.975962	0.0207547	0.138401
1036	0.974392	0.0221087	0.143906
1037	0.974968	0.0214905	0.139375
1038	0.975185	0.0214018	0.13666
1039	0.974911	0.021584	0.14254
1040	0.974202	0.02231	0.145092
1041	0.975487	0.0210247	0.138459
1042	0.974402	0.0219802	0.14287
1043	0.975545	0.0210201	0.140049
1044	0.975385	0.0212037	0.144603
1045	0.974975	0.0215622	0.141529
1046	0.975395	0.0211395	0.141546
1047	0.97553	0.0209899	0.140554
1048	0.974797	0.0217234	0.142843
1049	0.975094	0.0213377	0.141227
1050	0.974735	0.0216852	0.145606
1051	0.975086	0.0214421	0.139536
1052	0.97515	0.0213039	0.129919
1053	0.975367	0.0211764	0.138091
1054	0.975571	0.0209657	0.136964
1055	0.975157	0.0214274	0.136242
1056	0.974275	0.0221798	0.142775
1057	0.974467	0.0220722	0.143017
1058	0.974769	0.021728	0.144408
1059	0.974497	0.0218925	0.141051
1060	0.974392	0.0219274	0.142015
1061	0.974997	0.0215072	0.139757
1062	0.973283	0.0229473	0.147098
1063	0.974087	0.0223029	0.144051
1064	0.974695	0.0218484	0.137881
1065	0.974129	0.022252	0.144071
1066	0.974224	0.0221013	0.141375
1067	0.974959	0.0215485	0.134848
1068	0.97474	0.0216383	0.143724
1069	0.974697	0.0217344	0.137849
1070	0.973848	0.0225097	0.15069
1071	0.974251	0.022134	0.145846
1072	0.973877	0.0226194	0.1464
1073	0.974625	0.0219401	0.140811
1074	0.974292	0.0221896	0.138365
1075	0.975402	0.0211036	0.126086
1076	0.975127	0.0213277	0.127614
1077	0.974649	0.0218492	0.137128
1078	0.973866	0.0224284	0.141069
1079	0.973703	0.022725	0.143396
1080	0.974594	0.0217788	0.133687
1081	0.97436	0.0220898	0.133513
1082	0.97442	0.0219836	0.134716
1083	0.974559	0.0219711	0.132351
1084	0.974338	0.0221008	0.136465
1085	0.974122	0.0221609	0.13987
1086	0.974857	0.0216079	0.132074
1087	0.975328	0.0212184	0.130718
1088	0.97476	0.0216784	0.135387
1089	0.974626	0.0217488	0.139409
1090	0.973036	0.0232233	0.145894
1091	0.973776	0.0225549	0.139681
1092	0.974784	0.0216333	0.134454
1093	0.973815	0.0225281	0.134352
1094	0.97422	0.0221413	0.136864
1095	0.974789	0.0216786	0.138524
1096	0.974635	0.0217784	0.135938
1097	0.974034	0.0222231	0.136758
1098	0.974227	0.0221195	0.14132
1099	0.973982	0.0222352	0.137985
1100	0.974514	0.0219203	0.140034
1101	0.974799	0.0216494	0.140774
1102	0.973652	0.0225593	0.137473
1103	0.97374	0.0225035	0.14507
1104	0.973603	0.022711	0.147138
1105	0.973203	0.0230727	0.152554
1106	0.973925	0.0223101	0.148185
1107	0.972418	0.0236376	0.144798
1108	0.973508	0.022661	0.140044
1109	0.972669	0.0235777	0.147883
1110	0.972082	0.0240186	0.150168
1111	0.972399	0.0236796	0.153838
1112	0.971966	0.0241292	0.16349
1113	0.972834	0.0232634	0.150373
1114	0.972077	0.0238981	0.155498
1115	0.971591	0.0243409	0.162709
1116	0.971811	0.0242245	0.157317
1117	0.971933	0.024126	0.156506
1118	0.972839	0.023277	0.154001
1119	0.973277	0.0229317	0.142437
1120	0.97344	0.0226309	0.136173
1121	0.973422	0.0227673	0.144212
1122	0.973034	0.0230936	0.142031
1123	0.974154	0.0221394	0.135801
1124	0.973988	0.022241	0.130277
1125	0.973192	0.0229858	0.139858
1126	0.973016	0.0230195	0.137175
1127	0.973573	0.0226652	0.145114
1128	0.974066	0.0222617	0.134628
1129	0.973838	0.0224302	0.13802
1130	0.973641	0.0226685	0.140948
1131	0.972838	0.0233614	0.140089
1132	0.972885	0.0233448	0.149438
1133	0.972808	0.0233338	0.14196
1134	0.972503	0.0235978	0.149913
1135	0.97199	0.0240918	0.143489
1136	0.973192	0.0229799	0.138811
1137	0.974035	0.0223032	0.13533
1138	0.972588	0.0234851	0.148255
1139	0.972754	0.0234524	0.147895
1140	0.973381	0.0227828	0.14078
1141	0.972136	0.0238698	0.151632
1142	0.971599	0.024448	0.150569
1143	0.971503	0.0245121	0.154521
1144	0.972266	0.0237065	0.153278
1145	0.971355	0.0246459	0.159711
1146	0.972477	0.023588	0.149266
1147	0.972252	0.0238473	0.160545
1148	0.97178	0.02418	0.160504
1149	0.97125	0.024544	0.164154
1150	0.972678	0.023483	0.149311
1151	0.973638	0.0226749	0.145454
1152	0.972749	0.0234083	0.146921
1153	0.972415	0.0235479	0.13914
1154	0.973096	0.0231276	0.133161
1155	0.972753	0.0233413	0.148316
1156	0.971623	0.0243571	0.150297
1157	0.972747	0.0233326	0.151325
1158	0.971665	0.0242671	0.151665
1159	0.972946	0.0232267	0.144233
1160	0.97184	0.0241035	0.149163
1161	0.972446	0.0235103	0.146403
1162	0.972813	0.0233101	0.147525
1163	0.972632	0.0234202	0.140438
1164	0.972466	0.0235882	0.145097
1165	0.972447	0.0235576	0.139339
1166	0.971758	0.0241109	0.146828
1167	0.971893	0.0241077	0.147114
1168	0.971857	0.0241018	0.147423
1169	0.970887	0.0249757	0.154865
1170	0.971817	0.0241434	0.153771
1171	0.972167	0.0238755	0.150162
1172	0.970801	0.0249385	0.151115
1173	0.970465	0.0252921	0.151534
1174	0.971254	0.0246993	0.158339
1175	0.97081	0.0250138	0.157252
1176	0.970355	0.025447	0.164337
1177	0.971136	0.0247389	0.157782
1178	0.970654	0.0251019	0.15552
1179	0.970966	0.0249851	0.155747
1180	0.971004	0.0249325	0.162004
1181	0.969896	0.0257107	0.167128
1182	0.970312	0.0255106	0.168461
1183	0.971499	0.0244654	0.151856
1184	0.970862	0.0250233	0.155913
1185	0.970403	0.0254519	0.159839
1186	0.970425	0.0254544	0.157892
1187	0.970255	0.025542	0.155958
1188	0.971149	0.024777	0.145154
1189	0.971379	0.0245292	0.151245
1190	0.972575	0.0234476	0.146555
1191	0.97137	0.0246444	0.154639
1192	0.971614	0.0242989	0.148527
1193	0.971165	0.0245687	0.148957
1194	0.971829	0.0241839	0.146839
1195	0.972206	0.0238503	0.143812
1196	0.970807	0.025031	0.154716
1197	0.971028	0.0248254	0.146118
1198	0.970868	0.0249076	0.152399
1199	0.97124	0.024596	0.15147
1200	0.970465	0.0252174	0.149024
1201	0.971427	0.0245589	0.153945
1202	0.971178	0.0247407	0.15076
1203	0.971145	0.024704	0.151442
1204	0.972334	0.0238209	0.148118
1205	0.970565	0.0253118	0.154045
1206	0.970773	0.0249949	0.154064
1207	0.970618	0.0251668	0.157522
1208	0.970669	0.025167	0.155993
1209	0.969769	0.0259681	0.164495
1210	0.970157	0.0256113	0.162479
1211	0.9704	0.0254994	0.163694
1212	0.970287	0.0253657	0.166373
1213	0.970294	0.0253367	0.165774
1214	0.968891	0.0266714	0.166649
1215	0.971091	0.0248827	0.151309
1216	0.993158	0.00655815	0.110971
1217	0.998877	0.00110943	0.161364
1218	0.999105	0.000883928	0.132276
1219	0.999263	0.000727394	0.10665
1220	0.999383	0.000608308	0.0884408
1221	0.999478	0.000515136	0.0721291
1222	0.999552	0.000441552	0.0590593
1223	0.999611	0.000383202	0.0483894
1224	0.999659	0.000336359	0.0403463
1225	0.999697	0.000298308	0.0342393
1226	0.999729	0.000267134	0.0291551
1227	0.999755	0.000241256	0.02499
1228	0.999777	0.0002195	0.0216162
1229	0.999796	0.000200985	0.0189325
1230	0.999812	0.000185073	0.0167498
1231	0.999826	0.000171318	0.0148791
1232	0.999838	0.000159304	0.0133162
1233	0.999849	0.000148723	0.0120139
1234	0.999858	0.000139371	0.0108671
1235	0.999867	0.000131014	0.00992285
1236	0.999874	0.000123574	0.00902468
1237	0.999881	0.00011685	0.008279
1238	0.999887	0.000110728	0.00768209
1239	0.999893	0.000105182	0.00712694
1240	0.999898	0.000100115	0.00664621
1241	0.999903	9.54792e-05	0.00620796
1242	0.999907	9.12267e-05	0.00580713
1243	0.999911	8.73141e-05	0.00543941
1244	0.999915	8.36805e-05	0.00512265
1245	0.999918	8.0332e-05	0.004814
1246	0.999921	7.72245e-05	0.00453307
1247	0.999924	7.43248e-05	0.00427654
1248	0.999927	7.1608e-05	0.00405389
1249	0.99993	6.90692e-05	0.00384902
1250	0.999932	6.67004e-05	0.00364562
1251	0.999934	6.44568e-05	0.00347844
1252	0.999937	6.23542e-05	0.00331366
1253	0.999939	6.03456e-05	0.00317911
1254	0.99994	5.84679e-05	0.00304475
1255	0.999942	5.67086e-05	0.00290539
1256	0.999944	5.50203e-05	0.00279409
1257	0.999946	5.34347e-05	0.00267698
1258	0.999947	5.18668e-05	0.00256725
1259	0.999949	5.04239e-05	0.00247599
1260	0.99995	4.90632e-05	0.00238113
1261	0.999951	4.77693e-05	0.00228975
1262	0.999953	4.65284e-05	0.00220977
1263	0.999954	4.53249e-05	0.00214008
1264	0.999955	4.42111e-05	0.00205521
1265	0.999956	4.31421e-05	0.00197539
1266	0.999957	4.21027e-05	0.0019136
1267	0.999958	4.11138e-05	0.00184999
1268	0.999959	4.01584e-05	0.00179593
1269	0.99996	3.92475e-05	0.00173835
1270	0.999961	3.83555e-05	0.00169541
1271	0.999962	3.75174e-05	0.00164144
1272	0.999963	3.67103e-05	0.00159142
1273	0.999963	3.59343e-05	0.00154242
1274	0.999964	3.51807e-05	0.0014995
1275	0.999965	3.44512e-05	0.00146225
1276	0.999966	3.37515e-05	0.00142167
1277	0.999966	3.3078e-05	0.00138403
1278	0.999967	3.24212e-05	0.00135136
1279	0.999968	3.17908e-05	0.00131664
1280	0.999968	3.119e-05	0.00127897
1281	0.999969	3.05917e-05	0.00125238
1282	0.999969	3.00279e-05	0.00121953
1283	0.99997	2.94728e-05	0.00119299
1284	0.999971	2.89453e-05	0.00116062
1285	0.999971	2.84375e-05	0.00112765
1286	0.999972	2.79304e-05	0.00110511
1287	0.999972	2.74497e-05	0.0010771
1288	0.999973	2.69716e-05	0.00105621
1289	0.999973	2.65181e-05	0.00103091
1290	0.999973	2.60653e-05	0.00101231
1291	0.999974	2.5632e-05	0.000991876
1292	0.999974	2.52203e-05	0.000966598
1293	0.999975	2.48028e-05	0.000950658
1294	0.999975	2.44032e-05	0.000925443
1295	0.999976	2.4014e-05	0.000908433
1296	0.999976	2.36342e-05	0.000892673
1297	0.999976	2.32747e-05	0.000871728
1298	0.999977	2.29128e-05	0.000856988
1299	0.999977	2.25744e-05	0.000836663
1300	0.999977	2.21769e-05	0.000823991
