600	8.57802e-07	0.00175319	8.57605e-07
601	7.68277e-07	0.00156386	7.68114e-07
602	8.94382e-07	0.00174878	8.942e-07
603	8.08103e-07	0.00152303	8.07942e-07
604	7.72875e-07	0.00142824	7.72698e-07
605	1.02242e-06	0.00203725	1.02222e-06
606	8.01886e-07	0.00146918	8.0174e-07
607	8.29415e-07	0.00142023	8.29274e-07
608	6.8519e-07	0.0010899	6.85084e-07
609	3.70748e-07	0.000405166	3.70672e-07
610	5.54743e-07	0.000795581	5.54666e-07
611	6.84586e-07	0.0010388	6.84475e-07
612	9.64746e-07	0.00134062	9.64623e-07
613	8.83312e-07	0.00125039	8.8321e-07
614	9.39926e-07	0.00140208	9.39755e-07
615	7.17394e-07	0.000912536	7.17278e-07
616	7.84117e-07	0.00101294	7.84006e-07
617	6.93246e-07	0.00092098	6.93146e-07
618	5.04821e-07	0.000695476	5.0474e-07
619	5.88294e-07	0.000937603	5.88217e-07
620	5.62396e-07	0.000708618	5.62341e-07
621	8.99749e-07	0.00130119	8.99628e-07
622	6.79635e-07	0.000958818	6.79486e-07
623	8.99892e-07	0.00127783	8.99739e-07
624	7.04591e-07	0.000980156	7.04441e-07
625	8.10488e-07	0.00116588	8.10305e-07
626	8.17892e-07	0.00118081	8.17712e-07
627	8.96222e-07	0.00141079	8.96076e-07
628	8.62949e-07	0.00129204	8.62762e-07
629	8.38923e-07	0.00124362	8.38741e-07
630	6.42468e-07	0.000888259	6.42349e-07
631	5.81567e-07	0.00074253	5.81417e-07
632	7.62842e-07	0.000991534	7.62678e-07
633	9.04887e-07	0.00123324	9.04682e-07
634	6.89162e-07	0.0010546	6.88957e-07
635	7.61107e-07	0.00104006	7.60952e-07
636	5.94404e-07	0.000770059	5.9426e-07
637	7.3786e-07	0.000940247	7.37704e-07
638	7.61704e-07	0.000960793	7.61571e-07
639	4.72267e-07	0.000554779	4.72171e-07
640	6.81246e-07	0.000843421	6.81077e-07
641	5.97349e-07	0.000660539	5.97261e-07
642	6.25122e-07	0.000726183	6.24924e-07
643	5.38681e-07	0.000594668	5.38555e-07
644	7.46088e-07	0.000846013	7.45916e-07
645	6.09378e-07	0.000756509	6.09212e-07
646	5.26597e-07	0.000586044	5.26465e-07
647	4.97479e-07	0.000548194	4.97343e-07
648	5.91194e-07	0.000642331	5.91038e-07
649	5.80414e-07	0.000691776	5.80233e-07
650	5.28981e-07	0.000600365	5.28795e-07
651	5.10544e-07	0.000581465	5.10327e-07
652	6.56102e-07	0.00077267	6.55893e-07
653	4.78195e-07	0.000482634	4.7806e-07
654	5.55655e-07	0.000630359	5.555e-07
655	5.45111e-07	0.00063405	5.44942e-07
656	6.68146e-07	0.000829478	6.67928e-07
657	5.76625e-07	0.000666913	5.76454e-07
658	6.23844e-07	0.000714419	6.23673e-07
659	6.17978e-07	0.000726275	6.17797e-07
660	5.59317e-07	0.000608353	5.59136e-07
661	4.05811e-07	0.000387537	4.05638e-07
662	5.18688e-07	0.000608242	5.18511e-07
663	5.42564e-07	0.000547585	5.42383e-07
664	4.97184e-07	0.000593043	4.96991e-07
665	3.63995e-07	0.000332009	3.63839e-07
666	3.43434e-07	0.000312873	3.43252e-07
667	4.81441e-07	0.000488736	4.813e-07
668	5.40953e-07	0.000537574	5.40726e-07
669	5.25321e-07	0.000527947	5.25089e-07
670	5.62781e-07	0.000554777	5.62587e-07
671	5.19837e-07	0.000520057	5.19685e-07
672	4.75594e-07	0.000453336	4.75432e-07
673	6.15018e-07	0.000649039	6.14839e-07
674	5.51182e-07	0.000600187	5.5102e-07
675	4.70319e-07	0.000467207	4.70143e-07
676	5.29666e-07	0.000534865	5.29494e-07
677	4.61907e-07	0.000460037	4.61742e-07
678	4.30457e-07	0.000430382	4.30284e-07
679	5.39674e-07	0.000527372	5.39507e-07
680	6.51533e-07	0.000679372	6.51281e-07
681	5.32987e-07	0.000536559	5.32826e-07
682	5.81439e-07	0.000548014	5.81269e-07
683	5.14484e-07	0.00053615	5.14314e-07
684	4.93663e-07	0.000447754	4.93487e-07
685	5.33348e-07	0.000510116	5.33203e-07
686	6.27406e-07	0.000587975	6.272e-07
687	6.56797e-07	0.000616982	6.56567e-07
688	6.53913e-07	0.000623043	6.53761e-07
689	6.33728e-07	0.000588685	6.33558e-07
690	7.66237e-07	0.000718909	7.66062e-07
691	6.15884e-07	0.00050668	6.15746e-07
692	6.08174e-07	0.000558564	6.07944e-07
693	6.62473e-07	0.000633914	6.62278e-07
694	7.14791e-07	0.000631986	7.14607e-07
695	7.50246e-07	0.000771213	7.50035e-07
696	1.2696e-06	0.001486	1.26921e-06
697	1.13403e-06	0.00119562	1.13371e-06
698	9.85913e-07	0.000904941	9.85705e-07
699	8.65791e-07	0.000842342	8.65532e-07
700	1.39398e-06	0.00166284	1.39357e-06
701	9.66223e-07	0.000923791	9.65923e-07
702	9.26741e-07	0.00076668	9.26491e-07
703	8.53553e-07	0.000706359	8.53285e-07
704	8.80847e-07	0.000836245	8.80594e-07
705	1.0998e-06	0.0011339	1.09932e-06
706	1.17348e-06	0.00117761	1.17317e-06
707	9.80851e-07	0.00088557	9.80429e-07
708	1.39074e-06	0.0014142	1.3902e-06
709	6.82721e-07	0.000427771	6.82473e-07
710	9.43904e-07	0.000633279	9.43456e-07
711	1.09637e-06	0.000749413	1.09594e-06
712	1.38399e-06	0.000911187	1.38346e-06
713	1.2914e-06	0.00100031	1.29076e-06
714	1.57451e-06	0.00126034	1.57368e-06
715	1.29023e-06	0.00102836	1.28961e-06
716	1.72355e-06	0.00128609	1.7227e-06
717	1.30207e-06	0.000777405	1.30133e-06
718	1.38692e-06	0.000891779	1.38636e-06
719	1.47807e-06	0.000913497	1.47744e-06
720	9.55962e-07	0.000465521	9.55702e-07
721	1.70215e-06	0.001117	1.70109e-06
722	1.59284e-06	0.000959847	1.59184e-06
723	1.50848e-06	0.000902877	1.50755e-06
724	1.12558e-06	0.000515141	1.12512e-06
725	1.70507e-06	0.00100886	1.70406e-06
726	1.95892e-06	0.0012819	1.95791e-06
727	1.68196e-06	0.000972585	1.68063e-06
728	2.12172e-06	0.00154858	2.12043e-06
729	1.33627e-06	0.000647872	1.33541e-06
730	1.65584e-06	0.000969461	1.65453e-06
731	1.70793e-06	0.00101023	1.70685e-06
732	1.5598e-06	0.000724256	1.55888e-06
733	1.73369e-06	0.000990601	1.73254e-06
734	1.91252e-06	0.00110551	1.91119e-06
735	1.55056e-06	0.00072215	1.54943e-06
736	1.80756e-06	0.000899932	1.80575e-06
737	1.40392e-06	0.000565058	1.403e-06
738	1.59572e-06	0.000677321	1.59438e-06
739	1.76918e-06	0.00072142	1.76791e-06
740	2.02071e-06	0.000960311	2.01915e-06
741	1.47936e-06	0.000648568	1.47802e-06
742	1.55558e-06	0.000747371	1.55427e-06
743	1.64438e-06	0.000643535	1.64275e-06
744	1.67753e-06	0.000607932	1.67583e-06
745	1.98336e-06	0.000861541	1.98129e-06
746	2.17641e-06	0.000899155	2.17421e-06
747	2.25224e-06	0.000947809	2.25009e-06
748	2.04537e-06	0.000732349	2.04295e-06
749	1.82348e-06	0.000585848	1.82146e-06
750	2.03075e-06	0.000720249	2.02855e-06
751	2.12182e-06	0.000710918	2.11921e-06
752	2.10036e-06	0.000646052	2.09799e-06
753	1.90973e-06	0.000622058	1.90709e-06
754	2.51977e-06	0.000870748	2.51647e-06
755	2.5519e-06	0.000939903	2.54918e-06
756	2.7136e-06	0.000906287	2.71035e-06
757	2.23987e-06	0.000622813	2.23677e-06
758	2.49312e-06	0.000758971	2.49047e-06
759	2.49787e-06	0.000789563	2.49431e-06
760	2.16315e-06	0.000583119	2.16039e-06
761	2.47518e-06	0.000704396	2.47226e-06
762	2.72822e-06	0.000850241	2.72452e-06
763	2.22138e-06	0.000531964	2.21834e-06
764	3.26255e-06	0.000905709	3.2582e-06
765	1.91459e-06	0.000446457	1.91197e-06
766	2.6954e-06	0.000701514	2.69128e-06
767	2.90195e-06	0.000706194	2.89801e-06
768	3.03985e-06	0.000774607	3.03566e-06
769	3.68963e-06	0.0010523	3.68538e-06
770	3.17194e-06	0.000842005	3.16813e-06
771	3.10746e-06	0.000799923	3.10301e-06
772	2.82581e-06	0.000610143	2.82222e-06
773	3.79621e-06	0.000872588	3.79004e-06
774	4.17129e-06	0.00114365	4.16449e-06
775	2.95837e-06	0.000556833	2.95303e-06
776	3.48105e-06	0.0008005	3.47426e-06
777	4.27347e-06	0.000976107	4.26547e-06
778	4.43672e-06	0.00110673	4.42738e-06
779	4.67276e-06	0.000977272	4.66317e-06
780	4.26459e-06	0.00104533	4.25398e-06
781	4.17838e-06	0.00074881	4.16852e-06
782	4.47863e-06	0.000834707	4.46811e-06
783	4.58111e-06	0.000783728	4.56939e-06
784	5.75624e-06	0.00115136	5.74021e-06
785	5.87238e-06	0.00125771	5.85789e-06
786	5.09236e-06	0.000853867	5.07923e-06
787	4.09561e-06	0.000630637	4.08476e-06
788	6.34313e-06	0.00104119	6.32348e-06
789	5.64215e-06	0.00102291	5.62743e-06
790	6.30764e-06	0.00117659	6.29024e-06
791	5.60761e-06	0.000884249	5.59209e-06
792	6.44317e-06	0.000956824	6.42393e-06
793	7.66876e-06	0.00140142	7.6462e-06
794	9.36127e-06	0.00144066	9.33718e-06
795	8.37949e-06	0.00123508	8.35182e-06
796	9.1263e-06	0.00127448	9.0971e-06
797	8.65166e-06	0.00124636	8.62504e-06
798	1.12495e-05	0.00154773	1.12115e-05
799	1.19368e-05	0.00152162	1.18959e-05
800	1.3671e-05	0.00201397	1.36233e-05
801	1.178e-05	0.00136897	1.17389e-05
802	1.30235e-05	0.00151407	1.29785e-05
803	1.42839e-05	0.00184733	1.42272e-05
804	1.76533e-05	0.00238681	1.75913e-05
805	1.47009e-05	0.00157032	1.46471e-05
806	1.77719e-05	0.00229725	1.77067e-05
807	1.50144e-05	0.00155725	1.49555e-05
808	1.57832e-05	0.00167619	1.57164e-05
809	1.8914e-05	0.00234199	1.88324e-05
810	1.72227e-05	0.00162929	1.71474e-05
811	1.71394e-05	0.00144844	1.70663e-05
812	1.93365e-05	0.00177128	1.92495e-05
813	2.08124e-05	0.00188073	2.07182e-05
814	1.90543e-05	0.00182704	1.8965e-05
815	2.26823e-05	0.00222262	2.25676e-05
816	2.62986e-05	0.00233698	2.61591e-05
817	2.41225e-05	0.001946	2.39988e-05
818	2.35194e-05	0.00181402	2.3397e-05
819	2.85332e-05	0.00240589	2.83847e-05
820	2.42341e-05	0.00156184	2.41012e-05
821	2.38317e-05	0.00147012	2.36985e-05
822	3.09081e-05	0.00215827	3.07389e-05
823	3.26807e-05	0.00231035	3.24795e-05
824	3.34709e-05	0.00218845	3.32566e-05
825	3.61961e-05	0.00251889	3.59571e-05
826	4.08798e-05	0.00280066	4.06295e-05
827	3.99859e-05	0.00232146	3.97175e-05
828	4.07045e-05	0.00219259	4.04385e-05
829	4.30959e-05	0.00237963	4.28296e-05
830	4.78196e-05	0.00262652	4.74724e-05
831	4.78619e-05	0.00245	4.75231e-05
832	4.8083e-05	0.00249737	4.77426e-05
833	5.09453e-05	0.00241202	5.05809e-05
834	5.70209e-05	0.0026911	5.66121e-05
835	6.22701e-05	0.00303052	6.17526e-05
836	6.2618e-05	0.00275567	6.21204e-05
837	6.67659e-05	0.00276181	6.62223e-05
838	7.10923e-05	0.00325179	7.04747e-05
839	7.76275e-05	0.00327817	7.70008e-05
840	7.82586e-05	0.00293793	7.75829e-05
841	7.29828e-05	0.00246425	7.2333e-05
842	8.63165e-05	0.00306647	8.55543e-05
843	9.17409e-05	0.00320251	9.08407e-05
844	9.57173e-05	0.00308475	9.47709e-05
845	9.78237e-05	0.00309644	9.67882e-05
846	0.000108398	0.00330165	0.000107269
847	0.000109604	0.0031147	0.000108359
848	0.000118037	0.00341559	0.000116671
849	0.000124521	0.00354066	0.000123044
850	0.000135112	0.00362335	0.00013344
851	0.000136271	0.00349633	0.000134625
852	0.000153984	0.00388795	0.000151856
853	0.000167267	0.00435642	0.000164991
854	0.000173567	0.00415994	0.000171085
855	0.000179879	0.00385187	0.000177285
856	0.000197393	0.00419884	0.000194577
857	0.000206258	0.00417903	0.000203236
858	0.000222041	0.00448319	0.000218482
859	0.000233947	0.0042493	0.000230016
860	0.000260108	0.00480979	0.000255769
861	0.000277968	0.00479662	0.000273071
862	0.000283997	0.00451125	0.000278739
863	0.000309796	0.00477452	0.000304004
864	0.000338373	0.0052469	0.000331567
865	0.000365858	0.00540362	0.000358278
866	0.000394028	0.00567325	0.000385897
867	0.000439861	0.00603623	0.000430228
868	0.000453676	0.00592958	0.000443746
869	0.000488371	0.00633665	0.000476428
870	0.000553812	0.00701603	0.000540629
871	0.000568095	0.00665598	0.000554256
872	0.000619607	0.00716802	0.000603621
873	0.000672608	0.00751129	0.000654884
874	0.000729204	0.0075533	0.000709466
875	0.000780367	0.00795468	0.000758518
876	0.000814714	0.00799897	0.000789945
877	0.000870952	0.00806256	0.000843629
878	0.000945422	0.00830445	0.000915595
879	0.00101342	0.00852413	0.000979798
880	0.00112616	0.00895409	0.00108827
881	0.00123316	0.0100402	0.00118763
882	0.00135502	0.0105084	0.00130297
883	0.00144781	0.0105344	0.00139091
884	0.00150217	0.010711	0.00143847
885	0.00168405	0.0112881	0.00160897
886	0.00180053	0.0111238	0.00171993
887	0.00195378	0.0120785	0.00185755
888	0.00210097	0.0118215	0.00199222
889	0.00230042	0.0125889	0.00217796
890	0.0025103	0.0135651	0.00236489
891	0.00269337	0.013641	0.00252988
892	0.00290309	0.0138759	0.00271908
893	0.00322902	0.0150009	0.00300985
894	0.00351526	0.0155365	0.00326397
895	0.00371686	0.0158078	0.00342913
896	0.0040735	0.0163322	0.00374696
897	0.00435139	0.0167202	0.0039869
898	0.00492134	0.0175123	0.00447814
899	0.00539293	0.0179926	0.00487101
900	0.00578719	0.0187219	0.00518111
901	0.00644083	0.0197736	0.00573355
902	0.0069377	0.0203629	0.00613466
903	0.00761563	0.0208859	0.00664859
904	0.00839399	0.0212227	0.00727238
905	0.00902806	0.0219842	0.00770436
906	0.00998987	0.0230552	0.00840069
907	0.0108523	0.023385	0.00899133
908	0.0120075	0.0250991	0.00979856
909	0.0132838	0.0254526	0.0106312
910	0.0146066	0.0258695	0.0114138
911	0.0160156	0.0277536	0.0122403
912	0.0177511	0.0287406	0.0132544
913	0.0187046	0.0287203	0.0134147
914	0.0205836	0.0293373	0.0142936
915	0.0226605	0.0302554	0.0152667
916	0.0244926	0.0318042	0.0162464
917	0.0262888	0.032161	0.0171709
918	0.0281449	0.0335963	0.0182065
919	0.0289872	0.0345006	0.0187169
920	0.0304421	0.0357052	0.0195304
921	0.0317647	0.0359928	0.0201647
922	0.0324205	0.0368355	0.0207951
923	0.0336645	0.0383088	0.0213962
924	0.035567	0.0395647	0.0223839
925	0.0346909	0.0396335	0.02209
926	0.0360011	0.0399807	0.0226838
927	0.0398995	0.04351	0.0249723
928	0.0385541	0.0409631	0.0240319
929	0.0378953	0.0409983	0.0235905
930	0.0377845	0.0415469	0.0238299
931	0.0431027	0.0460172	0.0269265
932	0.0446869	0.0465028	0.0276182
933	0.0438076	0.0468165	0.0271748
934	0.0429014	0.0459484	0.0267105
935	0.0428462	0.0442357	0.026472
936	0.0418878	0.0443712	0.0259865
937	0.0413497	0.0440628	0.0258879
938	0.0494128	0.0499159	0.0300183
939	0.0523906	0.0514907	0.0316434
940	0.0516047	0.050591	0.0312433
941	0.0512314	0.0520695	0.0313693
942	0.0508633	0.0518478	0.0310545
943	0.0501487	0.0515567	0.030849
944	0.0492941	0.0510776	0.0303497
945	0.0486378	0.0501475	0.0300306
946	0.047832	0.0493715	0.0293556
947	0.0470957	0.0491271	0.0290465
948	0.0461901	0.0488913	0.0287998
949	0.0454121	0.0475477	0.028231
950	0.0612292	0.0584474	0.0369059
951	0.0667443	0.0606835	0.0395626
952	0.0659075	0.0605981	0.0392702
953	0.0646813	0.0587877	0.0383969
954	0.0639854	0.0599995	0.0383698
955	0.0623708	0.0588598	0.0372917
956	0.0628756	0.0581945	0.0375334
957	0.0614933	0.0585684	0.0367049
958	0.0607676	0.0587368	0.0365575
959	0.0607201	0.0593165	0.0363898
960	0.0590338	0.05804	0.0356575
960	0.0590338	0.05804	0.0356575
961	0.0576902	0.0566657	0.0351411
962	0.057786	0.0571636	0.0348276
963	0.0562958	0.0546163	0.0344172
964	0.05549	0.0550013	0.0340549
965	0.0549072	0.0552588	0.0335085
966	0.0541106	0.0551739	0.0332875
967	0.0534524	0.0547826	0.0327629
968	0.0528854	0.0525099	0.0327134
969	0.0516937	0.0519114	0.0317199
970	0.0512594	0.0521141	0.0318418
971	0.0501612	0.052424	0.0311284
972	0.0508516	0.0518838	0.0312291
973	0.0921729	0.0775953	0.0528176
974	0.0957963	0.0798106	0.0548769
975	0.094045	0.0769312	0.0549105
976	0.0921747	0.0756719	0.0526696
977	0.0932083	0.0789114	0.0535546
978	0.0911809	0.0787198	0.0524828
979	0.0890104	0.0753934	0.0517025
980	0.0889843	0.075414	0.0518456
981	0.087163	0.074163	0.0507344
982	0.0873318	0.0753775	0.0507757
983	0.0864345	0.0749678	0.050407
984	0.0858214	0.0740648	0.0506143
985	0.0844439	0.0731667	0.0498488
986	0.0824458	0.0730218	0.0485748
987	0.0822326	0.0742843	0.0485738
988	0.0801024	0.0714858	0.0477211
989	0.0806729	0.071681	0.0479338
990	0.0791039	0.0709622	0.0471927
991	0.077707	0.0715718	0.0459961
992	0.0763911	0.0687312	0.0457784
993	0.077317	0.0713652	0.0461738
994	0.0756557	0.0700346	0.045426
995	0.0742744	0.0685368	0.044273
996	0.0736553	0.0685418	0.044526
997	0.0718532	0.0670213	0.0433499
998	0.0720595	0.0688276	0.0433761
999	0.0698636	0.0671227	0.0423044
1000	0.0687648	0.0652328	0.0418369
1001	0.0683564	0.0651709	0.0416283
1002	0.0666268	0.0652596	0.040543
1003	0.0655598	0.0635678	0.0399972
1004	0.0651473	0.0633872	0.0399402
1005	0.0643117	0.0642865	0.0391291
1006	0.0636933	0.0636844	0.0395618
1007	0.0614763	0.0600542	0.0375424
1008	0.060662	0.0608287	0.0374103
1009	0.060685	0.0605195	0.0373718
1010	0.0594598	0.0597056	0.0371147
1011	0.058129	0.0591887	0.0358706
1012	0.057751	0.0593986	0.0359411
1013	0.056701	0.0585918	0.0355481
1014	0.0557285	0.0582517	0.0347477
1015	0.0549945	0.0570749	0.0342915
1016	0.0531448	0.0565416	0.0332982
1017	0.0534827	0.0556011	0.033416
1018	0.0522876	0.0545414	0.0331
1019	0.0515651	0.0543539	0.0325479
1020	0.0507861	0.0544245	0.0322211
1021	0.050176	0.0551293	0.0319764
1022	0.0490185	0.0545675	0.0313766
1023	0.0489541	0.0531061	0.0314867
1024	0.0484778	0.0528616	0.0312053
1025	0.0475231	0.0515214	0.0306753
1026	0.140195	0.105886	0.0787127
1027	0.175312	0.119043	0.094251
1028	0.173601	0.118831	0.0931508
1029	0.171576	0.116133	0.0915045
1030	0.169486	0.1163	0.0906715
1031	0.170555	0.114968	0.091753
1032	0.167113	0.116689	0.0901181
1033	0.164895	0.117807	0.0887894
1034	0.163206	0.116283	0.0883258
1035	0.163448	0.114642	0.0880637
1036	0.161924	0.114923	0.0878069
1037	0.159024	0.113272	0.0869428
1038	0.157982	0.110755	0.0862531
1039	0.157695	0.112968	0.0872746
1040	0.156039	0.111279	0.0854509
1041	0.153808	0.110289	0.0841219
1042	0.152098	0.110825	0.0834929
1043	0.150769	0.107939	0.083443
1044	0.149245	0.111187	0.0824532
1045	0.147352	0.109761	0.0813799
1046	0.147018	0.106893	0.0809595
1047	0.145678	0.108077	0.0805112
1048	0.141852	0.107624	0.0794675
1049	0.1422	0.105007	0.079549
1050	0.141437	0.107646	0.0798211
1051	0.141571	0.106317	0.0794344
1052	0.138687	0.105193	0.077319
1053	0.137222	0.105468	0.0776026
1054	0.134498	0.103714	0.0766946
1055	0.134125	0.103739	0.0758231
1056	0.134009	0.102594	0.075842
1057	0.131619	0.10242	0.0748547
1058	0.13049	0.103887	0.0746196
1059	0.128434	0.102894	0.0735113
1060	0.12519	0.101492	0.0710633
1061	0.126994	0.101033	0.0729942
1062	0.123635	0.0983854	0.0710137
1063	0.121341	0.100544	0.0700872
1064	0.120747	0.0994755	0.0707023
1065	0.120089	0.0986625	0.0695854
1066	0.119926	0.100144	0.0692781
1067	0.117602	0.0966263	0.0688304
1068	0.117467	0.0971514	0.0685384
1069	0.115126	0.0962502	0.0667107
1070	0.116596	0.0967952	0.0673501
1071	0.112112	0.094057	0.064519
1072	0.11223	0.096122	0.0653569
1073	0.1112	0.0934068	0.0646403
1074	0.108213	0.0918526	0.0634659
1075	0.107847	0.0917362	0.0629633
1076	0.107494	0.0921634	0.0632524
1077	0.106046	0.093138	0.0626392
1078	0.104833	0.0928885	0.0617949
1079	0.102965	0.0906581	0.0611098
1080	0.10155	0.0900697	0.0604689
1081	0.101323	0.0896865	0.0601239
1082	0.0987596	0.08832	0.0594202
1083	0.0986639	0.0894578	0.059477
1084	0.0968739	0.0891494	0.0587725
1085	0.096378	0.0886773	0.0581708
1086	0.096516	0.0870114	0.0584528
1087	0.0940833	0.0851118	0.0569548
1088	0.0933608	0.0846265	0.0564688
1089	0.0919129	0.084145	0.0557215
1090	0.0908404	0.0841851	0.0551753
1091	0.090705	0.0833605	0.0554507
1092	0.0887963	0.0838078	0.0545562
1093	0.0865821	0.0823872	0.0529643
1094	0.0855371	0.0805497	0.0523858
1095	0.0849556	0.0810025	0.0520701
1096	0.0836268	0.0799606	0.0515695
1097	0.0820551	0.0799224	0.0510378
1098	0.0828634	0.0810571	0.0517298
1099	0.0812659	0.0784892	0.0502145
1100	0.0807203	0.0791991	0.0497753
1101	0.07996	0.0791099	0.0494024
1102	0.0777891	0.0757012	0.0476473
1103	0.0774155	0.0776111	0.0484474
1104	0.0758505	0.0769991	0.0475829
1105	0.0753144	0.0768478	0.0474381
1106	0.0750475	0.0746646	0.047058
1107	0.0728189	0.0746482	0.0460213
1108	0.0726785	0.0746984	0.0455064
1109	0.0719124	0.0737609	0.0456511
1110	0.0715712	0.0720093	0.044897
1111	0.0705007	0.073877	0.044461
1112	0.0702549	0.0716316	0.0442913
1113	0.0690801	0.0739737	0.0437067
1114	0.0665619	0.0715701	0.0427465
1115	0.0665096	0.0707166	0.0426496
1116	0.0651647	0.0693241	0.0416286
1117	0.0649553	0.0716921	0.0416389
1118	0.0642301	0.070815	0.0414478
1119	0.0632267	0.0696952	0.0409198
1120	0.0628343	0.0682277	0.0407081
1121	0.0608211	0.0670344	0.0392509
1122	0.0601847	0.0679342	0.038579
1123	0.0597119	0.0662774	0.0387561
1124	0.0598092	0.0666405	0.0387872
1125	0.058486	0.0670104	0.0382403
1126	0.0572032	0.0641142	0.0370413
1127	0.056855	0.065193	0.0372733
1128	0.0557803	0.0641944	0.0366466
1129	0.0550429	0.0643757	0.0362562
1130	0.053223	0.0616496	0.0348955
1131	0.053403	0.0637701	0.0351778
1132	0.053198	0.0630653	0.0352982
1133	0.0529522	0.0617713	0.0348308
1134	0.0513339	0.0625839	0.0339314
1135	0.0506325	0.0592736	0.0335784
1136	0.049553	0.0598324	0.0327182
1137	0.0495919	0.0601212	0.0327352
1138	0.048948	0.0593292	0.0327442
1139	0.0480297	0.0592938	0.0319565
1140	0.0474316	0.0579625	0.031462
1141	0.0458903	0.0557606	0.0309535
1142	0.045454	0.057054	0.0304304
1143	0.0448869	0.0569647	0.0300695
1144	0.044083	0.0567232	0.0295767
1145	0.043203	0.056053	0.0291906
1146	0.0434211	0.0572161	0.0293709
1147	0.0422167	0.0531841	0.0284128
1148	0.0419693	0.055811	0.0283058
1149	0.0405842	0.0530441	0.0274729
1150	0.0405329	0.0537342	0.0273172
1151	0.040273	0.0532702	0.0275087
1152	0.039387	0.052357	0.0270434
1153	0.0384139	0.0511651	0.0262852
1154	0.0382381	0.0515024	0.026099
1155	0.0373004	0.0503353	0.0256694
1156	0.0367925	0.0506444	0.0255652
1157	0.0364274	0.0495352	0.024962
1158	0.0362546	0.0497901	0.0251636
1159	0.0359817	0.0514173	0.0248845
1160	0.0348761	0.0477276	0.0242978
1161	0.0344608	0.0488886	0.0238208
1162	0.0335724	0.0487408	0.0235561
1163	0.0335086	0.0476537	0.0233249
1164	0.0328286	0.0456451	0.0227021
1165	0.0324672	0.045944	0.0226103
1166	0.032207	0.0466085	0.022535
1167	0.0313203	0.0453069	0.0217883
1168	0.0307006	0.0437753	0.0214498
1169	0.0301843	0.0442866	0.0210712
1170	0.0297545	0.0436479	0.0207999
1171	0.0288997	0.0427818	0.0204967
1172	0.0280492	0.0425639	0.0198054
1173	0.0283171	0.0419761	0.0199056
1174	0.0276884	0.0423605	0.0196725
1175	0.0277513	0.0426205	0.0196695
1176	0.0263289	0.0404548	0.0187012
1177	0.0266492	0.0414682	0.0190458
1178	0.0261573	0.0409128	0.0187176
1179	0.0255225	0.0399486	0.0181822
1180	0.0252643	0.0393764	0.0181235
1181	0.0248479	0.0395553	0.0178919
1182	0.0246492	0.0396916	0.0177129
1183	0.0241067	0.0386514	0.0172861
1184	0.0238086	0.0386994	0.0173059
1185	0.0228786	0.0371025	0.0164654
1186	0.0228428	0.0369103	0.0165928
1187	0.0218603	0.0375926	0.0159181
1188	0.0220156	0.0367667	0.0159752
1189	0.0216073	0.036153	0.0157606
1190	0.0213274	0.0352403	0.0154643
1191	0.0209571	0.0347516	0.015275
1192	0.0204982	0.0351316	0.0149934
1193	0.019737	0.033793	0.0144041
1194	0.0199584	0.034386	0.0145323
1195	0.0193814	0.0331026	0.0143091
1196	0.0187669	0.033502	0.0137814
1197	0.0184707	0.0328715	0.013577
1198	0.0181002	0.0317375	0.013408
1199	0.0185367	0.0338463	0.0136599
1200	0.0176838	0.0311451	0.0131096
1201	0.0172785	0.0308951	0.0128063
1202	0.0168923	0.0305656	0.0125545
1203	0.0169177	0.0312742	0.0125609
1204	0.0164233	0.0303888	0.0123065
1205	0.0163357	0.0305178	0.0121852
1206	0.0159828	0.0301818	0.011956
1207	0.0154556	0.0279158	0.0115854
1208	0.0153647	0.0287929	0.0114523
1209	0.0150132	0.0283218	0.011213
1210	0.0148906	0.0284502	0.0111655
1211	0.0146512	0.0283673	0.0110646
1212	0.0145425	0.0279997	0.0108981
1213	0.0144918	0.0279092	0.0108486
1214	0.0141748	0.0276534	0.0106209
1215	0.0147193	0.0276746	0.0109559
1216	0.666067	0.0744763	0.215119
1217	0.956828	0.0379071	0.333929
1218	0.965751	0.0298904	0.272795
1219	0.971857	0.0243736	0.222964
1220	0.976362	0.0203178	0.183051
1221	0.97978	0.0172493	0.152052
1222	0.982434	0.0148824	0.127663
1223	0.984538	0.013015	0.108505
1224	0.986238	0.0115085	0.0934854
1225	0.987632	0.0102779	0.0813618
1226	0.988795	0.00926683	0.0711609
1227	0.989776	0.0084138	0.0628777
1228	0.990613	0.00768768	0.0560052
1229	0.991336	0.00705948	0.0503458
1230	0.991964	0.00652397	0.0452889
1231	0.992516	0.00604796	0.041166
1232	0.993004	0.00563243	0.0375171
1233	0.993437	0.00526237	0.0343897
1234	0.993825	0.00493604	0.0315692
1235	0.994174	0.00464004	0.0291596
1236	0.994489	0.00437453	0.0270075
1237	0.994775	0.00413185	0.0251425
1238	0.995036	0.00391369	0.0234271
1239	0.995274	0.00371373	0.0219068
1240	0.995493	0.00353158	0.0205187
1241	0.995694	0.00336519	0.0192476
1242	0.99588	0.00320831	0.018161
1243	0.996053	0.00306588	0.0171194
1244	0.996213	0.00293316	0.0161867
1245	0.996363	0.00281035	0.0153267
1246	0.996502	0.00269687	0.0145226
1247	0.996631	0.00259027	0.013795
1248	0.996753	0.00249308	0.0130843
1249	0.996867	0.00240001	0.0124595
1250	0.996975	0.00231268	0.0118814
1251	0.997076	0.00223098	0.0113387
1252	0.997171	0.0021541	0.0108351
1253	0.997261	0.00208221	0.0103566
1254	0.997346	0.00201258	0.00993268
1255	0.997427	0.00194857	0.00951267
1256	0.997504	0.00188753	0.00912591
1257	0.997577	0.0018281	0.0087779
1258	0.997646	0.00177289	0.00844008
1259	0.997712	0.00172016	0.00812469
1260	0.997774	0.00166995	0.00783015
1261	0.997834	0.00162196	0.00755471
1262	0.997892	0.00157594	0.00729661
1263	0.997946	0.00153367	0.00703353
1264	0.997998	0.00149223	0.00679852
1265	0.998048	0.00145337	0.00656579
1266	0.998097	0.00141599	0.00634345
1267	0.998142	0.00137955	0.00614361
1268	0.998186	0.00134504	0.00595009
1269	0.998229	0.00131113	0.00577551
1270	0.99827	0.0012793	0.00559932
1271	0.998309	0.00124868	0.00543336
1272	0.998346	0.00121953	0.00527192
1273	0.998382	0.00119144	0.00511867
1274	0.998417	0.00116408	0.00497556
1275	0.998451	0.00113807	0.00483607
1276	0.998483	0.00111236	0.00470936
1277	0.998514	0.00108833	0.00458122
1278	0.998545	0.00106444	0.00446195
1279	0.998574	0.00104223	0.00434229
1280	0.998602	0.00102011	0.00423351
1281	0.99863	0.000999047	0.00412599
1282	0.998656	0.00097865	0.00402036
1283	0.998682	0.000959265	0.00391814
1284	0.998707	0.000940366	0.00382249
1285	0.998731	0.000921819	0.00373095
1286	0.998754	0.000904118	0.00364152
1287	0.998777	0.000886497	0.00355514
1288	0.998799	0.000869835	0.00347335
1289	0.99882	0.000854174	0.00338978
1290	0.998841	0.000838281	0.00331494
1291	0.998861	0.00082287	0.00324148
1292	0.99888	0.000808404	0.00316818
1293	0.998899	0.000794359	0.00309688
1294	0.998917	0.000780628	0.00302888
1295	0.998935	0.00076709	0.00296542
1296	0.998953	0.000753709	0.00290498
1297	0.99897	0.000740941	0.00284383
1298	0.998987	0.000727901	0.00278365
1299	0.999003	0.00071561	0.00272926
1300	0.999021	0.000702274	0.00265033
