600	2.48661e-07	0.000447908	2.48601e-07
601	1.46143e-07	0.00021251	1.46105e-07
602	2.62441e-07	0.000471733	2.62383e-07
603	3.63542e-07	0.000572616	3.63481e-07
604	3.80457e-07	0.000612708	3.80404e-07
605	4.42794e-07	0.00073151	4.4273e-07
606	3.50299e-07	0.00056227	3.50228e-07
607	3.47666e-07	0.000552242	3.47607e-07
608	2.92292e-07	0.000433622	2.92241e-07
609	2.35195e-07	0.000414402	2.35145e-07
610	1.89404e-07	0.000341059	1.89362e-07
611	2.25124e-07	0.000331829	2.2508e-07
612	3.4209e-07	0.000555694	3.42041e-07
613	3.13572e-07	0.000498517	3.13515e-07
614	3.46234e-07	0.000567742	3.46174e-07
615	3.1054e-07	0.000492452	3.10491e-07
616	3.44334e-07	0.000576137	3.44274e-07
617	3.76695e-07	0.000669462	3.76619e-07
618	3.22871e-07	0.000535764	3.22828e-07
619	3.46573e-07	0.000587535	3.46514e-07
620	4.00169e-07	0.000734683	4.00094e-07
621	2.5158e-07	0.000395052	2.51547e-07
622	2.89768e-07	0.000464852	2.89722e-07
623	3.04736e-07	0.000481553	3.0469e-07
624	4.03769e-07	0.000653493	4.03713e-07
625	2.75454e-07	0.000408723	2.75423e-07
626	3.11782e-07	0.000462522	3.11744e-07
627	2.63905e-07	0.000401345	2.63863e-07
628	3.40294e-07	0.000530001	3.40233e-07
629	3.37877e-07	0.000513231	3.37833e-07
630	1.97923e-07	0.000252511	1.97896e-07
631	2.99405e-07	0.000474017	2.99312e-07
632	2.68927e-07	0.000376446	2.68876e-07
633	2.90748e-07	0.000438223	2.90651e-07
634	2.19433e-07	0.000244613	2.1941e-07
635	3.43258e-07	0.0004982	3.43174e-07
636	2.20105e-07	0.000260002	2.20074e-07
637	2.2319e-07	0.000278968	2.23159e-07
638	2.1627e-07	0.000270034	2.16231e-07
639	2.61273e-07	0.000330771	2.61225e-07
640	2.2759e-07	0.000285504	2.27526e-07
641	2.38869e-07	0.000290907	2.38818e-07
642	2.18958e-07	0.000254707	2.18916e-07
643	2.639e-07	0.000350147	2.63828e-07
644	2.2618e-07	0.000295752	2.26125e-07
645	2.07702e-07	0.000246956	2.07667e-07
646	2.22719e-07	0.000274965	2.22676e-07
647	2.59107e-07	0.000315565	2.59065e-07
648	2.23075e-07	0.000276657	2.23013e-07
649	2.49982e-07	0.000307271	2.49916e-07
650	2.60389e-07	0.000359387	2.60299e-07
651	2.06374e-07	0.000222602	2.06311e-07
652	1.94291e-07	0.000237385	1.94231e-07
653	2.15992e-07	0.000266332	2.15928e-07
654	1.93442e-07	0.000201015	1.93396e-07
655	1.67054e-07	0.000175825	1.67004e-07
656	1.46844e-07	0.000163638	1.46811e-07
657	1.64302e-07	0.000187221	1.64251e-07
658	2.08665e-07	0.000241848	2.08591e-07
659	2.16863e-07	0.000243198	2.16805e-07
660	1.75428e-07	0.000187243	1.75388e-07
661	2.48962e-07	0.000299786	2.48896e-07
662	1.60792e-07	0.000160349	1.60746e-07
663	2.37861e-07	0.000263962	2.378e-07
664	2.2233e-07	0.000263852	2.22254e-07
665	1.83444e-07	0.000214595	1.83392e-07
666	1.89643e-07	0.000213936	1.89584e-07
667	1.95123e-07	0.000227693	1.9507e-07
668	1.56335e-07	0.00019229	1.56276e-07
669	1.88411e-07	0.0002165	1.8835e-07
670	2.10016e-07	0.000230637	2.09957e-07
671	2.08036e-07	0.000239102	2.07987e-07
672	2.34442e-07	0.000264068	2.34388e-07
673	2.2072e-07	0.000282332	2.20663e-07
674	2.30495e-07	0.000287876	2.30443e-07
675	2.21631e-07	0.00025005	2.21559e-07
676	2.04356e-07	0.000209055	2.04317e-07
677	3.0664e-07	0.000375837	3.0655e-07
678	2.62074e-07	0.000301903	2.62012e-07
679	2.37093e-07	0.00025684	2.37041e-07
680	2.90409e-07	0.000324731	2.90357e-07
681	3.37801e-07	0.000384194	3.37715e-07
682	2.41401e-07	0.000219892	2.41351e-07
683	2.79441e-07	0.00030375	2.79356e-07
684	4.12121e-07	0.000525017	4.12026e-07
685	3.06822e-07	0.000401564	3.06748e-07
686	6.13019e-07	0.000936372	6.12802e-07
687	5.93139e-07	0.000857072	5.93006e-07
688	4.38493e-07	0.000535087	4.38432e-07
689	4.20647e-07	0.000498596	4.20562e-07
690	6.13284e-07	0.000909155	6.13126e-07
691	5.50171e-07	0.000736331	5.50067e-07
692	3.8853e-07	0.000414063	3.88419e-07
693	3.43844e-07	0.000363299	3.43749e-07
694	4.44366e-07	0.000553186	4.44253e-07
695	4.51317e-07	0.000577877	4.51189e-07
696	5.93896e-07	0.000832735	5.93736e-07
697	4.05081e-07	0.000468567	4.04955e-07
698	6.8085e-07	0.000925041	6.80683e-07
699	3.49131e-07	0.000287118	3.49041e-07
700	4.34845e-07	0.000374433	4.34685e-07
701	5.70234e-07	0.000521231	5.70013e-07
702	6.69179e-07	0.000613662	6.689e-07
703	5.88389e-07	0.000624389	5.88174e-07
704	7.88658e-07	0.000780986	7.88342e-07
705	6.35974e-07	0.000687729	6.35697e-07
706	9.40262e-07	0.000883996	9.3985e-07
707	7.43514e-07	0.00063242	7.43181e-07
708	7.89054e-07	0.000719543	7.88739e-07
709	8.88259e-07	0.000788379	8.87861e-07
710	5.27009e-07	0.000363585	5.2683e-07
711	1.00923e-06	0.000932588	1.0086e-06
712	7.49364e-07	0.000642321	7.48929e-07
713	7.25266e-07	0.000540542	7.24882e-07
714	6.5423e-07	0.000451333	6.53982e-07
715	1.04432e-06	0.000901925	1.04378e-06
716	1.0646e-06	0.000894375	1.06413e-06
717	9.37574e-07	0.000812367	9.36996e-07
718	9.9684e-07	0.00087545	9.96318e-07
719	8.60623e-07	0.000660991	8.60047e-07
720	9.28297e-07	0.000732824	9.27741e-07
721	9.02442e-07	0.00071704	9.01963e-07
722	8.49853e-07	0.000605801	8.4945e-07
723	8.62641e-07	0.000688283	8.62125e-07
724	1.02994e-06	0.000808475	1.02922e-06
725	8.12798e-07	0.000545499	8.12408e-07
726	7.75992e-07	0.000480288	7.75592e-07
727	6.35128e-07	0.000359338	6.34848e-07
728	7.62022e-07	0.000457826	7.61709e-07
729	8.9675e-07	0.000608531	8.96091e-07
730	7.75254e-07	0.000469036	7.74757e-07
731	6.17991e-07	0.000398899	6.1766e-07
732	7.74479e-07	0.000447085	7.73991e-07
733	7.50441e-07	0.000441338	7.50058e-07
734	8.51563e-07	0.000495772	8.50939e-07
735	8.37928e-07	0.000528065	8.37362e-07
736	1.00218e-06	0.000599339	1.00151e-06
737	1.02897e-06	0.000704639	1.02828e-06
738	7.06185e-07	0.0003732	7.05626e-07
739	6.37219e-07	0.000279642	6.36698e-07
740	8.80737e-07	0.000490161	8.7997e-07
741	7.37691e-07	0.000355873	7.36907e-07
742	6.59974e-07	0.000312113	6.59404e-07
743	6.97716e-07	0.000295036	6.97154e-07
744	1.03253e-06	0.000585685	1.0317e-06
745	9.10851e-07	0.000515256	9.09993e-07
746	8.10982e-07	0.000387345	8.1029e-07
747	8.34099e-07	0.000347529	8.33289e-07
748	9.80912e-07	0.000564932	9.80005e-07
749	7.83468e-07	0.000331645	7.82686e-07
750	8.31741e-07	0.000396792	8.30957e-07
751	9.93269e-07	0.000468338	9.92414e-07
752	9.07273e-07	0.000406006	9.06409e-07
753	1.10455e-06	0.000495964	1.10342e-06
754	7.26737e-07	0.000297866	7.25969e-07
755	8.43295e-07	0.000333458	8.42301e-07
756	7.91284e-07	0.000290736	7.90445e-07
757	8.80612e-07	0.000295527	8.7976e-07
758	1.01886e-06	0.000440208	1.018e-06
759	9.22959e-07	0.000430396	9.22044e-07
760	8.00453e-07	0.00031305	7.99502e-07
761	7.07752e-07	0.000239852	7.07085e-07
762	1.07674e-06	0.000356202	1.07538e-06
763	1.17539e-06	0.000454343	1.17401e-06
764	1.17637e-06	0.000402312	1.175e-06
765	1.00399e-06	0.000326525	1.00262e-06
766	1.34545e-06	0.000406457	1.3438e-06
767	1.56313e-06	0.000643215	1.5609e-06
768	1.38412e-06	0.000446175	1.38202e-06
769	9.91537e-07	0.000227676	9.90038e-07
770	1.18142e-06	0.000329197	1.17968e-06
771	1.28297e-06	0.000352094	1.28117e-06
772	1.18399e-06	0.000276008	1.18211e-06
773	1.73576e-06	0.000555523	1.73288e-06
774	1.46083e-06	0.000403691	1.45842e-06
775	1.48505e-06	0.000449487	1.4823e-06
776	1.38671e-06	0.000383614	1.38442e-06
777	2.04364e-06	0.000573719	2.03987e-06
778	1.56564e-06	0.000392138	1.56284e-06
779	2.17543e-06	0.000713998	2.17176e-06
780	1.81644e-06	0.000425801	1.81278e-06
781	1.99527e-06	0.000429476	1.99144e-06
782	1.89934e-06	0.00035308	1.89546e-06
783	2.61799e-06	0.000636326	2.61287e-06
784	2.33898e-06	0.000522379	2.33476e-06
785	2.62687e-06	0.000613106	2.62097e-06
786	2.99801e-06	0.00068695	2.99045e-06
787	3.45773e-06	0.000716561	3.44927e-06
788	4.23126e-06	0.000933682	4.22169e-06
789	4.09979e-06	0.000886714	4.08879e-06
790	4.34698e-06	0.000867875	4.33536e-06
791	4.11649e-06	0.000788801	4.10529e-06
792	4.79708e-06	0.000980567	4.78314e-06
793	5.4882e-06	0.00123457	5.47339e-06
794	5.5732e-06	0.00119424	5.55757e-06
795	6.18219e-06	0.00136218	6.16641e-06
796	4.855e-06	0.000913753	4.84086e-06
797	5.5909e-06	0.00106478	5.57379e-06
798	5.87618e-06	0.00135019	5.85733e-06
799	5.28574e-06	0.000905463	5.26953e-06
800	5.23284e-06	0.0007979	5.21718e-06
801	6.06295e-06	0.00103469	6.04401e-06
802	5.91645e-06	0.000899851	5.89668e-06
803	6.43003e-06	0.00109352	6.40926e-06
804	7.18765e-06	0.00121333	7.16476e-06
805	7.46473e-06	0.00116979	7.4394e-06
806	6.80489e-06	0.000924672	6.78158e-06
807	6.97367e-06	0.00103324	6.95034e-06
808	7.80695e-06	0.00100176	7.78282e-06
809	6.41772e-06	0.000674329	6.39388e-06
810	8.44079e-06	0.000987799	8.41167e-06
811	1.08999e-05	0.00139905	1.08604e-05
812	1.0263e-05	0.00118307	1.02239e-05
813	1.13586e-05	0.00133811	1.13157e-05
814	1.21699e-05	0.00140281	1.21157e-05
815	1.25534e-05	0.00137138	1.24987e-05
816	1.06016e-05	0.000912036	1.05572e-05
817	1.15083e-05	0.00129611	1.14567e-05
818	1.34116e-05	0.00130246	1.33475e-05
819	1.34215e-05	0.00120095	1.33655e-05
820	1.43677e-05	0.00150891	1.43013e-05
821	1.49242e-05	0.00136171	1.48517e-05
822	1.52999e-05	0.00131526	1.52229e-05
823	1.68048e-05	0.00168447	1.67161e-05
824	1.76921e-05	0.00163049	1.75924e-05
825	1.76235e-05	0.00133606	1.75315e-05
826	1.92907e-05	0.00157834	1.91911e-05
827	2.06059e-05	0.00171767	2.04927e-05
828	2.16815e-05	0.00156861	2.15657e-05
829	1.88734e-05	0.00113879	1.8768e-05
830	2.18406e-05	0.00142721	2.17116e-05
831	2.55182e-05	0.00174799	2.5353e-05
832	2.48046e-05	0.00142628	2.46381e-05
833	2.53374e-05	0.00152408	2.51659e-05
834	2.84199e-05	0.00171862	2.82223e-05
835	2.81549e-05	0.00141003	2.79493e-05
836	2.91871e-05	0.00158701	2.89811e-05
837	3.28262e-05	0.00173553	3.25874e-05
838	3.44411e-05	0.00179126	3.41803e-05
839	3.41493e-05	0.0015667	3.38822e-05
840	4.1008e-05	0.00200686	4.06693e-05
841	4.43802e-05	0.00231958	4.40292e-05
842	4.43831e-05	0.00192226	4.39973e-05
843	4.66374e-05	0.00190836	4.62478e-05
844	5.07051e-05	0.00201612	5.02786e-05
845	5.33472e-05	0.00208883	5.28899e-05
846	5.74686e-05	0.00218827	5.69307e-05
847	5.57439e-05	0.00181825	5.52061e-05
848	6.6622e-05	0.00223896	6.59633e-05
849	7.49121e-05	0.00243769	7.41535e-05
850	7.2394e-05	0.002084	7.16262e-05
851	7.91786e-05	0.00225693	7.83618e-05
852	9.16111e-05	0.00269612	9.05766e-05
853	9.11226e-05	0.0023731	9.00798e-05
854	0.000104806	0.00280509	0.000103509
855	0.000113436	0.00292736	0.000112049
856	0.000114627	0.00286351	0.000113214
857	0.000123398	0.00320692	0.000121732
858	0.000138362	0.00333346	0.000136532
859	0.000144747	0.00328229	0.00014267
860	0.000163634	0.00407737	0.000161086
861	0.00016419	0.00324817	0.000161674
862	0.000184662	0.00362621	0.000181816
863	0.000195599	0.00369991	0.000192403
864	0.000199031	0.00370556	0.000195789
865	0.000217939	0.00374086	0.000214237
866	0.000233091	0.00387336	0.000229006
867	0.00025477	0.00405837	0.000249973
868	0.000283661	0.00433304	0.00027813
869	0.000293544	0.00428635	0.000287915
870	0.000353174	0.0052126	0.000345779
871	0.000359538	0.00518662	0.000351842
872	0.000393122	0.00581776	0.000384313
873	0.000417405	0.00555611	0.00040766
874	0.000428317	0.00514194	0.000417544
875	0.000485535	0.0060078	0.000473285
876	0.00050459	0.00546472	0.000491572
877	0.000554866	0.00620645	0.00053905
878	0.000631378	0.00675226	0.000612467
879	0.000644361	0.00639981	0.000623407
880	0.000694294	0.00630252	0.00067213
881	0.000774039	0.00705853	0.000747533
882	0.000810037	0.00698997	0.000780159
883	0.00087742	0.00716058	0.000844779
884	0.000955912	0.00764816	0.00091788
885	0.0010585	0.00775897	0.00101576
886	0.00120021	0.0087134	0.00114706
887	0.00124859	0.00850418	0.00119003
888	0.00139045	0.00920803	0.0013226
889	0.00151797	0.00953486	0.00144401
890	0.00163322	0.00982996	0.00154514
891	0.00180171	0.0100488	0.00169779
892	0.00197665	0.0105425	0.00185757
893	0.00217919	0.0112987	0.0020402
894	0.00238677	0.0117452	0.00222411
895	0.00263227	0.0123602	0.00244897
896	0.00282414	0.0122148	0.0026129
897	0.00322796	0.0134669	0.00297533
898	0.00342159	0.0135283	0.00312678
899	0.0038174	0.0145484	0.00347098
900	0.00400365	0.0146858	0.00360581
901	0.00437702	0.0147794	0.00392652
902	0.00480199	0.0155458	0.00427557
903	0.00535634	0.0165033	0.00471546
904	0.00589604	0.0164992	0.0051478
905	0.00664253	0.0172937	0.00573937
906	0.00743589	0.0187547	0.00633548
907	0.00802676	0.0193181	0.00673215
908	0.00877949	0.0195807	0.00720853
909	0.0098539	0.020711	0.00801761
910	0.0107781	0.0212623	0.00852314
911	0.0118356	0.0218834	0.00918738
912	0.0130454	0.0226372	0.00990672
913	0.0144011	0.0234959	0.0105626
914	0.0160808	0.0246189	0.0114399
915	0.0173805	0.024577	0.0119001
916	0.0188249	0.0259858	0.0127226
917	0.0205355	0.0274298	0.0136626
918	0.0218527	0.0287343	0.0145709
919	0.0224036	0.0288182	0.0147815
920	0.0237006	0.0301892	0.0155273
921	0.0244859	0.0306783	0.0161158
922	0.0261337	0.0317266	0.0168608
923	0.0263777	0.0321052	0.0171353
924	0.0280427	0.0337737	0.0181396
925	0.0277981	0.0329938	0.0178178
926	0.0283112	0.0339088	0.0181571
927	0.0312609	0.0370906	0.0198701
928	0.0310205	0.0364358	0.0199107
929	0.03107	0.0368383	0.0198312
930	0.030008	0.0363152	0.0194055
931	0.0345162	0.0397728	0.0220499
932	0.0362831	0.040881	0.0228469
933	0.0355959	0.0403578	0.0224614
934	0.0350092	0.0396283	0.0221176
935	0.0340513	0.038833	0.0217109
936	0.0333837	0.0385859	0.0211646
937	0.0331165	0.0375798	0.0212784
938	0.0400901	0.0433482	0.0252293
939	0.0435203	0.0456159	0.0271252
940	0.0424467	0.0443008	0.0263241
941	0.0420001	0.0457634	0.0263132
942	0.0408901	0.0442257	0.0256743
943	0.0407515	0.0442146	0.0255459
944	0.0397722	0.0429813	0.0248917
945	0.0393063	0.0437034	0.0247448
946	0.0392452	0.0431187	0.0247953
947	0.037414	0.0421757	0.0237389
948	0.0377064	0.0424868	0.0238593
949	0.0364654	0.0409994	0.0229947
950	0.0504792	0.0519269	0.0311598
951	0.054878	0.0552119	0.0334257
952	0.054289	0.0540129	0.033185
953	0.0538165	0.0539496	0.0329826
954	0.0530455	0.052459	0.0327133
955	0.0521801	0.0523661	0.0319625
956	0.0514277	0.0522256	0.031691
957	0.0504649	0.0507549	0.03087
958	0.0498244	0.0514884	0.030873
959	0.049906	0.052127	0.0309145
960	0.0493908	0.0504641	0.0307028
960	0.0493908	0.0504641	0.0307028
961	0.0479727	0.0496682	0.0302136
962	0.046741	0.0483766	0.0289676
963	0.0468868	0.0500143	0.0292151
964	0.0464189	0.0496742	0.0286963
965	0.0446676	0.0480298	0.0280268
966	0.0442816	0.0473792	0.0278899
967	0.0431647	0.0464397	0.0271709
968	0.0429007	0.0466109	0.0269863
969	0.0426329	0.0467121	0.0269885
970	0.0418813	0.0454888	0.0267075
971	0.0413221	0.0448906	0.0260765
972	0.0411312	0.0461826	0.0259557
973	0.0779417	0.0717794	0.0462338
974	0.0802196	0.071288	0.0475762
975	0.0805573	0.0710115	0.0475435
976	0.0793314	0.0704291	0.0472827
977	0.0777492	0.0708356	0.0459791
978	0.0763374	0.0678999	0.0457952
979	0.0773043	0.0709962	0.0458487
980	0.0756532	0.0695345	0.045258
981	0.074277	0.068132	0.0441169
982	0.0735777	0.0682803	0.0441633
983	0.0718053	0.0665305	0.0432337
984	0.0720084	0.0684178	0.043277
985	0.0697796	0.0665382	0.0420294
986	0.0689528	0.0651933	0.0414559
987	0.0680362	0.0646446	0.0412824
988	0.0667399	0.0641073	0.0402594
989	0.0657011	0.0631492	0.0397246
990	0.0651543	0.0626603	0.0395517
991	0.0644149	0.0637126	0.0391259
992	0.0631066	0.0621177	0.0391884
993	0.0614466	0.0597512	0.0374259
994	0.0603942	0.0601598	0.0370754
995	0.0607737	0.0603257	0.0373127
996	0.0589914	0.0596901	0.0365561
997	0.0580315	0.0592748	0.0358257
998	0.0574163	0.0592317	0.0354202
999	0.0563295	0.0572214	0.0351735
1000	0.0554703	0.0570002	0.0344969
1001	0.0543664	0.0558673	0.0338485
1002	0.0534409	0.0560801	0.0330188
1003	0.0527688	0.0543244	0.0329127
1004	0.0521312	0.0545916	0.0329644
1005	0.0509567	0.0539181	0.0323025
1006	0.0505888	0.0539678	0.031953
1007	0.0493988	0.0522578	0.0313106
1008	0.0491387	0.0536211	0.0314185
1009	0.0490076	0.0531626	0.031156
1010	0.0477443	0.0523481	0.0306224
1011	0.0466656	0.0511792	0.0297065
1012	0.0468768	0.0521465	0.0296213
1013	0.0452599	0.0504665	0.0291459
1014	0.04483	0.0510432	0.028812
1015	0.0432478	0.0473625	0.0280507
1016	0.0438603	0.0497244	0.028
1017	0.0428936	0.0493544	0.0276525
1018	0.041714	0.0475004	0.0272411
1019	0.0400225	0.0466856	0.0259802
1020	0.0405467	0.0465149	0.0262547
1021	0.0393843	0.0459213	0.0254972
1022	0.0390969	0.0460818	0.0257296
1023	0.0383335	0.0463084	0.0250904
1024	0.0378689	0.0438984	0.0249105
1025	0.0373902	0.045704	0.0246602
1026	0.121072	0.0964915	0.0697579
1027	0.151829	0.109581	0.0832932
1028	0.151448	0.110327	0.08292
1029	0.149143	0.109114	0.082394
1030	0.147542	0.10789	0.0810153
1031	0.146952	0.105613	0.0810075
1032	0.146062	0.105613	0.0808131
1033	0.142433	0.107604	0.0799247
1034	0.142792	0.105319	0.0803162
1035	0.141135	0.106244	0.0790197
1036	0.141847	0.10497	0.0797299
1037	0.13907	0.103715	0.0771788
1038	0.137768	0.104493	0.077258
1039	0.134513	0.103271	0.0760274
1040	0.134108	0.102437	0.075691
1041	0.134311	0.102409	0.0761058
1042	0.131505	0.102134	0.0745581
1043	0.130468	0.103162	0.0745752
1044	0.128563	0.102083	0.0737485
1045	0.125485	0.100536	0.0710984
1046	0.126749	0.100235	0.0728447
1047	0.123946	0.0979715	0.0709099
1048	0.121363	0.100079	0.0697018
1049	0.120767	0.0986239	0.0705329
1050	0.120069	0.0979356	0.0693411
1051	0.119812	0.0995594	0.0689042
1052	0.117589	0.096349	0.0683404
1053	0.117569	0.0968309	0.0684031
1054	0.115126	0.095505	0.0664868
1055	0.116454	0.0965276	0.0670014
1056	0.112078	0.0934424	0.0645061
1057	0.11216	0.0948432	0.0648869
1058	0.111011	0.0926419	0.0645778
1059	0.107664	0.0902727	0.0631815
1060	0.107909	0.0917988	0.0628599
1061	0.107667	0.0930371	0.0628398
1062	0.105301	0.0922368	0.061675
1063	0.104337	0.0929128	0.0614397
1064	0.1029	0.0891812	0.060736
1065	0.1018	0.0900247	0.0600799
1066	0.100454	0.0882542	0.0592392
1067	0.0987699	0.0869833	0.0592881
1068	0.0984908	0.088758	0.058841
1069	0.0961981	0.0881688	0.0584932
1070	0.0965269	0.0871819	0.0580667
1071	0.0960667	0.0874705	0.057636
1072	0.093568	0.0841463	0.0561455
1073	0.0926253	0.0839994	0.0559974
1074	0.0915029	0.0841681	0.0552897
1075	0.0909031	0.0844149	0.054963
1076	0.0899368	0.0825172	0.0547635
1077	0.0882434	0.0817035	0.0536776
1078	0.0861013	0.0804589	0.0523872
1079	0.0852242	0.0806128	0.0523182
1080	0.0843695	0.0799349	0.0517116
1081	0.0829359	0.079733	0.0507309
1082	0.0821823	0.0783073	0.0506607
1083	0.0827571	0.0806413	0.0513623
1084	0.0807538	0.0790348	0.0498009
1085	0.0802801	0.0781198	0.0494031
1086	0.0785464	0.0763472	0.04842
1087	0.0773376	0.0760752	0.0476935
1088	0.0767323	0.0766573	0.0478943
1089	0.0753574	0.0755161	0.0471188
1090	0.0751401	0.0757742	0.0472873
1091	0.0740434	0.0750128	0.0462404
1092	0.0726301	0.0738572	0.0454763
1093	0.0718448	0.0732272	0.0448572
1094	0.0717458	0.0735458	0.0449403
1095	0.0711789	0.073563	0.0446087
1096	0.0699426	0.0719626	0.0439591
1097	0.0698565	0.0723024	0.0441847
1098	0.0670618	0.0706021	0.0426046
1099	0.0665316	0.0702974	0.0422525
1100	0.0649869	0.0687551	0.0416226
1101	0.0653892	0.0717139	0.0415158
1102	0.0643616	0.0702733	0.0412433
1103	0.0634109	0.0697338	0.0407297
1104	0.0630635	0.0685522	0.040385
1105	0.0611552	0.0665155	0.0390609
1106	0.0602998	0.0672026	0.0386684
1107	0.0597525	0.0656454	0.0386237
1108	0.0598767	0.0658854	0.0386838
1109	0.0588534	0.0661676	0.0384279
1110	0.0572284	0.0637828	0.036992
1111	0.0569786	0.0652499	0.037232
1112	0.0559419	0.0636708	0.036735
1113	0.0549784	0.0639484	0.0361206
1114	0.0533779	0.0608067	0.0349855
1115	0.0533356	0.0633444	0.0350452
1116	0.0531614	0.0626796	0.0350186
1117	0.0530175	0.0611031	0.0348152
1118	0.0514264	0.062143	0.0338437
1119	0.0506374	0.0586632	0.0335385
1120	0.0495497	0.0593798	0.032616
1121	0.0495763	0.0597306	0.0326268
1122	0.0489095	0.0588953	0.0325949
1123	0.0479788	0.0584782	0.0319117
1124	0.0473298	0.0571418	0.0314276
1125	0.0457817	0.0556312	0.0306764
1126	0.0455454	0.0566095	0.0304416
1127	0.0448276	0.0565807	0.0299807
1128	0.0437969	0.0560103	0.0293273
1129	0.0434261	0.0554293	0.0291727
1130	0.0432875	0.0559904	0.0293626
1131	0.0421564	0.0524951	0.0284416
1132	0.0416815	0.054692	0.0280287
1133	0.0407019	0.0523604	0.0274858
1134	0.0404169	0.05336	0.0271458
1135	0.0400814	0.0529133	0.0273534
1136	0.0393242	0.0515056	0.0268212
1137	0.038528	0.0510965	0.0261408
1138	0.0378848	0.0513262	0.0258721
1139	0.0373276	0.0498536	0.0256992
1140	0.0367105	0.0514024	0.0252746
1141	0.0363053	0.0482064	0.0249258
1142	0.0360965	0.0502513	0.0247925
1143	0.0357608	0.05022	0.0248968
1144	0.0345507	0.0473473	0.0239236
1145	0.0341063	0.0480387	0.0236219
1146	0.033631	0.0483015	0.0234462
1147	0.0330454	0.0460551	0.023009
1148	0.0327315	0.0467695	0.0226761
1149	0.0323796	0.0443069	0.0222502
1150	0.0317566	0.0455359	0.0220281
1151	0.0312034	0.0441783	0.0217285
1152	0.0301727	0.0435362	0.0209539
1153	0.0301972	0.0444056	0.0211579
1154	0.0294953	0.0427987	0.0207482
1155	0.0283856	0.0419218	0.0199862
1156	0.0282732	0.0417883	0.0200259
1157	0.0276815	0.0414686	0.0194954
1158	0.0276929	0.0411596	0.0195917
1159	0.0267876	0.0408781	0.0189286
1160	0.0264302	0.0404029	0.0187903
1161	0.026494	0.0409135	0.0189793
1162	0.0257113	0.0395133	0.0183242
1163	0.0252394	0.0404107	0.0179872
1164	0.0249887	0.0387043	0.0179114
1165	0.0247038	0.0392766	0.0176328
1166	0.0242385	0.0384583	0.0173223
1167	0.0239694	0.0383044	0.0173096
1168	0.0230321	0.0369126	0.0165541
1169	0.0229878	0.0373117	0.016697
1170	0.0218784	0.0366193	0.0158883
1171	0.021915	0.0365085	0.0158931
1172	0.0215729	0.0354381	0.0157007
1173	0.0214052	0.0356465	0.0155027
1174	0.0210222	0.0347466	0.0152574
1175	0.0205858	0.0345488	0.0150328
1176	0.0196862	0.0332557	0.0143913
1177	0.0199311	0.0337223	0.0144975
1178	0.0194745	0.0331865	0.0142917
1179	0.0188665	0.0329138	0.0139059
1180	0.01834	0.0324643	0.0134103
1181	0.0179857	0.0313147	0.0132749
1182	0.0184376	0.0333992	0.0135386
1183	0.0176767	0.0314011	0.0130031
1184	0.0172491	0.0307926	0.0127029
1185	0.0167677	0.0302668	0.012409
1186	0.0168575	0.0309477	0.0124605
1187	0.01634	0.0299426	0.0122057
1188	0.0162664	0.030206	0.0121136
1189	0.0158574	0.0296902	0.0118425
1190	0.0153152	0.0275216	0.0114469
1191	0.015193	0.0282668	0.0113162
1192	0.0148798	0.0279394	0.0111042
1193	0.0147074	0.027853	0.0110206
1194	0.0144093	0.0280589	0.0108512
1195	0.0142045	0.0271915	0.0106298
1196	0.0140657	0.0273504	0.0105205
1197	0.0136818	0.0271027	0.0103076
1198	0.0135355	0.0260241	0.0101724
1199	0.0133181	0.0266486	0.0100429
1200	0.0131573	0.0257382	0.00997344
1201	0.0128112	0.0252831	0.00971183
1202	0.012271	0.0247042	0.00930582
1203	0.0121564	0.0244732	0.00923032
1204	0.011938	0.0244802	0.00908958
1205	0.012062	0.0243978	0.00917385
1206	0.0117038	0.0239734	0.00891247
1207	0.0107656	0.022709	0.00819823
1208	0.0108324	0.0224156	0.00835617
1209	0.0109768	0.0233765	0.00837091
1210	0.010717	0.0233212	0.00820678
1211	0.0105968	0.022912	0.00808314
1212	0.0103231	0.0219354	0.00790254
1213	0.0101411	0.021155	0.00778589
1214	0.0101139	0.0218286	0.00776402
1215	0.0103581	0.0222775	0.00794712
1216	0.659459	0.0738358	0.216055
1217	0.956921	0.0375714	0.329215
1218	0.965888	0.0295439	0.272198
1219	0.97191	0.0241422	0.223362
1220	0.976403	0.0201019	0.183697
1221	0.979836	0.017031	0.151653
1222	0.982505	0.0146721	0.12582
1223	0.984616	0.0128021	0.106172
1224	0.986316	0.0113075	0.0905655
1225	0.987707	0.0100935	0.078022
1226	0.988864	0.00909255	0.0678449
1227	0.989838	0.00825838	0.0594193
1228	0.990667	0.00754628	0.0526069
1229	0.991381	0.00693645	0.0469128
1230	0.992002	0.0064051	0.0422086
1231	0.992547	0.00594725	0.038064
1232	0.993027	0.00553963	0.0346312
1233	0.993454	0.00518145	0.031602
1234	0.993836	0.00486091	0.0289985
1235	0.99418	0.00457111	0.0267703
1236	0.99449	0.00431077	0.0247932
1237	0.994772	0.00407561	0.0230301
1238	0.995029	0.00386412	0.0214222
1239	0.995265	0.00367027	0.0199986
1240	0.995481	0.00349176	0.0187398
1241	0.99568	0.00333032	0.0175603
1242	0.995863	0.00318038	0.0165149
1243	0.996034	0.00304213	0.0155596
1244	0.996192	0.00291397	0.0146906
1245	0.996339	0.00279486	0.0138972
1246	0.996477	0.00268418	0.0131685
1247	0.996606	0.00258164	0.0124876
1248	0.996727	0.0024838	0.011885
1249	0.99684	0.00239262	0.0113192
1250	0.996947	0.00230712	0.0107993
1251	0.997047	0.00222622	0.0103239
1252	0.997142	0.00214988	0.0098808
1253	0.997232	0.00207906	0.00945386
1254	0.997316	0.00201115	0.00906885
1255	0.997397	0.00194718	0.00870474
1256	0.997473	0.0018864	0.00836619
1257	0.997545	0.0018295	0.00804029
1258	0.997614	0.00177475	0.0077425
1259	0.99768	0.00172418	0.00744494
1260	0.997743	0.00167536	0.00717106
1261	0.997802	0.00162877	0.00691635
1262	0.997859	0.00158468	0.00667043
1263	0.997914	0.00154176	0.00644707
1264	0.997966	0.00150109	0.00623097
1265	0.998016	0.00146196	0.00603006
1266	0.998064	0.0014251	0.00583376
1267	0.99811	0.0013891	0.00565343
1268	0.998154	0.00135469	0.00548032
1269	0.998197	0.00132158	0.00531507
1270	0.998238	0.00129063	0.00515246
1271	0.998277	0.00126003	0.00500742
1272	0.998315	0.0012308	0.00486478
1273	0.998351	0.00120253	0.00472967
1274	0.998386	0.00117606	0.00459447
1275	0.99842	0.00114992	0.00447231
1276	0.998453	0.00112489	0.00435277
1277	0.998484	0.00110078	0.00423815
1278	0.998515	0.00107756	0.00412662
1279	0.998544	0.00105517	0.00402043
1280	0.998574	0.00103323	0.00391503
1281	0.998601	0.00101242	0.00381637
1282	0.998629	0.000990548	0.00370748
1283	0.998655	0.000971098	0.00361776
1284	0.998681	0.00095102	0.00353626
1285	0.998705	0.000932626	0.00345249
1286	0.998729	0.000914847	0.00337265
1287	0.998752	0.000897532	0.00329489
1288	0.998774	0.000881024	0.00321856
1289	0.998795	0.000864647	0.00314898
1290	0.998816	0.000848951	0.00308031
1291	0.998837	0.000833339	0.00301637
1292	0.998856	0.000818376	0.00295351
1293	0.998875	0.000804353	0.00288944
1294	0.998894	0.000790452	0.00283029
1295	0.998912	0.000776919	0.00277058
1296	0.99893	0.000763903	0.00271282
1297	0.998947	0.0007511	0.00265873
1298	0.998964	0.000738353	0.00260717
1299	0.99898	0.000725617	0.00255483
1300	0.998996	0.000713774	0.00250598
