600	1.88644e-07	0.000343287	1.88613e-07
601	1.19181e-07	0.00022649	1.19166e-07
602	1.52535e-07	0.000318519	1.52509e-07
603	1.5703e-07	0.000249	1.57014e-07
604	2.34534e-07	0.000447175	2.34496e-07
605	1.67664e-07	0.000308367	1.67635e-07
606	2.33032e-07	0.000433179	2.32992e-07
607	1.59739e-07	0.000303078	1.59704e-07
608	2.29462e-07	0.000444368	2.29431e-07
609	1.89889e-07	0.00037791	1.89843e-07
610	1.93796e-07	0.000388168	1.9376e-07
611	2.25266e-07	0.00043432	2.25233e-07
612	1.53095e-07	0.000290559	1.53066e-07
613	1.70692e-07	0.00029636	1.70671e-07
614	1.31923e-07	0.000200935	1.31904e-07
615	2.21233e-07	0.000373186	2.21198e-07
616	1.98858e-07	0.00035302	1.98827e-07
617	1.67483e-07	0.000277052	1.6746e-07
618	1.57658e-07	0.000259765	1.57629e-07
619	1.86751e-07	0.000308446	1.86713e-07
620	1.86346e-07	0.000285154	1.86329e-07
621	1.30315e-07	0.000174416	1.30305e-07
622	1.73172e-07	0.000244571	1.73149e-07
623	1.49061e-07	0.000205837	1.49043e-07
624	1.53949e-07	0.000228248	1.53912e-07
625	1.12999e-07	0.000134489	1.12986e-07
626	1.77484e-07	0.000249412	1.77444e-07
627	1.49982e-07	0.00019561	1.49969e-07
628	1.17082e-07	0.000149893	1.17063e-07
629	1.17403e-07	0.00015221	1.17381e-07
630	1.3527e-07	0.000170327	1.35253e-07
631	1.27514e-07	0.000161039	1.27492e-07
632	1.24351e-07	0.000149151	1.24336e-07
633	1.19854e-07	0.000139931	1.19837e-07
634	1.46935e-07	0.000190885	1.46906e-07
635	1.15895e-07	0.000140375	1.15885e-07
636	1.11696e-07	0.000136984	1.11684e-07
637	1.25224e-07	0.000161309	1.25207e-07
638	1.41396e-07	0.000179205	1.41381e-07
639	1.2054e-07	0.000147988	1.20517e-07
640	1.39209e-07	0.00017282	1.39187e-07
641	1.38844e-07	0.000184874	1.38806e-07
642	1.17328e-07	0.00012681	1.1731e-07
643	1.02725e-07	0.000120374	1.0271e-07
644	1.17805e-07	0.000142406	1.17788e-07
645	1.14318e-07	0.000126973	1.14301e-07
646	1.00811e-07	0.000110918	1.00788e-07
647	7.16905e-08	7.88488e-05	7.16777e-08
648	9.36557e-08	0.000102708	9.3634e-08
649	1.1534e-07	0.000127572	1.15319e-07
650	1.28568e-07	0.000153905	1.28547e-07
651	1.05815e-07	0.000120751	1.05788e-07
652	1.42188e-07	0.000194598	1.42156e-07
653	1.00314e-07	0.00010153	1.00297e-07
654	1.40932e-07	0.000178351	1.40895e-07
655	1.25214e-07	0.000154527	1.25187e-07
656	1.13117e-07	0.000129999	1.13098e-07
657	1.19376e-07	0.00015543	1.19354e-07
658	1.02922e-07	0.000128425	1.02905e-07
659	9.6246e-08	0.000134905	9.62156e-08
660	1.18707e-07	0.000142567	1.18682e-07
661	1.34764e-07	0.000165158	1.34731e-07
662	1.23142e-07	0.000159506	1.23125e-07
663	1.20077e-07	0.000140708	1.20047e-07
664	1.15303e-07	0.000149072	1.15278e-07
665	1.09188e-07	0.000118946	1.09162e-07
666	1.20918e-07	0.00014681	1.20892e-07
667	1.4964e-07	0.000177558	1.49596e-07
668	1.5601e-07	0.000182174	1.55964e-07
669	1.47745e-07	0.00017166	1.47711e-07
670	1.35347e-07	0.0001444	1.3532e-07
671	1.57142e-07	0.000190242	1.57112e-07
672	1.21207e-07	0.000119372	1.21181e-07
673	1.11381e-07	0.000107003	1.11356e-07
674	1.4466e-07	0.000164407	1.44627e-07
675	1.50466e-07	0.000183293	1.50437e-07
676	1.93988e-07	0.000278071	1.93931e-07
677	2.62495e-07	0.000400728	2.62436e-07
678	2.01901e-07	0.000254784	2.0184e-07
679	2.35759e-07	0.000349628	2.3572e-07
680	2.18771e-07	0.000309442	2.18718e-07
681	2.6235e-07	0.000405431	2.62291e-07
682	1.9472e-07	0.000264123	1.9468e-07
683	1.96981e-07	0.0002335	1.96923e-07
684	1.60554e-07	0.00018895	1.60493e-07
685	1.74637e-07	0.00021125	1.74579e-07
686	2.22877e-07	0.00032483	2.22824e-07
687	1.84819e-07	0.00024473	1.84768e-07
688	2.54705e-07	0.000369959	2.54628e-07
689	1.84378e-07	0.000237397	1.84335e-07
690	1.4945e-07	0.000146526	1.49385e-07
691	1.54933e-07	0.000147151	1.54872e-07
692	1.99798e-07	0.000211519	1.99742e-07
693	1.91253e-07	0.00019707	1.91207e-07
694	2.30707e-07	0.000288437	2.30641e-07
695	2.12914e-07	0.000257079	2.12849e-07
696	2.5716e-07	0.000324566	2.57074e-07
697	1.65109e-07	0.000150768	1.65077e-07
698	1.8702e-07	0.000193814	1.86978e-07
699	1.96027e-07	0.000210906	1.95982e-07
700	1.20987e-07	9.31332e-05	1.20955e-07
701	2.27593e-07	0.000250158	2.27524e-07
702	1.98923e-07	0.000193506	1.98861e-07
703	2.02072e-07	0.000186102	2.02007e-07
704	1.51342e-07	0.000108898	1.51318e-07
705	2.48707e-07	0.00024518	2.48636e-07
706	2.41521e-07	0.000234266	2.41454e-07
707	2.45031e-07	0.000254042	2.44931e-07
708	2.36053e-07	0.000242334	2.35984e-07
709	1.73184e-07	0.000128893	1.73137e-07
710	1.99051e-07	0.00018164	1.98997e-07
711	2.15055e-07	0.000202837	2.14997e-07
712	1.57359e-07	0.000108244	1.57315e-07
713	2.235e-07	0.00020138	2.2344e-07
714	2.38001e-07	0.000206087	2.37922e-07
715	1.67677e-07	0.000121162	1.67617e-07
716	1.89235e-07	0.000140142	1.89168e-07
717	1.82958e-07	0.000127453	1.82878e-07
718	1.75549e-07	0.000103535	1.75476e-07
719	2.37987e-07	0.000188047	2.37913e-07
720	2.29663e-07	0.000151198	2.29581e-07
721	1.77323e-07	0.000126566	1.77259e-07
722	2.17276e-07	0.000149334	2.17195e-07
723	1.77677e-07	0.000118958	1.77608e-07
724	2.36084e-07	0.000160236	2.35947e-07
725	1.90865e-07	0.000138872	1.90776e-07
726	2.21815e-07	0.000146018	2.21692e-07
727	1.71233e-07	0.000104051	1.71149e-07
728	1.95301e-07	0.000113131	1.95199e-07
729	1.87983e-07	0.00011447	1.87906e-07
730	2.18063e-07	0.000134063	2.17944e-07
731	1.84138e-07	9.533e-05	1.84067e-07
732	1.84816e-07	0.000111074	1.84716e-07
733	2.37691e-07	0.000150751	2.37505e-07
734	2.35746e-07	0.000177036	2.35566e-07
735	2.41668e-07	0.00015062	2.41482e-07
736	2.03818e-07	0.000106512	2.03683e-07
737	2.43563e-07	0.000152219	2.43382e-07
738	2.11727e-07	0.000124867	2.11538e-07
739	2.16224e-07	0.000130745	2.16081e-07
740	2.30449e-07	0.000128915	2.30265e-07
741	2.51108e-07	0.000147809	2.50874e-07
742	2.31865e-07	0.00011113	2.3168e-07
743	2.36942e-07	0.000124286	2.36755e-07
744	2.02955e-07	0.000109435	2.02812e-07
745	2.45358e-07	0.000116931	2.45145e-07
746	3.04433e-07	0.000139889	3.04206e-07
747	2.75125e-07	0.000107637	2.74939e-07
748	3.01229e-07	0.00017557	3.00973e-07
749	2.97638e-07	0.000112371	2.97418e-07
750	3.0885e-07	0.000138239	3.08612e-07
751	2.72289e-07	0.000103381	2.72109e-07
752	4.66398e-07	0.00020395	4.65972e-07
753	3.84373e-07	0.000152703	3.8402e-07
754	3.04789e-07	0.000118011	3.04544e-07
755	3.6556e-07	0.000126042	3.65247e-07
756	4.85221e-07	0.000190049	4.84835e-07
757	4.06288e-07	0.000155717	4.05902e-07
758	3.51534e-07	0.000108434	3.51181e-07
759	3.57381e-07	0.000119169	3.5694e-07
760	4.51992e-07	0.000165446	4.51434e-07
761	3.89744e-07	0.000111711	3.89342e-07
762	4.55401e-07	0.000152593	4.54867e-07
763	5.16179e-07	0.000178518	5.15584e-07
764	3.8195e-07	0.000107824	3.81439e-07
765	3.28577e-07	0.000113242	3.28159e-07
766	4.74563e-07	0.000142627	4.74e-07
767	5.1293e-07	0.000153433	5.1235e-07
768	5.36021e-07	0.000192749	5.35329e-07
769	5.23445e-07	0.000157764	5.22717e-07
770	6.7224e-07	0.000183777	6.71299e-07
771	6.46073e-07	0.000171088	6.45138e-07
772	8.92607e-07	0.000307693	8.91287e-07
773	8.1683e-07	0.000312982	8.15791e-07
774	8.28681e-07	0.000291194	8.27514e-07
775	1.05311e-06	0.000393125	1.05141e-06
776	1.15552e-06	0.000336615	1.15368e-06
777	1.42781e-06	0.00049312	1.42545e-06
778	1.33206e-06	0.000386888	1.3299e-06
779	1.45431e-06	0.000506111	1.45199e-06
780	1.18055e-06	0.000308629	1.17855e-06
781	1.36141e-06	0.000438573	1.3594e-06
782	1.37162e-06	0.000339655	1.36926e-06
783	1.70067e-06	0.000488597	1.698e-06
784	1.55631e-06	0.000463078	1.5537e-06
785	1.39313e-06	0.000406616	1.39016e-06
786	1.49977e-06	0.000438388	1.49689e-06
787	1.55118e-06	0.000384277	1.548e-06
788	1.41618e-06	0.000289527	1.41359e-06
789	1.73946e-06	0.000497752	1.73627e-06
790	2.06303e-06	0.000549332	2.05834e-06
791	1.88348e-06	0.000495888	1.87947e-06
792	1.92295e-06	0.000438472	1.91916e-06
793	2.16191e-06	0.000568141	2.15701e-06
794	2.43781e-06	0.000546046	2.433e-06
795	1.77761e-06	0.000397289	1.77392e-06
796	1.98305e-06	0.000393788	1.97914e-06
797	1.81138e-06	0.000359051	1.807e-06
798	2.06494e-06	0.000390571	2.06046e-06
799	2.80644e-06	0.000528516	2.79996e-06
800	2.89913e-06	0.000554031	2.89186e-06
801	2.87189e-06	0.00049835	2.86471e-06
802	3.16932e-06	0.00057746	3.16116e-06
803	3.0829e-06	0.000498912	3.07424e-06
804	3.05371e-06	0.000514929	3.0455e-06
805	2.71305e-06	0.000380187	2.70582e-06
806	3.06519e-06	0.000418772	3.05656e-06
807	3.70952e-06	0.000600197	3.6999e-06
808	3.98255e-06	0.000655206	3.97002e-06
809	3.72498e-06	0.000525698	3.71343e-06
810	4.10865e-06	0.00056821	4.09523e-06
811	4.79196e-06	0.000710502	4.77702e-06
812	4.11748e-06	0.000535168	4.10332e-06
813	4.88587e-06	0.000667759	4.87066e-06
814	5.23805e-06	0.000721817	5.22026e-06
815	5.06345e-06	0.000626459	5.04493e-06
816	5.5864e-06	0.000752843	5.56768e-06
817	5.19542e-06	0.000584177	5.17851e-06
818	5.1133e-06	0.000551789	5.09427e-06
819	6.9794e-06	0.000780958	6.9528e-06
820	7.0548e-06	0.000798848	7.02739e-06
821	7.08802e-06	0.000743576	7.06162e-06
822	7.71173e-06	0.000833336	7.67924e-06
823	7.90992e-06	0.000714561	7.87888e-06
824	7.15173e-06	0.000603988	7.12367e-06
825	7.91276e-06	0.000707704	7.87851e-06
826	9.07038e-06	0.000972592	9.02779e-06
827	8.85337e-06	0.000768886	8.81101e-06
828	1.10553e-05	0.00099831	1.09985e-05
829	1.12997e-05	0.00105789	1.12427e-05
830	1.17964e-05	0.00107689	1.17326e-05
831	1.17881e-05	0.000899389	1.172e-05
832	1.32783e-05	0.00103129	1.32049e-05
833	1.40767e-05	0.00104542	1.3997e-05
834	1.50356e-05	0.00115948	1.49514e-05
835	1.42054e-05	0.00085263	1.41218e-05
836	1.66609e-05	0.00110884	1.65588e-05
837	1.91696e-05	0.00122871	1.9054e-05
838	1.81545e-05	0.000970216	1.80395e-05
839	1.83976e-05	0.000931685	1.82833e-05
840	2.24206e-05	0.00130776	2.22636e-05
841	2.25356e-05	0.00110444	2.23786e-05
842	2.33777e-05	0.00106502	2.32046e-05
843	2.80963e-05	0.00141161	2.78876e-05
844	2.59999e-05	0.00119155	2.58023e-05
845	3.01131e-05	0.00150181	2.98781e-05
846	3.22965e-05	0.00147941	3.20085e-05
847	3.68568e-05	0.00160775	3.6535e-05
848	3.77794e-05	0.00148568	3.74424e-05
849	3.58336e-05	0.00122951	3.55001e-05
850	4.32932e-05	0.00161033	4.28941e-05
851	4.42854e-05	0.00161108	4.38593e-05
852	4.95941e-05	0.0017793	4.91173e-05
853	5.02433e-05	0.00166541	4.97362e-05
854	5.22389e-05	0.00158437	5.16766e-05
855	5.82486e-05	0.00169306	5.76143e-05
856	6.5211e-05	0.00190702	6.44835e-05
857	6.59716e-05	0.00192705	6.52517e-05
858	8.18866e-05	0.00232553	8.08565e-05
859	8.20517e-05	0.00212032	8.11082e-05
860	8.89179e-05	0.00232003	8.78252e-05
861	9.09874e-05	0.00211549	8.97402e-05
862	9.98498e-05	0.00235294	9.83341e-05
863	0.000121659	0.00298325	0.000119871
864	0.000118137	0.0024222	0.000116285
865	0.000130475	0.00261111	0.000128346
866	0.000152211	0.00303269	0.000149616
867	0.000148776	0.00274466	0.000146136
868	0.000171039	0.00311663	0.000167804
869	0.000180779	0.00305312	0.000177416
870	0.000191134	0.00336285	0.000187295
871	0.000200433	0.00311196	0.00019616
872	0.000216078	0.00340625	0.000211472
873	0.000246388	0.00338731	0.000240772
874	0.000286186	0.00405389	0.000279156
875	0.000285595	0.00389708	0.000278289
876	0.000334527	0.00444156	0.000325955
877	0.000350153	0.00413684	0.000340746
878	0.000373752	0.00430728	0.000363354
879	0.000416804	0.00452674	0.000404156
880	0.000444678	0.00468756	0.000431162
881	0.000491853	0.00500449	0.000475673
882	0.000537923	0.00523266	0.000519253
883	0.000582928	0.00566672	0.00056193
884	0.000656628	0.00594026	0.00063206
885	0.000688747	0.00596202	0.000661646
886	0.000730261	0.00577768	0.000699908
887	0.000796274	0.00615431	0.000761383
888	0.00087868	0.00682212	0.000838304
889	0.000921986	0.00670283	0.000875321
890	0.00106686	0.00716652	0.00101029
891	0.00113606	0.0069429	0.0010749
892	0.00130394	0.00763164	0.0012331
893	0.00142761	0.00800347	0.00134058
894	0.00158478	0.00864486	0.00147826
895	0.00169524	0.00888561	0.00157708
896	0.00188016	0.00890347	0.00173981
897	0.00213097	0.00970539	0.00196048
898	0.00233727	0.0104007	0.00214163
899	0.00254913	0.0106223	0.00232358
900	0.00273389	0.0107613	0.00246868
901	0.00311952	0.0115115	0.00280111
902	0.00346174	0.0121439	0.00309241
903	0.00384839	0.0130526	0.00339633
904	0.00418651	0.0128705	0.00365894
905	0.00474599	0.0136619	0.00412256
906	0.00522504	0.0143749	0.00446337
907	0.00569265	0.015316	0.00481299
908	0.00616797	0.0147103	0.00514171
909	0.00718737	0.0162566	0.00586607
910	0.00783043	0.0167744	0.00628957
911	0.00875976	0.0176588	0.00690197
912	0.00966203	0.0181823	0.00740619
913	0.01076	0.0185484	0.00803869
914	0.0119925	0.0203441	0.00864718
915	0.0131134	0.0206163	0.00928757
916	0.014754	0.0225693	0.0102199
917	0.01553	0.0230577	0.010606
918	0.0163558	0.0233431	0.01107
919	0.0175718	0.0244965	0.0117866
920	0.0185049	0.025561	0.0124064
921	0.0192712	0.025996	0.012851
922	0.0197942	0.0267592	0.0132495
923	0.0205084	0.0274412	0.0135323
924	0.0222243	0.0287121	0.0148156
925	0.0214543	0.0274158	0.014266
926	0.0224462	0.0288918	0.0148218
927	0.024805	0.0300303	0.0162543
928	0.0244778	0.031161	0.01611
929	0.023782	0.0304387	0.0156214
930	0.0234145	0.0292745	0.0154384
931	0.0273592	0.0331396	0.0178197
932	0.0287207	0.0346761	0.0187007
933	0.0284527	0.0345177	0.0186802
934	0.0272703	0.0333438	0.0178314
935	0.0274918	0.0339054	0.0178193
936	0.0262829	0.032643	0.0171382
937	0.0259599	0.0331127	0.0170826
938	0.0316347	0.0378627	0.0203268
939	0.0349485	0.039736	0.022207
940	0.034643	0.0395979	0.0221472
941	0.0339166	0.0386823	0.0217571
942	0.0328738	0.0372963	0.0211211
943	0.0325337	0.0383126	0.0210332
944	0.0316151	0.0374254	0.0203612
945	0.0311589	0.0368405	0.0199774
946	0.0314698	0.0371551	0.0202104
947	0.030857	0.0365919	0.0200202
948	0.0296964	0.0354968	0.0195132
949	0.0290637	0.0345708	0.0187879
950	0.04197	0.0457046	0.0263195
951	0.0457179	0.048906	0.0285796
952	0.0444661	0.0473543	0.0274821
953	0.0436376	0.0465488	0.0274202
954	0.0431518	0.0453888	0.0271693
955	0.0428194	0.0469937	0.0268517
956	0.0421468	0.0454968	0.0264736
957	0.0416725	0.0449038	0.026315
958	0.0406912	0.0443179	0.0257699
959	0.0396072	0.0444448	0.025272
960	0.0394019	0.0448047	0.0251538
960	0.0394019	0.0448047	0.0251538
961	0.0385334	0.0432506	0.0244631
962	0.0388343	0.0441783	0.0246959
963	0.0373619	0.042733	0.0238918
964	0.0369791	0.0423063	0.0237252
965	0.03643	0.0415266	0.0234325
966	0.0362415	0.0416343	0.0233361
967	0.0351187	0.040346	0.0225744
968	0.034335	0.040214	0.0221927
969	0.0339738	0.0397747	0.0219008
970	0.0337694	0.0403683	0.0219573
971	0.0327721	0.0399743	0.0214297
972	0.0326311	0.0400079	0.021342
973	0.0648449	0.0623696	0.0394633
974	0.0668278	0.0648993	0.0403092
975	0.0657646	0.0623886	0.0396834
976	0.0651818	0.0628268	0.0397113
977	0.0644366	0.063582	0.0387346
978	0.0637416	0.0631106	0.0391894
979	0.0615786	0.0593549	0.0372372
980	0.0606546	0.0600842	0.0370999
981	0.0606464	0.0596498	0.0370882
982	0.0593807	0.0587773	0.0367916
983	0.0581367	0.0585237	0.0356337
984	0.0576587	0.0582829	0.0357233
985	0.0565299	0.0571812	0.0351595
986	0.0556018	0.0568695	0.0344074
987	0.0545025	0.0556093	0.0336917
988	0.0533084	0.0556484	0.0329796
989	0.0528845	0.0537074	0.0328058
990	0.0520929	0.0537358	0.0327798
991	0.0509381	0.0533596	0.0321739
992	0.0506436	0.0535415	0.0319052
993	0.0494062	0.0518449	0.0312301
994	0.0491057	0.0531141	0.0313285
995	0.0489828	0.0528601	0.0310151
996	0.047638	0.0519999	0.0304121
997	0.0466963	0.0507137	0.0296606
998	0.0468066	0.0516268	0.0296589
999	0.0452552	0.0498998	0.0290787
1000	0.0446088	0.0502225	0.0284955
1001	0.0433765	0.047041	0.028053
1002	0.0438389	0.0495121	0.0280362
1003	0.0427727	0.0486452	0.0276682
1004	0.0414795	0.0477071	0.0268105
1005	0.0400231	0.0461418	0.0260072
1006	0.0404028	0.0468221	0.0260396
1007	0.0391682	0.0454723	0.0252053
1008	0.0390002	0.0453333	0.0257403
1009	0.0382831	0.0451238	0.0248268
1010	0.0377696	0.0443195	0.0248024
1011	0.0370271	0.0449471	0.0242784
1012	0.036074	0.0427692	0.0235751
1013	0.0353486	0.044375	0.0233914
1014	0.035095	0.0426795	0.0230701
1015	0.0342473	0.0427154	0.0224331
1016	0.0335019	0.0417104	0.0220967
1017	0.0333246	0.0412368	0.0220266
1018	0.0330418	0.0418215	0.0218163
1019	0.0314629	0.0381192	0.0210548
1020	0.0310811	0.0391096	0.0206685
1021	0.0308589	0.0404181	0.0207122
1022	0.0306929	0.0398353	0.0204231
1023	0.0301609	0.0390938	0.0202284
1024	0.0293735	0.0384658	0.0197711
1025	0.0288601	0.0383657	0.0194928
1026	0.104419	0.0913106	0.0616099
1027	0.132854	0.100318	0.0747186
1028	0.130476	0.100311	0.07443
1029	0.129682	0.100734	0.0741575
1030	0.126656	0.0995482	0.0723541
1031	0.125251	0.0988401	0.0718867
1032	0.125741	0.0986129	0.0710319
1033	0.122325	0.0973314	0.0698244
1034	0.120809	0.0959089	0.0692819
1035	0.120857	0.0970744	0.0696147
1036	0.119708	0.0991271	0.0685975
1037	0.11872	0.0965533	0.0686027
1038	0.117206	0.0956367	0.0675214
1039	0.115634	0.0949218	0.0673108
1040	0.116073	0.094063	0.0670741
1041	0.112984	0.0924649	0.065048
1042	0.112652	0.0954637	0.0653584
1043	0.111041	0.0930421	0.0638635
1044	0.109031	0.0914068	0.0630061
1045	0.107736	0.0888865	0.062683
1046	0.107444	0.0905624	0.0623123
1047	0.106345	0.0914554	0.0624248
1048	0.105006	0.0913539	0.0615827
1049	0.103043	0.0893543	0.0607949
1050	0.101509	0.0888731	0.0599465
1051	0.101195	0.0880089	0.0597518
1052	0.0987604	0.0867861	0.0591086
1053	0.0986036	0.0882059	0.0588404
1054	0.0966239	0.087795	0.058419
1055	0.09659	0.0868301	0.0578328
1056	0.0962777	0.0867726	0.0576757
1057	0.0937398	0.0835384	0.0562688
1058	0.0930021	0.0830811	0.056001
1059	0.0913879	0.0831299	0.0552923
1060	0.0909292	0.0838426	0.0547489
1061	0.0900052	0.081306	0.0548073
1062	0.0881316	0.0816408	0.0533918
1063	0.0861479	0.0798582	0.0523335
1064	0.0852245	0.0800759	0.0521295
1065	0.0843275	0.0794139	0.0514719
1066	0.0828545	0.0792384	0.0505512
1067	0.0821881	0.0778156	0.0504649
1068	0.0826102	0.0799013	0.0510896
1069	0.0808167	0.0784324	0.0494923
1070	0.0802339	0.0771198	0.0493456
1071	0.0781782	0.075591	0.0478586
1072	0.0774467	0.0761353	0.047609
1073	0.0764066	0.0757521	0.0474702
1074	0.0753697	0.0753979	0.0469956
1075	0.0751859	0.0752864	0.0471083
1076	0.0737728	0.0747973	0.0457332
1077	0.0726343	0.0730522	0.0453517
1078	0.0718834	0.072719	0.0449476
1079	0.0717153	0.0714764	0.0447058
1080	0.0706434	0.0728366	0.0443482
1081	0.0699369	0.0706005	0.0436245
1082	0.0693938	0.0722502	0.0436439
1083	0.0665067	0.070298	0.0424675
1084	0.0664669	0.0696389	0.0423268
1085	0.0651483	0.0682664	0.0413777
1086	0.0649411	0.0707613	0.0412648
1087	0.0641488	0.0697099	0.0410663
1088	0.063143	0.0685282	0.0405137
1089	0.0625129	0.0673483	0.0401078
1090	0.0606534	0.0665423	0.038865
1091	0.0601411	0.0658395	0.0386423
1092	0.0595926	0.0660807	0.0380958
1093	0.0597728	0.0661213	0.0382944
1094	0.0578532	0.0646179	0.0374837
1095	0.0573264	0.0637921	0.0370326
1096	0.0565786	0.0638389	0.0367445
1097	0.055423	0.0637098	0.0362565
1098	0.0541251	0.0613519	0.035315
1099	0.0531408	0.0612643	0.0346318
1100	0.0533352	0.0627109	0.035241
1101	0.0527435	0.0607913	0.0345511
1102	0.052211	0.0601914	0.0343207
1103	0.0507979	0.0592248	0.0333983
1104	0.0499041	0.0589487	0.0326473
1105	0.0496881	0.0583789	0.0327199
1106	0.0492253	0.0591336	0.0326834
1107	0.0483558	0.0583496	0.0322881
1108	0.0476115	0.0569557	0.0313416
1109	0.0464161	0.0558609	0.0307625
1110	0.0451028	0.0563724	0.0299243
1111	0.0447363	0.0562032	0.0298254
1112	0.0447542	0.0560314	0.0298256
1113	0.0430211	0.0556493	0.0287258
1114	0.0435225	0.0552747	0.0292881
1115	0.0424945	0.0529399	0.0283901
1116	0.0419456	0.0545903	0.0282046
1117	0.0405814	0.052322	0.0272799
1118	0.0404746	0.0527114	0.0271864
1119	0.0402404	0.052458	0.0272803
1120	0.0393562	0.0513992	0.0268864
1121	0.0383875	0.0502464	0.0261117
1122	0.038103	0.0506572	0.0258692
1123	0.0372858	0.0495789	0.0256145
1124	0.0365744	0.0500787	0.0251399
1125	0.0364747	0.0481527	0.0249667
1126	0.0359161	0.0496796	0.0246879
1127	0.0359325	0.0502379	0.0248482
1128	0.0345911	0.0468293	0.023885
1129	0.0342098	0.04779	0.0235765
1130	0.033616	0.048141	0.0233197
1131	0.0331673	0.0455194	0.0231383
1132	0.032738	0.0462465	0.0225722
1133	0.032377	0.0440343	0.0221588
1134	0.0318009	0.0450333	0.0220811
1135	0.0312052	0.0439009	0.0216636
1136	0.0301736	0.0431832	0.0208963
1137	0.0302015	0.0439194	0.0211178
1138	0.0294571	0.0423409	0.0206811
1139	0.0283133	0.0418228	0.0198426
1140	0.0282639	0.0416587	0.0198543
1141	0.0275911	0.0409621	0.0194116
1142	0.0277366	0.0410282	0.019513
1143	0.026638	0.040227	0.0188017
1144	0.0265184	0.0401887	0.0188462
1145	0.0263578	0.0405276	0.018743
1146	0.0254965	0.0389695	0.0181563
1147	0.0252528	0.0396838	0.0180626
1148	0.0247684	0.0386342	0.0176438
1149	0.0246725	0.0391364	0.0175908
1150	0.0240863	0.0381445	0.0171434
1151	0.0237905	0.0382244	0.0171959
1152	0.0227928	0.0363072	0.0163061
1153	0.0228344	0.0363147	0.0165002
1154	0.0217845	0.0369434	0.0157763
1155	0.0219516	0.0361209	0.0158358
1156	0.0215322	0.0357081	0.0156267
1157	0.0212301	0.0343581	0.0153618
1158	0.02082	0.0339733	0.0151076
1159	0.0203161	0.0345416	0.0147348
1160	0.0197204	0.0328733	0.0143577
1161	0.0198015	0.034048	0.0144097
1162	0.0191718	0.0323964	0.0140288
1163	0.0185664	0.0328856	0.013597
1164	0.0182924	0.0320208	0.0133618
1165	0.0181543	0.0319725	0.013342
1166	0.018297	0.0324908	0.0134081
1167	0.0174198	0.0301355	0.0127939
1168	0.0168357	0.030099	0.0124683
1169	0.0168768	0.0297986	0.0124148
1170	0.0163511	0.0293621	0.0121061
1171	0.0163125	0.0299165	0.0120727
1172	0.016105	0.029387	0.0119756
1173	0.0155923	0.0282364	0.0116286
1174	0.0150532	0.0276143	0.0111473
1175	0.0148589	0.0279254	0.0110369
1176	0.0147816	0.0273817	0.0110588
1177	0.0144538	0.0275168	0.0108521
1178	0.0142016	0.0269471	0.0106547
1179	0.014133	0.0268982	0.0105824
1180	0.0138483	0.0272569	0.0104075
1181	0.0136017	0.026421	0.0102143
1182	0.013126	0.0258772	0.00985684
1183	0.0132702	0.0258921	0.00999664
1184	0.0127915	0.0248806	0.00965999
1185	0.0125128	0.0244377	0.00945824
1186	0.0120497	0.0245176	0.00916358
1187	0.0118067	0.0241849	0.00893481
1188	0.0119782	0.0238939	0.00914493
1189	0.011774	0.0242997	0.00890768
1190	0.0109052	0.0225594	0.00829434
1191	0.0106429	0.0219384	0.00812798
1192	0.0108343	0.0229751	0.00825581
1193	0.0106567	0.0227007	0.00813707
1194	0.0104922	0.0225169	0.00799635
1195	0.010124	0.0216495	0.00775751
1196	0.00989191	0.0209797	0.00756368
1197	0.0097082	0.0211888	0.00745404
1198	0.00952496	0.0212512	0.00737556
1199	0.00936793	0.0211143	0.00719056
1200	0.00933376	0.0211162	0.00724176
1201	0.00908012	0.0201245	0.00705853
1202	0.00896406	0.0199596	0.00694093
1203	0.00850368	0.0192327	0.00658814
1204	0.00843705	0.0189991	0.00656411
1205	0.00834337	0.0192569	0.0065423
1206	0.00816688	0.0188205	0.00629971
1207	0.00797604	0.0185323	0.00620194
1208	0.00777413	0.0180499	0.00606392
1209	0.00753217	0.0178782	0.00591614
1210	0.00738917	0.0172837	0.00577271
1211	0.00751444	0.0181928	0.00588132
1212	0.00750746	0.0179596	0.00587987
1213	0.00728169	0.0174424	0.00573251
1214	0.00732176	0.0179514	0.00573198
1215	0.00736336	0.0175307	0.00576157
1216	0.649302	0.0732564	0.221304
1217	0.954226	0.0399087	0.344392
1218	0.964011	0.031182	0.278516
1219	0.970586	0.0252561	0.225572
1220	0.975384	0.0209589	0.183671
1221	0.978993	0.0177374	0.151607
1222	0.981776	0.0152649	0.126857
1223	0.983972	0.0133168	0.107789
1224	0.985738	0.0117651	0.0923907
1225	0.987185	0.010502	0.0800076
1226	0.988388	0.00945696	0.0699482
1227	0.989403	0.00858201	0.0616379
1228	0.990267	0.00783978	0.0547303
1229	0.991012	0.00720208	0.0489699
1230	0.99166	0.00664664	0.0441758
1231	0.992229	0.00616418	0.0400105
1232	0.992731	0.00574206	0.0363769
1233	0.993177	0.0053675	0.0332484
1234	0.993576	0.00503288	0.0305376
1235	0.993935	0.00473458	0.0281243
1236	0.994259	0.00446619	0.0259942
1237	0.994554	0.00422233	0.0241261
1238	0.994822	0.00400136	0.0224508
1239	0.995068	0.00379929	0.0209603
1240	0.995293	0.00361324	0.0196416
1241	0.995501	0.00344384	0.0184238
1242	0.995693	0.00328688	0.0173399
1243	0.995871	0.00314338	0.0163245
1244	0.996036	0.003011	0.0153939
1245	0.996189	0.00288556	0.0145833
1246	0.996333	0.0027704	0.0138151
1247	0.996467	0.00266245	0.0131156
1248	0.996593	0.00256048	0.0124867
1249	0.996711	0.00246544	0.0118992
1250	0.996822	0.00237632	0.0113537
1251	0.996927	0.00229352	0.0108267
1252	0.997026	0.0022159	0.0103405
1253	0.997119	0.00214192	0.0098964
1254	0.997208	0.00207231	0.00947954
1255	0.997292	0.00200674	0.00908575
1256	0.997371	0.00194497	0.00871495
1257	0.997446	0.00188601	0.00837155
1258	0.997518	0.00182904	0.0080625
1259	0.997586	0.00177627	0.0077549
1260	0.997652	0.0017252	0.0074748
1261	0.997714	0.00167642	0.0072115
1262	0.997774	0.00163032	0.00694977
1263	0.997831	0.00158658	0.00670796
1264	0.997887	0.00154389	0.00646194
1265	0.997939	0.00150434	0.00624304
1266	0.997989	0.00146538	0.00604195
1267	0.998037	0.00142802	0.00585481
1268	0.998083	0.00139327	0.00566656
1269	0.998127	0.0013595	0.00549334
1270	0.99817	0.00132638	0.00533165
1271	0.99821	0.0012957	0.00516934
1272	0.99825	0.00126616	0.0050153
1273	0.998288	0.00123746	0.00487092
1274	0.998324	0.00121015	0.00472885
1275	0.998359	0.00118343	0.00459924
1276	0.998393	0.00115823	0.0044702
1277	0.998426	0.0011334	0.00434972
1278	0.998457	0.00110923	0.00423723
1279	0.998488	0.00108583	0.00413065
1280	0.998518	0.00106337	0.00402348
1281	0.998547	0.00104147	0.00392015
1282	0.998575	0.00102074	0.00382244
1283	0.998601	0.00100068	0.00372766
1284	0.998627	0.000980907	0.00363986
1285	0.998652	0.000962228	0.00355217
1286	0.998677	0.000943751	0.00346986
1287	0.998701	0.000926004	0.00339129
1288	0.998724	0.000909087	0.00331252
1289	0.998746	0.000892942	0.00323271
1290	0.998768	0.000876649	0.00316215
1291	0.998789	0.000861091	0.0030924
1292	0.998809	0.000845987	0.00302556
1293	0.998829	0.000831567	0.00295842
1294	0.998849	0.000817437	0.00289251
1295	0.998867	0.000803785	0.00283068
1296	0.998886	0.000790408	0.00276992
1297	0.998903	0.000776664	0.00271721
1298	0.998921	0.000763581	0.00266359
1299	0.998938	0.000750961	0.00261033
1300	0.998955	0.000738704	0.00255752
