600	9.16422e-08	0.000234965	9.16258e-08
601	8.06431e-08	0.000214632	8.06284e-08
602	8.87814e-08	0.000233707	8.8763e-08
603	9.25983e-08	0.000236924	9.25817e-08
604	6.13602e-08	0.000145125	6.135e-08
605	5.72022e-08	0.000110755	5.71927e-08
606	6.72666e-08	0.000135785	6.72563e-08
607	8.68261e-08	0.000181361	8.68142e-08
608	6.77592e-08	0.000157296	6.77495e-08
609	7.8959e-08	0.000155929	7.89463e-08
610	6.11808e-08	0.000122175	6.11715e-08
611	7.59302e-08	0.000152426	7.59204e-08
612	5.56807e-08	0.000107964	5.56727e-08
613	5.582e-08	0.000118201	5.58107e-08
614	6.39561e-08	0.000114181	6.3945e-08
615	5.62821e-08	9.4003e-05	5.62732e-08
616	6.18888e-08	9.29447e-05	6.18824e-08
617	5.29903e-08	7.70792e-05	5.29844e-08
618	6.78818e-08	0.00010813	6.7876e-08
619	4.40334e-08	7.44617e-05	4.40281e-08
620	4.95508e-08	7.78875e-05	4.9546e-08
621	4.8005e-08	7.80771e-05	4.79981e-08
622	6.44204e-08	0.000102684	6.44128e-08
623	4.45924e-08	6.33676e-05	4.45862e-08
624	5.06238e-08	6.8027e-05	5.06192e-08
625	5.78497e-08	9.1412e-05	5.78385e-08
626	4.55982e-08	5.64259e-05	4.55929e-08
627	4.72873e-08	7.25761e-05	4.72819e-08
628	4.19777e-08	6.5518e-05	4.19724e-08
629	5.76871e-08	9.01352e-05	5.76826e-08
630	5.30184e-08	7.47078e-05	5.30143e-08
631	5.62831e-08	8.25375e-05	5.62764e-08
632	5.22268e-08	7.74141e-05	5.2222e-08
633	4.84804e-08	6.65508e-05	4.84752e-08
634	3.026e-08	3.78628e-05	3.02571e-08
635	4.73449e-08	7.35607e-05	4.73421e-08
636	4.32624e-08	6.07592e-05	4.32536e-08
637	3.70998e-08	5.18232e-05	3.70962e-08
638	2.75263e-08	3.00357e-05	2.7523e-08
639	2.98302e-08	3.71393e-05	2.98259e-08
640	3.91551e-08	5.15721e-05	3.91502e-08
641	3.75421e-08	4.74552e-05	3.75365e-08
642	3.09725e-08	3.43604e-05	3.0969e-08
643	4.1156e-08	5.21236e-05	4.11483e-08
644	3.36896e-08	3.96199e-05	3.36855e-08
645	4.19456e-08	5.32785e-05	4.19402e-08
646	3.76791e-08	4.62954e-05	3.76743e-08
647	3.56303e-08	4.85682e-05	3.56244e-08
648	3.59958e-08	4.92406e-05	3.59907e-08
649	2.61402e-08	3.01326e-05	2.61374e-08
650	2.46182e-08	2.87962e-05	2.46128e-08
651	3.39465e-08	4.1725e-05	3.39412e-08
652	3.89469e-08	5.05471e-05	3.89409e-08
653	3.16405e-08	3.54765e-05	3.16362e-08
654	3.44381e-08	4.23647e-05	3.44299e-08
655	3.01317e-08	3.68734e-05	3.01282e-08
656	3.31431e-08	3.40428e-05	3.31387e-08
657	3.5524e-08	4.02062e-05	3.55133e-08
658	4.07314e-08	4.27698e-05	4.0725e-08
659	3.9827e-08	4.29662e-05	3.98205e-08
660	3.59355e-08	4.10076e-05	3.59305e-08
661	3.61708e-08	4.08275e-05	3.61606e-08
662	4.0157e-08	4.51766e-05	4.01501e-08
663	3.95391e-08	4.29184e-05	3.95311e-08
664	3.12457e-08	3.07245e-05	3.12417e-08
665	4.34914e-08	4.35071e-05	4.34839e-08
666	3.92106e-08	5.06545e-05	3.92002e-08
667	6.30874e-08	9.55408e-05	6.30681e-08
668	6.07476e-08	9.25967e-05	6.07267e-08
669	5.0083e-08	6.33306e-05	5.0072e-08
670	5.46252e-08	7.65731e-05	5.46058e-08
671	6.43081e-08	9.79201e-05	6.42835e-08
672	5.49972e-08	8.25212e-05	5.49758e-08
673	4.96484e-08	5.88036e-05	4.96339e-08
674	4.35126e-08	4.85294e-05	4.34966e-08
675	4.33853e-08	5.14603e-05	4.33687e-08
676	5.35411e-08	8.02693e-05	5.3512e-08
677	5.28449e-08	8.04894e-05	5.28201e-08
678	4.34199e-08	5.46494e-05	4.34077e-08
679	5.78948e-08	8.24489e-05	5.78748e-08
680	3.84936e-08	4.15283e-05	3.84774e-08
681	3.83475e-08	3.54842e-05	3.83336e-08
682	4.98545e-08	5.85227e-05	4.9835e-08
683	4.76644e-08	4.84365e-05	4.76487e-08
684	5.28856e-08	6.07851e-05	5.28651e-08
685	5.13883e-08	6.20246e-05	5.13687e-08
686	5.14077e-08	6.62028e-05	5.13843e-08
687	4.12117e-08	4.08848e-05	4.11947e-08
688	4.10244e-08	4.02673e-05	4.10122e-08
689	5.00637e-08	5.96907e-05	5.00489e-08
690	3.36865e-08	2.71614e-05	3.36758e-08
691	4.11416e-08	4.08812e-05	4.11301e-08
692	4.73241e-08	4.46648e-05	4.73129e-08
693	4.85485e-08	5.16714e-05	4.85352e-08
694	4.19638e-08	2.97543e-05	4.19521e-08
695	4.30176e-08	3.1998e-05	4.30069e-08
696	5.76858e-08	5.99205e-05	5.76712e-08
697	5.15543e-08	4.56318e-05	5.15399e-08
698	6.37504e-08	7.05523e-05	6.37308e-08
699	4.25691e-08	3.00164e-05	4.25591e-08
700	4.67136e-08	3.93375e-05	4.66958e-08
701	4.6653e-08	4.2397e-05	4.66395e-08
702	4.16478e-08	3.16064e-05	4.16305e-08
703	4.29891e-08	3.77541e-05	4.29744e-08
704	5.25096e-08	4.88814e-05	5.24909e-08
705	3.49177e-08	2.4068e-05	3.49069e-08
706	4.01382e-08	3.13295e-05	4.01219e-08
707	4.23663e-08	2.91948e-05	4.23548e-08
708	4.57834e-08	3.20772e-05	4.57707e-08
709	4.8546e-08	3.73492e-05	4.8531e-08
710	4.89049e-08	3.40692e-05	4.8891e-08
711	4.1362e-08	3.02217e-05	4.13461e-08
712	5.0594e-08	4.48838e-05	5.0572e-08
713	3.74389e-08	2.67707e-05	3.74272e-08
714	6.01805e-08	4.67503e-05	6.01559e-08
715	5.00603e-08	4.71998e-05	5.00384e-08
716	4.99938e-08	3.80646e-05	4.99711e-08
717	3.85976e-08	2.65782e-05	3.85786e-08
718	5.06346e-08	4.25259e-05	5.06069e-08
719	4.44929e-08	3.40117e-05	4.44711e-08
720	5.32375e-08	3.97029e-05	5.32152e-08
721	4.80465e-08	3.44363e-05	4.80223e-08
722	3.99985e-08	2.48388e-05	3.9979e-08
723	6.32744e-08	4.75952e-05	6.32381e-08
724	4.70584e-08	3.47656e-05	4.70319e-08
725	6.21205e-08	4.68779e-05	6.20833e-08
726	5.38186e-08	3.99449e-05	5.3798e-08
727	5.84363e-08	4.32657e-05	5.83938e-08
728	4.99354e-08	3.53049e-05	4.99002e-08
729	5.8243e-08	4.34582e-05	5.82118e-08
730	5.64938e-08	3.81119e-05	5.64573e-08
731	6.36034e-08	4.28039e-05	6.35715e-08
732	6.31455e-08	4.10267e-05	6.31098e-08
733	4.82082e-08	2.5936e-05	4.81762e-08
734	4.90466e-08	2.707e-05	4.90212e-08
735	6.36819e-08	3.29626e-05	6.3647e-08
736	7.48115e-08	3.89523e-05	7.47676e-08
737	7.23162e-08	3.45984e-05	7.22666e-08
738	6.25108e-08	3.22785e-05	6.24666e-08
739	7.64378e-08	3.56096e-05	7.63961e-08
740	5.90775e-08	2.56922e-05	5.90431e-08
741	8.62562e-08	4.24144e-05	8.62068e-08
742	1.00026e-07	5.22712e-05	9.9958e-08
743	6.47794e-08	2.65505e-05	6.47444e-08
744	5.78789e-08	2.7153e-05	5.78425e-08
745	8.93665e-08	3.92294e-05	8.93204e-08
746	1.04741e-07	5.48023e-05	1.04673e-07
747	8.10652e-08	2.93704e-05	8.10236e-08
748	9.39275e-08	4.50423e-05	9.38653e-08
749	7.85984e-08	2.65823e-05	7.85462e-08
750	9.16368e-08	3.2851e-05	9.15839e-08
751	1.16345e-07	5.73735e-05	1.16249e-07
752	1.09892e-07	4.41123e-05	1.09789e-07
753	1.06618e-07	4.26961e-05	1.0651e-07
754	9.38105e-08	3.2747e-05	9.37181e-08
755	6.55863e-08	2.06289e-05	6.55068e-08
756	1.38217e-07	6.41463e-05	1.38093e-07
757	1.13837e-07	5.39767e-05	1.13727e-07
758	1.2206e-07	4.25612e-05	1.21955e-07
759	1.97662e-07	9.91174e-05	1.97486e-07
760	1.58532e-07	6.97428e-05	1.58398e-07
761	2.66598e-07	0.000175946	2.66326e-07
762	2.66165e-07	0.000167399	2.65903e-07
763	3.14645e-07	0.000247642	3.14316e-07
764	1.96697e-07	0.00012116	1.96531e-07
765	2.21912e-07	0.000117797	2.21699e-07
766	3.99562e-07	0.000298596	3.99169e-07
767	2.61711e-07	0.000123238	2.61457e-07
768	4.14467e-07	0.000301696	4.14084e-07
769	2.55729e-07	0.00010205	2.55515e-07
770	3.93637e-07	0.000282391	3.93229e-07
771	3.60063e-07	0.000168722	3.59667e-07
772	2.80073e-07	0.000104849	2.79784e-07
773	3.58843e-07	0.000178103	3.58425e-07
774	4.38062e-07	0.000307004	4.37506e-07
775	4.52647e-07	0.000261737	4.52227e-07
776	4.5974e-07	0.000254732	4.59171e-07
777	3.08826e-07	0.000122187	3.08404e-07
778	4.67363e-07	0.000319986	4.66647e-07
779	6.24957e-07	0.000404969	6.24108e-07
780	2.99116e-07	9.62739e-05	2.98674e-07
781	4.06628e-07	0.000183506	4.0606e-07
782	4.75651e-07	0.000272396	4.74914e-07
783	5.13321e-07	0.000238587	5.12625e-07
784	5.07054e-07	0.000249087	5.06205e-07
785	4.00043e-07	0.000112077	3.99478e-07
786	5.18523e-07	0.000219847	5.17724e-07
787	4.53523e-07	0.000124508	4.52826e-07
788	7.36833e-07	0.000258503	7.35722e-07
789	7.92867e-07	0.000325123	7.91656e-07
790	6.87355e-07	0.00018631	6.86271e-07
791	7.23917e-07	0.000225552	7.22791e-07
792	7.01447e-07	0.000192642	7.00254e-07
793	6.55847e-07	0.000146307	6.5461e-07
794	5.87797e-07	0.000121093	5.86807e-07
795	7.8033e-07	0.00019463	7.78805e-07
796	9.89873e-07	0.000287374	9.87985e-07
797	1.00503e-06	0.000293727	1.003e-06
798	9.38081e-07	0.000228326	9.36357e-07
799	9.52804e-07	0.000264815	9.51026e-07
800	1.00335e-06	0.000225839	1.00108e-06
801	1.03554e-06	0.000204217	1.0333e-06
802	1.29827e-06	0.000287627	1.29566e-06
803	1.13756e-06	0.000250733	1.13525e-06
804	1.27397e-06	0.000284965	1.27082e-06
805	1.44109e-06	0.00029121	1.43761e-06
806	1.38495e-06	0.000271122	1.38194e-06
807	1.38349e-06	0.000222708	1.3804e-06
808	1.80752e-06	0.000412591	1.80301e-06
809	1.54476e-06	0.000308921	1.54096e-06
810	2.00083e-06	0.000386807	1.99664e-06
811	2.20282e-06	0.000442508	2.19777e-06
812	2.0957e-06	0.000434986	2.0909e-06
813	1.77788e-06	0.00025818	1.77326e-06
814	2.15022e-06	0.000305439	2.1446e-06
815	2.05591e-06	0.000279891	2.05034e-06
816	2.4346e-06	0.000396611	2.42703e-06
817	2.60106e-06	0.000373315	2.59272e-06
818	2.87947e-06	0.000432219	2.87043e-06
819	2.77996e-06	0.000414219	2.77072e-06
820	3.08847e-06	0.00044694	3.07771e-06
821	3.15374e-06	0.000428227	3.14429e-06
822	3.36786e-06	0.000442477	3.35619e-06
823	3.53901e-06	0.000454011	3.52591e-06
824	3.08526e-06	0.000282921	3.07351e-06
825	3.49294e-06	0.000348241	3.48108e-06
826	4.11999e-06	0.000406538	4.10388e-06
827	3.98259e-06	0.000381542	3.96642e-06
828	4.47122e-06	0.000401151	4.45421e-06
829	4.99941e-06	0.000412442	4.97982e-06
830	4.73012e-06	0.000357789	4.70816e-06
831	5.74884e-06	0.0004519	5.72011e-06
832	6.07753e-06	0.000488846	6.04932e-06
833	6.22563e-06	0.000468465	6.19506e-06
834	8.1852e-06	0.000800553	8.14364e-06
835	8.1645e-06	0.000734446	8.12098e-06
836	9.07459e-06	0.000653133	9.03092e-06
837	8.59688e-06	0.000562436	8.55138e-06
838	9.31318e-06	0.000652276	9.26301e-06
839	9.26143e-06	0.000534986	9.21078e-06
840	1.0491e-05	0.000678841	1.04265e-05
841	1.04159e-05	0.00064047	1.03471e-05
842	1.16607e-05	0.000680736	1.15844e-05
843	1.29681e-05	0.000667621	1.28879e-05
844	1.46731e-05	0.000850816	1.45776e-05
845	1.55815e-05	0.000928701	1.54681e-05
846	1.64031e-05	0.000820739	1.62815e-05
847	2.04902e-05	0.00106846	2.03417e-05
848	2.05032e-05	0.00102985	2.03529e-05
849	2.12797e-05	0.000998562	2.10963e-05
850	2.07166e-05	0.000867975	2.05437e-05
851	2.7833e-05	0.00134494	2.75954e-05
852	2.55015e-05	0.00110407	2.52604e-05
853	2.97647e-05	0.00118951	2.95074e-05
854	3.33934e-05	0.001274	3.30491e-05
855	3.47778e-05	0.00128396	3.44279e-05
856	3.96832e-05	0.00149722	3.92689e-05
857	3.817e-05	0.00125965	3.77467e-05
858	4.15468e-05	0.00142856	4.10478e-05
859	4.29248e-05	0.00138251	4.24156e-05
860	4.4382e-05	0.00132073	4.38293e-05
861	5.30015e-05	0.00147934	5.23057e-05
862	6.25217e-05	0.00182883	6.16911e-05
863	6.51658e-05	0.00193522	6.4278e-05
864	7.17139e-05	0.00210749	7.07211e-05
865	7.15108e-05	0.00164511	7.04457e-05
866	7.83303e-05	0.00175923	7.7106e-05
867	8.7827e-05	0.00186912	8.64005e-05
868	9.37759e-05	0.00195027	9.22771e-05
869	0.000105712	0.00223026	0.000103917
870	0.000114649	0.00226007	0.000112464
871	0.000121764	0.0023819	0.000119531
872	0.000131854	0.00228044	0.000129367
873	0.000148064	0.00267198	0.000145104
874	0.000152448	0.00246474	0.0001493
875	0.000164037	0.0027789	0.000160405
876	0.000176468	0.00294627	0.000172447
877	0.000190198	0.00286522	0.000185521
878	0.000208098	0.00279213	0.000203015
879	0.000226305	0.00284924	0.000220568
880	0.000260127	0.00338316	0.000252754
881	0.000280568	0.003254	0.000272476
882	0.000301462	0.00340557	0.000291819
883	0.000320286	0.00326593	0.000309679
884	0.000383476	0.00398314	0.000370225
885	0.000404091	0.0038673	0.000389047
886	0.000450148	0.00418874	0.000433206
887	0.000476724	0.00412753	0.00045735
888	0.000533904	0.00443987	0.000510369
889	0.000621131	0.00505157	0.000592849
890	0.000666315	0.00493816	0.000635199
891	0.000750831	0.00555828	0.000711388
892	0.000824309	0.00553902	0.000781024
893	0.000931753	0.00604802	0.000879903
894	0.00100704	0.00610493	0.000945614
895	0.00108975	0.00646142	0.0010199
896	0.00124743	0.0068417	0.00116459
897	0.00140086	0.00709495	0.00130067
898	0.00151413	0.0074302	0.00139819
899	0.00171482	0.00820312	0.00157361
900	0.00187884	0.00806122	0.00171821
901	0.00210188	0.0086458	0.001914
902	0.00226397	0.00916747	0.00203765
903	0.00259729	0.0100962	0.00231828
904	0.00284405	0.0101727	0.00252014
905	0.00311671	0.0104838	0.00273412
906	0.00357361	0.0110623	0.00310346
907	0.00399252	0.011633	0.00343304
908	0.00445526	0.0120215	0.00375666
909	0.00491597	0.0128777	0.0040799
910	0.00547889	0.0130574	0.00448449
911	0.00637401	0.0141925	0.00510048
912	0.00695338	0.0144448	0.00542724
913	0.00776574	0.0152135	0.00595494
914	0.00876518	0.0157564	0.00647329
915	0.00985551	0.0168975	0.00706468
916	0.0107424	0.0174618	0.0076039
917	0.011603	0.0176937	0.00806165
918	0.0124061	0.0189543	0.0085806
919	0.0130975	0.0198495	0.00904439
920	0.0141554	0.0207959	0.00975463
921	0.0144767	0.0212503	0.00993398
922	0.0155059	0.0224445	0.0105298
923	0.0157272	0.0231231	0.0106567
924	0.0168144	0.0240619	0.0114463
925	0.0162219	0.0229882	0.0110206
926	0.0170803	0.0238129	0.01153
927	0.0194608	0.0260883	0.0129905
928	0.0190849	0.0258106	0.0128747
929	0.0183938	0.0248605	0.0123265
930	0.018188	0.0253815	0.0122292
931	0.0211479	0.0284484	0.0140967
932	0.0222101	0.0292086	0.0146348
933	0.0225376	0.0297282	0.014854
934	0.0220882	0.0285383	0.0147456
935	0.021128	0.0280094	0.0142266
936	0.0206023	0.027083	0.0137051
937	0.0206259	0.027385	0.0138104
938	0.0253951	0.0330866	0.0167323
939	0.027556	0.033858	0.017843
940	0.0268381	0.0334229	0.0174981
941	0.0265798	0.0322742	0.017315
942	0.0263236	0.0331806	0.0172233
943	0.0256334	0.0323668	0.0168359
944	0.0254862	0.0321013	0.0167175
945	0.0246713	0.0316893	0.0163188
946	0.0240882	0.0309651	0.0160203
947	0.0237135	0.0305599	0.0158458
948	0.023374	0.0300458	0.0155581
949	0.0233157	0.0304441	0.015531
950	0.0331432	0.0399157	0.0215578
951	0.0366659	0.0414134	0.0234673
952	0.0366051	0.0409609	0.0234001
953	0.035812	0.0415821	0.0230059
954	0.0347704	0.0397893	0.0222772
955	0.0343732	0.0395699	0.0224263
956	0.0337553	0.0392613	0.0216712
957	0.0337283	0.0410728	0.0218519
958	0.0321858	0.0392725	0.0207924
959	0.0316877	0.0386893	0.0206364
960	0.0310132	0.0376472	0.020344
960	0.0310132	0.0376472	0.020344
961	0.030115	0.036528	0.0195872
962	0.029952	0.0372349	0.0196909
963	0.0293617	0.0369549	0.019149
964	0.0287915	0.0361029	0.01896
965	0.0279729	0.03511	0.0184785
966	0.0271458	0.0343736	0.0179174
967	0.0270141	0.0343146	0.0178622
968	0.0267815	0.0344662	0.0178972
969	0.0257825	0.0330537	0.0172377
970	0.0253057	0.0331556	0.0169569
971	0.0249624	0.0328998	0.0166615
972	0.0253031	0.0327252	0.0169791
973	0.0519946	0.0537749	0.0326092
974	0.0535795	0.0547928	0.033221
975	0.0532276	0.0547534	0.03267
976	0.0522999	0.0529799	0.0327771
977	0.0518493	0.0539126	0.0322588
978	0.050757	0.0533964	0.0317676
979	0.0503	0.0538047	0.0317113
980	0.048979	0.053215	0.0310558
981	0.0488641	0.0518895	0.0311768
982	0.0481592	0.0516316	0.0307069
983	0.0470465	0.0505497	0.02982
984	0.0464417	0.0513846	0.0292442
985	0.0454915	0.0504538	0.0292268
986	0.0450978	0.0506536	0.0287556
987	0.0433469	0.0470845	0.0279437
988	0.0437092	0.0483077	0.0277185
989	0.0431648	0.0489558	0.0276141
990	0.0417801	0.04667	0.0270697
991	0.0400467	0.0460233	0.0257753
992	0.0405124	0.04603	0.0259985
993	0.0393703	0.0451665	0.0252891
994	0.0390568	0.0454343	0.0254924
995	0.0383773	0.045445	0.0249679
996	0.0378676	0.0433423	0.0247592
997	0.0370486	0.0448383	0.0242475
998	0.036239	0.0426515	0.0236208
999	0.0354255	0.0438737	0.0233378
1000	0.0350702	0.0426708	0.0229757
1001	0.034396	0.0422928	0.0224143
1002	0.033513	0.0418823	0.0219521
1003	0.0332973	0.0409896	0.0219335
1004	0.0330045	0.0411606	0.0218856
1005	0.0315296	0.0378488	0.0210418
1006	0.0310567	0.0386249	0.0206148
1007	0.0308327	0.0402486	0.020602
1008	0.0306552	0.039515	0.0203193
1009	0.0301512	0.0387623	0.0201548
1010	0.0293118	0.0380304	0.0196744
1011	0.0286373	0.03788	0.0193533
1012	0.0285737	0.0378801	0.0193517
1013	0.027648	0.0365006	0.0186266
1014	0.0270202	0.0373545	0.0183234
1015	0.0264369	0.0360118	0.0179098
1016	0.0255395	0.0349053	0.0172781
1017	0.025205	0.0337684	0.0171454
1018	0.0250039	0.0337502	0.0170888
1019	0.0240795	0.033493	0.016456
1020	0.023684	0.0326776	0.0162837
1021	0.0234527	0.0333031	0.0162027
1022	0.0233075	0.0326344	0.01605
1023	0.0227049	0.0330743	0.0158305
1024	0.0226575	0.033162	0.0156545
1025	0.021822	0.0312761	0.0150523
1026	0.088977	0.0826657	0.0540388
1027	0.11182	0.0921251	0.0636193
1028	0.111965	0.0932716	0.0644519
1029	0.110901	0.0911666	0.0639458
1030	0.107598	0.0889883	0.0626417
1031	0.107704	0.0903033	0.0622864
1032	0.107442	0.0919353	0.0624826
1033	0.105136	0.0906077	0.0612053
1034	0.103975	0.0917813	0.0606949
1035	0.102734	0.0880983	0.0597978
1036	0.101726	0.0882001	0.0598541
1037	0.0997639	0.0867777	0.0590751
1038	0.0985648	0.0859243	0.058802
1039	0.0979571	0.0865676	0.0585154
1040	0.0959193	0.0874658	0.0576507
1041	0.0967035	0.0849994	0.0579354
1042	0.0950723	0.0841537	0.0566667
1043	0.0934387	0.0830804	0.0556588
1044	0.0921655	0.0818675	0.0556052
1045	0.0911189	0.0830285	0.0548951
1046	0.0908235	0.0823715	0.0546578
1047	0.0893243	0.0821292	0.0539234
1048	0.0867572	0.0802916	0.0525908
1049	0.0854713	0.0791814	0.0516735
1050	0.084984	0.0789832	0.0515942
1051	0.0835305	0.0782324	0.0510935
1052	0.0819809	0.0776598	0.0503854
1053	0.0830608	0.0797729	0.0512433
1054	0.0809808	0.0765938	0.049682
1055	0.0805539	0.0775647	0.0494342
1056	0.0793872	0.0763252	0.0487501
1057	0.0774159	0.0752115	0.0470233
1058	0.0768588	0.076692	0.0476588
1059	0.0756378	0.0753413	0.0466118
1060	0.0750737	0.0749794	0.0469916
1061	0.0743016	0.0741073	0.0459224
1062	0.0727534	0.0729757	0.0453039
1063	0.071971	0.0726186	0.0444189
1064	0.0716203	0.0724303	0.0447596
1065	0.0711427	0.0723051	0.044343
1066	0.0699125	0.0705388	0.0436577
1067	0.0696891	0.0713848	0.0437434
1068	0.0668417	0.0695685	0.0422132
1069	0.0663742	0.0694078	0.0419303
1070	0.0651573	0.0681231	0.0411542
1071	0.0650926	0.0699683	0.0413919
1072	0.0641311	0.0694853	0.0408817
1073	0.0631898	0.0682553	0.0404572
1074	0.0627195	0.0668877	0.0401476
1075	0.0607289	0.0657209	0.0388782
1076	0.0600593	0.0658789	0.0383438
1077	0.0595801	0.0652202	0.0380538
1078	0.0598258	0.0656744	0.0382318
1079	0.0578359	0.0642488	0.0373147
1080	0.0573052	0.0632624	0.036916
1081	0.0565692	0.0633498	0.0366402
1082	0.0553713	0.0631155	0.0361195
1083	0.0540338	0.0606469	0.0351561
1084	0.0531738	0.0606424	0.0345853
1085	0.0532643	0.0622569	0.0350878
1086	0.0528385	0.0605152	0.0345732
1087	0.0519702	0.0595164	0.0340608
1088	0.050714	0.0581824	0.0333484
1089	0.0497871	0.0582355	0.0326299
1090	0.0496859	0.0582599	0.0324452
1091	0.049007	0.058867	0.0326071
1092	0.0482441	0.0578733	0.0318952
1093	0.0473575	0.0561329	0.0312944
1094	0.0460931	0.0553041	0.0305805
1095	0.0452439	0.0557022	0.0300166
1096	0.0448711	0.0557988	0.0297554
1097	0.0439943	0.0553755	0.0292703
1098	0.0432672	0.0547509	0.0289078
1099	0.0432319	0.0553697	0.0290741
1100	0.0421547	0.0518971	0.0282499
1101	0.0416245	0.0536492	0.0278862
1102	0.0407894	0.0520049	0.0273691
1103	0.0403958	0.0525369	0.0269392
1104	0.0399055	0.0519748	0.027072
1105	0.0393329	0.0507794	0.0267216
1106	0.0383617	0.0503542	0.0260881
1107	0.0374617	0.0503137	0.0255591
1108	0.0372036	0.0501226	0.0254015
1109	0.0364188	0.0500015	0.0250003
1110	0.0362284	0.0483381	0.0247064
1111	0.0359604	0.0495871	0.0245958
1112	0.035105	0.0482321	0.0242013
1113	0.0347841	0.0472292	0.0239735
1114	0.0336998	0.0478528	0.0232289
1115	0.0334827	0.0466209	0.0230812
1116	0.0327018	0.0441143	0.0224944
1117	0.0325764	0.0453284	0.0224411
1118	0.0322109	0.0451728	0.0222904
1119	0.0313166	0.0440735	0.0216158
1120	0.0306032	0.0426129	0.0212101
1121	0.0300788	0.0431891	0.0208646
1122	0.0296656	0.0426654	0.0206532
1123	0.028621	0.0413446	0.020021
1124	0.028197	0.0410976	0.0198061
1125	0.0281879	0.0411135	0.0196584
1126	0.0275085	0.041076	0.0192226
1127	0.0272278	0.0411742	0.0191597
1128	0.0261774	0.0399537	0.0183836
1129	0.0266257	0.0406978	0.018837
1130	0.0257714	0.0391753	0.0183351
1131	0.0253361	0.0394214	0.017984
1132	0.0249872	0.0380452	0.0178062
1133	0.0247016	0.0386538	0.0175914
1134	0.0242349	0.0379649	0.0172142
1135	0.0239442	0.0376541	0.017193
1136	0.0230106	0.0363309	0.0164543
1137	0.0229221	0.0366658	0.0165147
1138	0.0217773	0.0359954	0.0157581
1139	0.021908	0.0359495	0.0157892
1140	0.0215898	0.0348525	0.0156809
1141	0.0213379	0.03479	0.0153714
1142	0.0208843	0.0339386	0.0151004
1143	0.0203956	0.0341008	0.0148311
1144	0.0196734	0.0326359	0.0142643
1145	0.0198388	0.0333895	0.0143873
1146	0.0191933	0.0320578	0.0140136
1147	0.0186035	0.0324981	0.0136333
1148	0.0183094	0.03201	0.0133384
1149	0.0181111	0.0316412	0.013275
1150	0.0183218	0.0324248	0.0133681
1151	0.017417	0.0299897	0.0127463
1152	0.0168237	0.0298265	0.0124314
1153	0.0168689	0.0295093	0.0123904
1154	0.016375	0.0291035	0.0121196
1155	0.0163196	0.0297193	0.0120339
1156	0.0160438	0.0291322	0.0119147
1157	0.0154857	0.0275988	0.0115341
1158	0.0150701	0.0273114	0.0111481
1159	0.0148215	0.0277828	0.0109705
1160	0.0147987	0.0271345	0.0110602
1161	0.0144099	0.0273904	0.010784
1162	0.0142152	0.026884	0.0106195
1163	0.0140682	0.0265224	0.0104752
1164	0.0136752	0.0266446	0.0102165
1165	0.0135191	0.0258906	0.0101049
1166	0.0132325	0.0263953	0.0099104
1167	0.0131435	0.0252239	0.00989484
1168	0.0127716	0.0249995	0.00958727
1169	0.0122351	0.0239918	0.00923264
1170	0.0120565	0.0239349	0.00913842
1171	0.0118283	0.0238647	0.00895312
1172	0.0119338	0.0236893	0.00905612
1173	0.0115226	0.0234325	0.00872816
1174	0.0106075	0.0220722	0.00806094
1175	0.0107279	0.0220813	0.0082366
1176	0.0107583	0.0224728	0.00821122
1177	0.0104394	0.022304	0.00794859
1178	0.0102264	0.0217858	0.00775383
1179	0.010094	0.0216262	0.00772133
1180	0.0097793	0.0206238	0.00749901
1181	0.00962503	0.0207688	0.00739912
1182	0.00942341	0.0209356	0.00723309
1183	0.00936052	0.0211222	0.00724057
1184	0.00908406	0.0201	0.00701046
1185	0.00889902	0.0202478	0.00688686
1186	0.00876448	0.0200124	0.00675974
1187	0.00841605	0.0190281	0.0064964
1188	0.00821981	0.0184958	0.00639295
1189	0.0082172	0.0184725	0.00638052
1190	0.0080006	0.0185521	0.00618206
1191	0.00775118	0.0180456	0.00601987
1192	0.0075314	0.0176541	0.00590508
1193	0.00731088	0.0173872	0.00571468
1194	0.00742925	0.0179985	0.00581972
1195	0.00718956	0.0176882	0.00562082
1196	0.00722703	0.0173057	0.00568187
1197	0.00706804	0.0168429	0.00557236
1198	0.00690263	0.0174756	0.0054601
1199	0.00649825	0.0162805	0.00515243
1200	0.00642058	0.0157354	0.00509799
1201	0.00611818	0.0150038	0.0048499
1202	0.00591798	0.0143884	0.00468356
1203	0.00585978	0.0146987	0.0046493
1204	0.00569647	0.0146791	0.00455656
1205	0.00572263	0.015192	0.00455171
1206	0.00548382	0.0143285	0.00439058
1207	0.00526877	0.0140543	0.00421443
1208	0.00534971	0.0137777	0.00427913
1209	0.00521829	0.0140382	0.00417331
1210	0.00511416	0.0138403	0.00408899
1211	0.00518318	0.0142895	0.00415228
1212	0.00498284	0.0133849	0.00400777
1213	0.00487655	0.013292	0.00392822
1214	0.00484092	0.0133825	0.00389527
1215	0.00485904	0.0128523	0.00388134
1216	0.642154	0.074184	0.227373
1217	0.951508	0.0420344	0.357071
1218	0.961759	0.0329899	0.288729
1219	0.968715	0.0267485	0.235492
1220	0.973793	0.0222233	0.193029
1221	0.977629	0.0188327	0.159447
1222	0.980601	0.0162219	0.133001
1223	0.982953	0.0141359	0.113181
1224	0.984849	0.0124786	0.0967585
1225	0.986403	0.0111318	0.0834026
1226	0.987694	0.0100169	0.0725807
1227	0.988782	0.00907593	0.0638844
1228	0.989709	0.00828676	0.0564421
1229	0.990506	0.00760915	0.0502606
1230	0.991199	0.0070139	0.0452691
1231	0.991806	0.00650051	0.0408793
1232	0.992341	0.00605019	0.0370989
1233	0.992817	0.00565017	0.0338662
1234	0.993242	0.00529253	0.031077
1235	0.993623	0.00497166	0.0286557
1236	0.993968	0.00468606	0.026462
1237	0.99428	0.00443001	0.0244829
1238	0.994565	0.00419407	0.0227867
1239	0.994825	0.00397962	0.0212605
1240	0.995063	0.00378283	0.019903
1241	0.995283	0.00360342	0.0186599
1242	0.995486	0.00343857	0.0175288
1243	0.995674	0.00328502	0.0165195
1244	0.995849	0.00314442	0.0155751
1245	0.996011	0.00301482	0.0147064
1246	0.996163	0.00289062	0.0139615
1247	0.996306	0.00277584	0.0132376
1248	0.996438	0.00267034	0.0125727
1249	0.996563	0.00257144	0.0119582
1250	0.99668	0.0024783	0.0113951
1251	0.99679	0.00239072	0.010876
1252	0.996894	0.0023082	0.0103946
1253	0.996992	0.00222987	0.00995288
1254	0.997085	0.00215692	0.00952948
1255	0.997173	0.00208715	0.00914369
1256	0.997256	0.00202132	0.00878019
1257	0.997335	0.00196	0.00842753
1258	0.997411	0.00190173	0.00809759
1259	0.997482	0.00184559	0.00779747
1260	0.997551	0.00179243	0.00751031
1261	0.997616	0.00174135	0.00724583
1262	0.997678	0.00169291	0.00699313
1263	0.997738	0.00164688	0.00674448
1264	0.997795	0.00160397	0.00650642
1265	0.99785	0.00156098	0.00630106
1266	0.997902	0.0015216	0.00608837
1267	0.997952	0.00148364	0.00588976
1268	0.998	0.0014469	0.00570509
1269	0.998046	0.00141142	0.00553213
1270	0.99809	0.00137747	0.00536625
1271	0.998133	0.00134448	0.00521072
1272	0.998174	0.00131356	0.00505701
1273	0.998213	0.00128352	0.00491184
1274	0.998251	0.00125413	0.00477888
1275	0.998288	0.00122689	0.00464169
1276	0.998324	0.0011996	0.00451743
1277	0.998358	0.00117365	0.00439773
1278	0.998391	0.00114837	0.00428449
1279	0.998423	0.00112407	0.0041749
1280	0.998454	0.00110078	0.00406768
1281	0.998484	0.0010779	0.00396815
1282	0.998513	0.00105595	0.00387041
1283	0.998542	0.00103469	0.00377776
1284	0.998569	0.00101454	0.00368511
1285	0.998595	0.00099497	0.00359788
1286	0.99862	0.000976486	0.00350975
1287	0.998646	0.000957541	0.00343005
1288	0.99867	0.000939757	0.00335193
1289	0.998693	0.00092302	0.00327213
1290	0.998716	0.000905894	0.00320115
1291	0.998738	0.000889397	0.00313337
1292	0.998759	0.000873481	0.00306752
1293	0.998779	0.000858284	0.00300085
1294	0.9988	0.000843286	0.00293933
1295	0.998819	0.000828901	0.00287671
1296	0.998838	0.000814883	0.00281769
1297	0.998857	0.000801017	0.00276284
1298	0.998875	0.000787417	0.00270961
1299	0.998892	0.000774676	0.00265449
1300	0.998909	0.000762353	0.00260075
