600	1.18787e-08	3.29119e-05	1.1878e-08
601	1.91252e-08	6.0585e-05	1.91242e-08
602	1.83421e-08	5.66141e-05	1.83412e-08
603	1.75446e-08	5.38562e-05	1.75437e-08
604	1.3461e-08	4.02621e-05	1.34603e-08
605	1.59275e-08	4.80034e-05	1.59262e-08
606	1.67456e-08	4.65928e-05	1.6745e-08
607	1.95579e-08	5.40818e-05	1.95575e-08
608	1.20633e-08	2.66197e-05	1.20626e-08
609	2.00781e-08	5.5018e-05	2.00774e-08
610	1.4388e-08	3.67688e-05	1.43873e-08
611	9.46512e-09	2.35909e-05	9.46449e-09
612	1.10181e-08	2.86846e-05	1.10175e-08
613	1.42584e-08	3.26779e-05	1.42578e-08
614	1.10091e-08	2.33059e-05	1.10088e-08
615	1.33292e-08	2.8618e-05	1.33285e-08
616	1.22086e-08	2.68495e-05	1.2208e-08
617	1.53926e-08	3.58025e-05	1.53921e-08
618	1.47157e-08	3.30344e-05	1.47151e-08
619	8.96553e-09	2.15388e-05	8.9651e-09
620	9.13581e-09	1.99574e-05	9.1354e-09
621	1.23227e-08	2.88195e-05	1.23223e-08
622	1.25144e-08	2.63774e-05	1.25141e-08
623	1.39702e-08	3.14397e-05	1.39699e-08
624	1.48225e-08	3.33949e-05	1.48221e-08
625	7.4472e-09	1.32524e-05	7.44683e-09
626	8.10984e-09	1.8245e-05	8.10952e-09
627	1.0642e-08	1.92546e-05	1.06416e-08
628	8.24568e-09	1.50114e-05	8.24527e-09
629	1.03787e-08	1.99371e-05	1.03784e-08
630	9.53836e-09	1.78489e-05	9.53801e-09
631	1.2364e-08	2.16989e-05	1.23637e-08
632	1.19999e-08	2.20697e-05	1.19997e-08
633	1.09565e-08	1.96568e-05	1.09562e-08
634	1.32817e-08	2.56394e-05	1.32807e-08
635	8.19319e-09	1.34084e-05	8.19297e-09
636	1.17686e-08	1.96233e-05	1.17682e-08
637	1.1812e-08	2.0989e-05	1.18118e-08
638	9.09772e-09	1.76147e-05	9.09746e-09
639	8.83134e-09	1.56204e-05	8.83109e-09
640	1.05374e-08	1.85901e-05	1.05372e-08
641	8.34255e-09	1.42478e-05	8.34235e-09
642	9.5359e-09	1.70537e-05	9.53563e-09
643	1.01983e-08	1.93525e-05	1.01976e-08
644	1.17638e-08	2.31779e-05	1.1763e-08
645	9.79012e-09	1.88389e-05	9.78972e-09
646	1.37972e-08	3.23338e-05	1.37965e-08
647	1.14375e-08	2.01782e-05	1.1437e-08
648	1.14589e-08	1.77368e-05	1.14582e-08
649	1.55166e-08	2.62165e-05	1.55157e-08
650	1.66358e-08	2.74618e-05	1.66353e-08
651	1.43286e-08	2.69492e-05	1.43276e-08
652	1.33698e-08	2.19977e-05	1.33683e-08
653	1.48727e-08	2.67804e-05	1.48722e-08
654	1.50697e-08	2.12376e-05	1.50694e-08
655	1.18813e-08	1.69362e-05	1.18808e-08
656	1.83874e-08	2.81638e-05	1.83862e-08
657	1.9456e-08	3.98897e-05	1.9454e-08
658	3.37287e-08	7.46122e-05	3.37242e-08
659	3.20212e-08	6.84724e-05	3.20186e-08
660	2.26236e-08	4.65113e-05	2.26219e-08
661	2.54616e-08	4.87916e-05	2.54594e-08
662	3.22539e-08	6.98173e-05	3.22511e-08
663	2.7621e-08	5.74441e-05	2.76177e-08
664	2.31157e-08	4.16652e-05	2.31137e-08
665	1.84777e-08	3.26325e-05	1.84743e-08
666	2.23199e-08	3.81613e-05	2.23169e-08
667	2.43153e-08	5.1635e-05	2.4312e-08
668	2.43837e-08	4.38486e-05	2.43818e-08
669	2.93903e-08	6.06444e-05	2.93877e-08
670	2.5832e-08	5.60924e-05	2.58278e-08
671	1.86328e-08	3.1159e-05	1.86303e-08
672	1.45023e-08	1.93347e-05	1.45003e-08
673	2.56864e-08	4.79587e-05	2.56817e-08
674	1.95625e-08	3.1759e-05	1.95596e-08
675	2.69774e-08	5.03421e-05	2.69726e-08
676	2.66512e-08	4.7074e-05	2.66483e-08
677	2.90511e-08	5.15606e-05	2.9047e-08
678	2.05753e-08	3.19142e-05	2.05733e-08
679	1.67435e-08	2.61241e-05	1.67416e-08
680	2.22754e-08	3.86578e-05	2.22725e-08
681	1.39606e-08	1.79369e-05	1.39587e-08
682	2.40137e-08	3.96889e-05	2.40117e-08
683	2.3667e-08	3.49317e-05	2.36651e-08
684	2.20937e-08	3.13924e-05	2.20916e-08
685	1.63297e-08	1.98191e-05	1.63279e-08
686	2.65777e-08	4.14474e-05	2.65745e-08
687	2.59831e-08	4.16564e-05	2.59811e-08
688	2.75446e-08	4.43539e-05	2.75423e-08
689	2.1267e-08	3.18444e-05	2.1264e-08
690	1.84465e-08	2.49232e-05	1.84439e-08
691	2.25634e-08	3.40535e-05	2.25588e-08
692	1.98143e-08	3.0472e-05	1.9811e-08
693	1.8309e-08	2.21271e-05	1.83061e-08
694	2.37308e-08	3.65755e-05	2.37274e-08
695	2.0262e-08	2.62863e-05	2.02588e-08
696	1.89361e-08	2.51156e-05	1.89335e-08
697	1.23043e-08	1.43062e-05	1.23024e-08
698	2.15528e-08	2.63777e-05	2.15507e-08
699	1.7959e-08	1.96488e-05	1.79564e-08
700	2.38346e-08	3.04455e-05	2.38317e-08
701	1.76717e-08	2.02054e-05	1.7669e-08
702	1.97819e-08	2.43928e-05	1.97787e-08
703	1.94988e-08	2.4835e-05	1.94949e-08
704	1.70721e-08	1.84039e-05	1.70696e-08
705	2.06795e-08	2.68744e-05	2.06766e-08
706	2.62964e-08	3.60484e-05	2.62906e-08
707	1.59391e-08	2.2567e-05	1.59349e-08
708	1.4285e-08	1.62721e-05	1.42818e-08
709	1.47008e-08	1.78096e-05	1.46967e-08
710	2.18111e-08	2.97029e-05	2.18045e-08
711	1.39371e-08	1.38807e-05	1.39338e-08
712	1.45947e-08	1.4592e-05	1.45915e-08
713	2.02016e-08	2.07602e-05	2.01962e-08
714	2.38604e-08	2.91383e-05	2.38547e-08
715	2.45388e-08	2.75754e-05	2.45317e-08
716	1.94915e-08	2.06752e-05	1.94876e-08
717	2.09853e-08	2.11253e-05	2.09792e-08
718	2.22828e-08	2.34646e-05	2.22759e-08
719	2.43491e-08	2.36734e-05	2.43441e-08
720	2.30972e-08	2.23885e-05	2.30933e-08
721	2.81368e-08	2.77931e-05	2.81289e-08
722	2.41019e-08	2.40389e-05	2.40928e-08
723	2.02544e-08	1.77127e-05	2.02471e-08
724	1.81834e-08	1.54779e-05	1.81791e-08
725	2.33732e-08	2.08522e-05	2.33643e-08
726	2.53479e-08	2.13874e-05	2.53416e-08
727	2.27709e-08	1.92614e-05	2.27621e-08
728	2.08167e-08	2.12682e-05	2.08104e-08
729	2.36097e-08	1.97238e-05	2.36007e-08
730	1.72049e-08	1.33011e-05	1.72003e-08
731	2.48119e-08	2.26601e-05	2.48032e-08
732	2.46528e-08	2.22948e-05	2.46416e-08
733	1.72571e-08	1.25476e-05	1.72522e-08
734	1.49507e-08	1.09066e-05	1.4946e-08
735	2.25384e-08	1.88995e-05	2.25289e-08
736	2.58256e-08	2.10611e-05	2.58172e-08
737	2.36583e-08	1.59889e-05	2.36499e-08
738	1.68368e-08	1.01898e-05	1.68301e-08
739	2.37207e-08	1.62222e-05	2.3709e-08
740	2.4578e-08	1.59639e-05	2.45676e-08
741	3.22892e-08	2.59348e-05	3.2271e-08
742	3.00881e-08	2.04516e-05	3.00706e-08
743	2.87271e-08	1.87894e-05	2.87137e-08
744	2.2191e-08	1.41469e-05	2.21782e-08
745	2.32857e-08	1.44281e-05	2.3274e-08
746	2.91877e-08	1.99121e-05	2.9173e-08
747	2.44161e-08	1.56535e-05	2.44041e-08
748	2.60199e-08	1.56853e-05	2.60085e-08
749	2.40763e-08	1.48095e-05	2.40644e-08
750	1.97907e-08	1.11326e-05	1.9777e-08
751	2.35812e-08	1.46163e-05	2.35667e-08
752	2.84854e-08	1.94682e-05	2.84755e-08
753	2.52054e-08	1.5068e-05	2.51931e-08
754	2.43029e-08	1.42644e-05	2.42889e-08
755	3.11628e-08	1.71897e-05	3.11458e-08
756	2.7036e-08	1.4192e-05	2.70198e-08
757	3.58942e-08	2.02274e-05	3.58735e-08
758	3.14004e-08	1.32356e-05	3.13858e-08
759	3.52091e-08	1.55744e-05	3.51936e-08
760	2.87526e-08	1.30218e-05	2.87334e-08
761	3.59365e-08	1.66415e-05	3.59122e-08
762	3.30033e-08	1.49249e-05	3.29827e-08
763	2.44719e-08	9.7453e-06	2.44572e-08
764	3.51008e-08	1.45899e-05	3.50765e-08
765	4.44282e-08	1.90855e-05	4.43989e-08
766	3.58408e-08	1.49484e-05	3.58163e-08
767	3.90539e-08	1.58338e-05	3.90249e-08
768	2.92288e-08	1.12768e-05	2.92068e-08
769	4.13771e-08	1.46406e-05	4.13461e-08
770	3.3649e-08	1.09407e-05	3.36194e-08
771	5.13414e-08	1.95477e-05	5.13001e-08
772	3.80771e-08	1.1831e-05	3.80441e-08
773	5.36247e-08	2.3118e-05	5.3579e-08
774	4.78646e-08	1.69037e-05	4.78257e-08
775	5.20941e-08	1.85889e-05	5.20375e-08
776	6.58888e-08	2.73135e-05	6.5835e-08
777	7.00632e-08	2.22375e-05	6.99948e-08
778	1.28409e-07	6.64939e-05	1.28286e-07
779	8.72616e-08	2.89417e-05	8.71658e-08
780	1.33359e-07	7.47934e-05	1.33207e-07
781	1.09086e-07	5.10031e-05	1.0898e-07
782	1.17053e-07	5.80185e-05	1.16929e-07
783	1.24571e-07	4.887e-05	1.24426e-07
784	1.21339e-07	5.87541e-05	1.21176e-07
785	1.079e-07	2.89826e-05	1.07774e-07
786	1.59975e-07	5.52224e-05	1.59796e-07
787	1.4585e-07	5.52215e-05	1.45696e-07
788	1.31104e-07	3.93428e-05	1.30958e-07
789	1.65255e-07	5.414e-05	1.65044e-07
790	1.71605e-07	7.24657e-05	1.71397e-07
791	2.3165e-07	0.000105879	2.31313e-07
792	1.88957e-07	6.11097e-05	1.88758e-07
793	2.0956e-07	9.07561e-05	2.09204e-07
794	2.02846e-07	6.87517e-05	2.02588e-07
795	2.29746e-07	7.08303e-05	2.29422e-07
796	2.17461e-07	6.29824e-05	2.17147e-07
797	2.8612e-07	0.000107943	2.85651e-07
798	2.25745e-07	6.17021e-05	2.25406e-07
799	3.64492e-07	0.000126713	3.63891e-07
800	3.75413e-07	0.000141459	3.74863e-07
801	3.07285e-07	7.0179e-05	3.06707e-07
802	2.92415e-07	6.25152e-05	2.91937e-07
803	4.10176e-07	0.000120661	4.09382e-07
804	4.82375e-07	0.000146228	4.8141e-07
805	4.07524e-07	0.000108493	4.06788e-07
806	6.18957e-07	0.000206816	6.17643e-07
807	7.37338e-07	0.000297304	7.35781e-07
808	4.51847e-07	0.000120343	4.50982e-07
809	5.34784e-07	0.000176332	5.33623e-07
810	6.03687e-07	0.000194317	6.02658e-07
811	6.41975e-07	0.000177847	6.40589e-07
812	5.73996e-07	0.000147347	5.72729e-07
813	6.14495e-07	0.000117412	6.13066e-07
814	6.88516e-07	0.00015076	6.86724e-07
815	7.27343e-07	0.000122717	7.2558e-07
816	7.55576e-07	0.000121268	7.53486e-07
817	1.00511e-06	0.00017849	1.00239e-06
818	9.38941e-07	0.000167061	9.36615e-07
819	8.26367e-07	0.000110485	8.24081e-07
820	1.20096e-06	0.000227374	1.19778e-06
821	1.16503e-06	0.000165621	1.1618e-06
822	1.35621e-06	0.000232383	1.3525e-06
823	1.36129e-06	0.000210996	1.35698e-06
824	1.50842e-06	0.000202814	1.50317e-06
825	1.55832e-06	0.000187429	1.55319e-06
826	1.38893e-06	0.000172625	1.38371e-06
827	1.66312e-06	0.00019477	1.65686e-06
828	1.73774e-06	0.00019296	1.73229e-06
829	1.73922e-06	0.000218469	1.73257e-06
830	1.75691e-06	0.00016789	1.75103e-06
831	1.82866e-06	0.000163739	1.82203e-06
832	2.25944e-06	0.000225186	2.25083e-06
833	2.57538e-06	0.000317945	2.56469e-06
834	2.12992e-06	0.000159183	2.1204e-06
835	2.97902e-06	0.000265162	2.96636e-06
836	2.91264e-06	0.000240319	2.89815e-06
837	3.3759e-06	0.000283974	3.35953e-06
838	3.43829e-06	0.000265107	3.42016e-06
839	3.52289e-06	0.000235082	3.50516e-06
840	4.57413e-06	0.000353353	4.55045e-06
841	4.66869e-06	0.000360155	4.64299e-06
842	6.20295e-06	0.000451895	6.16961e-06
843	5.83458e-06	0.000355439	5.7963e-06
844	6.25109e-06	0.000387321	6.20946e-06
845	6.52189e-06	0.000423729	6.48162e-06
846	6.06947e-06	0.000351171	6.02646e-06
847	7.622e-06	0.000481559	7.5655e-06
848	7.13689e-06	0.000365688	7.08543e-06
849	8.52509e-06	0.000434898	8.46025e-06
850	1.04989e-05	0.000549079	1.04193e-05
851	9.92628e-06	0.000447407	9.85148e-06
852	1.14812e-05	0.000527145	1.13838e-05
853	1.19649e-05	0.000531366	1.18719e-05
854	1.31368e-05	0.000573914	1.30152e-05
855	1.48115e-05	0.000622415	1.46771e-05
856	1.45562e-05	0.000566018	1.44272e-05
857	1.70504e-05	0.000687152	1.68814e-05
858	1.85756e-05	0.000659892	1.84015e-05
859	1.98099e-05	0.000704255	1.95962e-05
860	2.12441e-05	0.000665389	2.10305e-05
861	2.24018e-05	0.000784122	2.21571e-05
862	2.72036e-05	0.000916608	2.68807e-05
863	2.75509e-05	0.000818019	2.71993e-05
864	2.87584e-05	0.000877051	2.83804e-05
865	3.06436e-05	0.00087489	3.02159e-05
866	3.54663e-05	0.000928836	3.49766e-05
867	3.84507e-05	0.000995883	3.79052e-05
868	4.36223e-05	0.00113025	4.29191e-05
869	4.78247e-05	0.00107263	4.70058e-05
870	5.07227e-05	0.00111456	4.9875e-05
871	5.50117e-05	0.00105405	5.406e-05
872	6.86733e-05	0.00148995	6.73203e-05
873	7.08882e-05	0.00139939	6.9459e-05
874	7.63302e-05	0.00142613	7.47873e-05
875	8.75317e-05	0.00158731	8.56542e-05
876	9.50626e-05	0.00165411	9.29437e-05
877	0.000102112	0.00160755	9.98917e-05
878	0.000118456	0.00189235	0.000115605
879	0.000128767	0.00205082	0.000125249
880	0.000145207	0.0020173	0.000141369
881	0.000164527	0.00222545	0.000159933
882	0.000165776	0.00197267	0.000160996
883	0.000188919	0.00229112	0.000183074
884	0.000220087	0.00268601	0.000212539
885	0.000243944	0.00264188	0.000235845
886	0.000258475	0.00272773	0.000249389
887	0.000288075	0.00286055	0.00027721
888	0.000324971	0.00300218	0.000312642
889	0.000366772	0.00343482	0.00035161
890	0.000375631	0.00320121	0.00035876
891	0.000445393	0.00375761	0.000424813
892	0.000484893	0.0037656	0.000461621
893	0.0005426	0.00398603	0.000513942
894	0.000618331	0.0042167	0.000584674
895	0.00068136	0.0043271	0.000639794
896	0.000769331	0.00481911	0.000721104
897	0.00084505	0.00482075	0.0007905
898	0.000941512	0.00518849	0.000873573
899	0.00108967	0.00580177	0.00100681
900	0.00117975	0.00573672	0.00108439
901	0.00136053	0.00643067	0.00123938
902	0.00150841	0.00651358	0.0013719
903	0.0016629	0.00678222	0.0014995
904	0.00187725	0.00715579	0.00167307
905	0.00214954	0.00769464	0.0019028
906	0.00240123	0.00795718	0.00210349
907	0.00274447	0.00884373	0.00237281
908	0.00306525	0.00916198	0.00262618
909	0.00344636	0.00962556	0.00290401
910	0.00385371	0.0102088	0.00317729
911	0.00439462	0.0107441	0.0035722
912	0.00489461	0.0115299	0.00390486
913	0.00556182	0.011841	0.00430091
914	0.00630511	0.012419	0.00475716
915	0.00715635	0.0135252	0.0052499
916	0.00787675	0.0137458	0.00568371
917	0.00853386	0.0145385	0.00608957
918	0.00910799	0.014879	0.00645149
919	0.00962867	0.0160388	0.00676103
920	0.010515	0.0170063	0.00740848
921	0.0112212	0.0173398	0.00785497
922	0.0114173	0.0180014	0.00801644
923	0.0116913	0.0183014	0.00814629
924	0.0129573	0.0196292	0.00904286
925	0.0127479	0.020051	0.00881484
926	0.0128733	0.0198031	0.00895359
927	0.0147201	0.0218938	0.0101144
928	0.0143182	0.02116	0.00987197
929	0.0140731	0.0211865	0.00970095
930	0.0137251	0.0205987	0.0095158
931	0.016533	0.0233935	0.0113285
932	0.0172873	0.024163	0.0117791
933	0.0167163	0.0237364	0.0113731
934	0.0165549	0.0235804	0.0113277
935	0.016176	0.0232252	0.0110756
936	0.0161868	0.0233418	0.0110796
937	0.0154739	0.0226032	0.0106337
938	0.0196745	0.0270349	0.0132502
939	0.0218739	0.028852	0.014597
940	0.0214688	0.0284404	0.0144071
941	0.0205538	0.0275474	0.0137852
942	0.0201513	0.0270683	0.0135757
943	0.0198719	0.0271538	0.0133439
944	0.0197262	0.0278187	0.0133216
945	0.0187554	0.0267472	0.0127418
946	0.0183857	0.0259854	0.0125437
947	0.0179951	0.0260061	0.0122913
948	0.0175679	0.0248171	0.0119437
949	0.0173235	0.025166	0.0118678
950	0.0258196	0.0339297	0.0170302
951	0.0287656	0.0356641	0.0189169
952	0.0278935	0.034906	0.0183405
953	0.0271583	0.0342308	0.0178591
954	0.0269839	0.0340356	0.0177715
955	0.0267424	0.0339776	0.0179269
956	0.0257001	0.0327385	0.0170961
957	0.0252623	0.0327173	0.0169481
958	0.0250321	0.0326791	0.0166936
959	0.0243977	0.0316733	0.0163478
960	0.0238211	0.0306864	0.0160274
960	0.0238211	0.0306864	0.0160274
961	0.0229493	0.0303722	0.0154151
962	0.0228609	0.0295717	0.0152763
963	0.0223225	0.0294147	0.0151523
964	0.0217493	0.0292954	0.0147941
965	0.0212712	0.028863	0.0144519
966	0.0208102	0.0288739	0.0142383
967	0.0202553	0.027858	0.0138553
968	0.0203631	0.0287959	0.0139549
969	0.0196337	0.0278472	0.0134755
970	0.0191646	0.0267663	0.0132103
971	0.0189593	0.0271992	0.0130005
972	0.0189159	0.0265328	0.0130298
973	0.0416168	0.0472804	0.0267453
974	0.0433623	0.046446	0.0277384
975	0.04382	0.0489434	0.0277236
976	0.0426701	0.0482442	0.0275309
977	0.0411704	0.0466464	0.0264867
978	0.0399519	0.0449771	0.0256953
979	0.0400557	0.0466776	0.0256851
980	0.0395798	0.0456763	0.0255742
981	0.0386469	0.0452877	0.0251682
982	0.0378914	0.0429854	0.0243769
983	0.0376853	0.0439851	0.0247058
984	0.0364946	0.0431362	0.0237995
985	0.0356151	0.0418921	0.0232273
986	0.0352192	0.0434144	0.0227811
987	0.0350391	0.0417266	0.0229251
988	0.0337719	0.0420429	0.0222266
989	0.0332064	0.0405941	0.0217851
990	0.0332674	0.0401786	0.02175
991	0.0319839	0.0399347	0.0211367
992	0.0314644	0.0386986	0.0208754
993	0.0307766	0.0392934	0.0204311
994	0.0309684	0.038943	0.0205927
995	0.0304125	0.0380504	0.0203068
996	0.029731	0.0377126	0.0199368
997	0.0287319	0.0377814	0.0193611
998	0.0283369	0.0368679	0.0189059
999	0.0281355	0.0372575	0.0188176
1000	0.0270985	0.03643	0.0183173
1001	0.026781	0.0355904	0.0181184
1002	0.0258411	0.0349239	0.0175415
1003	0.025001	0.0331781	0.0168875
1004	0.0250872	0.0334745	0.017059
1005	0.0242135	0.0336298	0.0165906
1006	0.0237591	0.0325472	0.0162751
1007	0.0236306	0.0328915	0.0161964
1008	0.0232617	0.032542	0.0159668
1009	0.0229226	0.0326748	0.015882
1010	0.022523	0.0329751	0.015509
1011	0.0218854	0.0309959	0.0151406
1012	0.0217223	0.0311365	0.0148909
1013	0.0207821	0.0297872	0.0143448
1014	0.0209368	0.0304852	0.0143922
1015	0.0201635	0.0296111	0.0139151
1016	0.0191969	0.027906	0.0133727
1017	0.0190078	0.0282236	0.0132165
1018	0.0189258	0.0284601	0.0132783
1019	0.0182858	0.0275527	0.0128056
1020	0.018185	0.0277629	0.0127809
1021	0.0175528	0.0269442	0.0123997
1022	0.0171522	0.0268923	0.0121089
1023	0.0165064	0.0259949	0.0116586
1024	0.0164898	0.0262031	0.0117127
1025	0.015994	0.0252315	0.0113685
1026	0.0720926	0.0746538	0.0456847
1027	0.0963541	0.0840384	0.057493
1028	0.0947289	0.0826614	0.0562306
1029	0.0932547	0.0825115	0.055459
1030	0.0920649	0.0813548	0.0550161
1031	0.0908357	0.0823344	0.0544832
1032	0.090683	0.0812734	0.0544461
1033	0.0885383	0.0816401	0.0536864
1034	0.0863875	0.0798114	0.0522259
1035	0.0854264	0.0787357	0.0518999
1036	0.084459	0.0777081	0.0512964
1037	0.0829846	0.0777838	0.0505432
1038	0.0820898	0.0763195	0.0501422
1039	0.082796	0.0791987	0.0510555
1040	0.0808958	0.0774596	0.0492277
1041	0.080268	0.0763197	0.0489369
1042	0.078477	0.0746862	0.0477444
1043	0.0774146	0.0749121	0.0471506
1044	0.0764262	0.0746713	0.0472225
1045	0.0753678	0.074223	0.0468319
1046	0.0751575	0.0736935	0.0467718
1047	0.0734196	0.0734074	0.0454786
1048	0.0725149	0.0721967	0.04512
1049	0.0718104	0.071875	0.0448331
1050	0.0715597	0.0699193	0.0443861
1051	0.0703419	0.0712865	0.0437461
1052	0.0703098	0.0699183	0.043508
1053	0.0684653	0.0714597	0.0428781
1054	0.0669564	0.0703407	0.04235
1055	0.0655802	0.0681899	0.0413271
1056	0.0651353	0.0684973	0.0411648
1057	0.0645913	0.0700155	0.0408483
1058	0.0636131	0.0691881	0.0403802
1059	0.0631588	0.0670246	0.040461
1060	0.0616011	0.065554	0.0389387
1061	0.0605357	0.065483	0.0383738
1062	0.0596747	0.0646644	0.038028
1063	0.0598585	0.0644516	0.0384344
1064	0.0590238	0.0651544	0.0380634
1065	0.0571951	0.0622109	0.0366901
1066	0.0568761	0.06372	0.0368868
1067	0.0557462	0.0623916	0.0361788
1068	0.0549379	0.0623836	0.0357005
1069	0.0531059	0.0604345	0.0343337
1070	0.053443	0.0624385	0.0347125
1071	0.05271	0.060327	0.0343138
1072	0.0525079	0.060004	0.0342906
1073	0.0508973	0.0593995	0.0332411
1074	0.0500733	0.0579799	0.0327484
1075	0.0495723	0.0579586	0.0324739
1076	0.0492722	0.0576748	0.0323929
1077	0.0484054	0.0578581	0.031987
1078	0.0476804	0.0564634	0.0312081
1079	0.0465031	0.0549982	0.0306313
1080	0.0451081	0.0554415	0.0297667
1081	0.0447922	0.0552492	0.0296539
1082	0.0446454	0.0552171	0.0295724
1083	0.0430903	0.0547919	0.0286267
1084	0.0434811	0.05523	0.0290624
1085	0.0422739	0.0513836	0.0281447
1086	0.0418499	0.0537139	0.0278504
1087	0.040622	0.0507995	0.0272821
1088	0.0403814	0.0522187	0.0268917
1089	0.0399971	0.051555	0.0270333
1090	0.0393203	0.0504094	0.02658
1091	0.0384152	0.0498764	0.0259377
1092	0.037499	0.0499722	0.0255098
1093	0.0372048	0.049685	0.0253018
1094	0.0364049	0.0496611	0.0249164
1095	0.0362188	0.0479066	0.0246499
1096	0.0359362	0.0492655	0.0244607
1097	0.0350869	0.0478118	0.024066
1098	0.0347081	0.0470837	0.023813
1099	0.0336274	0.0473333	0.0231257
1100	0.0334592	0.0461356	0.0230265
1101	0.0327822	0.0439603	0.0223987
1102	0.0324834	0.0447197	0.0223046
1103	0.0320525	0.0452204	0.0221411
1104	0.0311725	0.0435006	0.0215114
1105	0.0305821	0.0420861	0.0210145
1106	0.0300966	0.0431394	0.0209456
1107	0.0295497	0.0423287	0.0206192
1108	0.0284329	0.0409617	0.0198196
1109	0.0283133	0.0405419	0.0199033
1110	0.0277883	0.040584	0.0194277
1111	0.0276069	0.0402628	0.0193569
1112	0.0267991	0.0397987	0.0188219
1113	0.0264187	0.0396027	0.0186096
1114	0.0263608	0.0396252	0.0187796
1115	0.0255054	0.0384345	0.0180539
1116	0.0252197	0.0390793	0.0179252
1117	0.0247661	0.0378433	0.0175633
1118	0.0246499	0.0386804	0.0174618
1119	0.0239795	0.0373632	0.0170242
1120	0.0236943	0.0374015	0.0170345
1121	0.0228297	0.0356608	0.0163138
1122	0.0226636	0.0358628	0.0162356
1123	0.0218321	0.0361981	0.0156852
1124	0.02186	0.0352158	0.0155859
1125	0.0212671	0.0348587	0.0153272
1126	0.0211903	0.0342907	0.0151557
1127	0.0206937	0.0336145	0.0150118
1128	0.0200476	0.0336489	0.014575
1129	0.0196364	0.0322033	0.0142236
1130	0.0196739	0.0331645	0.014285
1131	0.0190905	0.0318147	0.0139833
1132	0.0184936	0.0316305	0.0134615
1133	0.0179965	0.0307861	0.0131529
1134	0.0183546	0.0324656	0.013389
1135	0.017647	0.0305485	0.0129172
1136	0.0171971	0.0300771	0.0125644
1137	0.0167796	0.0294296	0.0123531
1138	0.0167273	0.0300951	0.0122862
1139	0.0162578	0.0291433	0.012088
1140	0.0160954	0.0288465	0.0118879
1141	0.0157308	0.0286699	0.0116906
1142	0.015227	0.0274145	0.0112344
1143	0.0149297	0.0272162	0.0110591
1144	0.0147881	0.0269158	0.0110259
1145	0.0145393	0.0270698	0.0108265
1146	0.01411	0.0265902	0.0106033
1147	0.0141674	0.0264928	0.0105769
1148	0.013827	0.02676	0.0102941
1149	0.0136078	0.0260511	0.0101848
1150	0.013127	0.0252648	0.00979231
1151	0.0132599	0.0254682	0.00992655
1152	0.0127638	0.024501	0.00959716
1153	0.0124482	0.0240252	0.0093643
1154	0.0120106	0.0241808	0.00906056
1155	0.0117703	0.023449	0.00892383
1156	0.011919	0.0234227	0.00902904
1157	0.0116433	0.0235085	0.00880325
1158	0.0106911	0.0219756	0.00807173
1159	0.0106697	0.0215764	0.00815534
1160	0.0107987	0.022619	0.00818226
1161	0.0105186	0.0223022	0.00800945
1162	0.010275	0.0217258	0.00778608
1163	0.0100712	0.0213082	0.00768294
1164	0.00982513	0.020402	0.00752083
1165	0.00963823	0.0206501	0.00738242
1166	0.00942043	0.0207669	0.00722943
1167	0.00935424	0.0209376	0.00721994
1168	0.00907033	0.0198903	0.00698681
1169	0.00887338	0.0200235	0.00686003
1170	0.00873628	0.0197252	0.00672827
1171	0.00839794	0.0186597	0.00649401
1172	0.00819372	0.0184769	0.00635166
1173	0.00820411	0.0182863	0.00635691
1174	0.00793723	0.0179875	0.00614332
1175	0.00774281	0.0176805	0.00602612
1176	0.00750252	0.01749	0.00586249
1177	0.00727297	0.0168989	0.00568467
1178	0.00738208	0.0176446	0.00576714
1179	0.00721635	0.0175325	0.00564094
1180	0.00714139	0.0171215	0.00559857
1181	0.00701161	0.0169815	0.00549711
1182	0.00683934	0.0167712	0.00540061
1183	0.00643288	0.0162192	0.0050788
1184	0.00628529	0.0151997	0.0049864
1185	0.00601319	0.0147133	0.00473341
1186	0.00591785	0.0143598	0.00466293
1187	0.00570592	0.0146009	0.00454452
1188	0.00562294	0.0143239	0.00447253
1189	0.00562648	0.0147633	0.00448657
1190	0.00535492	0.0139651	0.00425337
1191	0.0052356	0.0135396	0.00418325
1192	0.00528983	0.01357	0.0042186
1193	0.00514601	0.0139424	0.00409504
1194	0.00502167	0.0136415	0.00403499
1195	0.0050184	0.013861	0.00399063
1196	0.00474768	0.0127379	0.00382231
1197	0.00479945	0.0135479	0.00385824
1198	0.00455519	0.012877	0.00366175
1199	0.00438203	0.0118175	0.00352236
1200	0.00430237	0.0119889	0.00346782
1201	0.00413886	0.0117583	0.00334122
1202	0.0043045	0.01227	0.00348407
1203	0.00414446	0.0121262	0.00334974
1204	0.00390353	0.0113841	0.00315791
1205	0.00387863	0.0117302	0.00316915
1206	0.00373791	0.0109068	0.00303255
1207	0.00356054	0.0108399	0.00289847
1208	0.0035398	0.0104502	0.00287541
1209	0.00344412	0.0105137	0.00281783
1210	0.00333658	0.0105054	0.00273271
1211	0.00339833	0.0107913	0.00278431
1212	0.00317658	0.0101915	0.00258292
1213	0.0031818	0.0101801	0.00262444
1214	0.00318502	0.0101205	0.00262322
1215	0.00321732	0.0102252	0.00263194
1216	0.632745	0.0751588	0.232927
1217	0.948296	0.0448179	0.352606
1218	0.959437	0.0349225	0.28841
1219	0.966815	0.0283313	0.235789
1220	0.972189	0.0235321	0.195184
1221	0.97624	0.0199281	0.163504
1222	0.979376	0.0171604	0.138238
1223	0.981859	0.0149912	0.11777
1224	0.983864	0.0132356	0.101791
1225	0.98551	0.0118014	0.0887713
1226	0.986882	0.0106225	0.0777478
1227	0.988039	0.00963228	0.068607
1228	0.989028	0.00879553	0.0608289
1229	0.989879	0.00807012	0.0544618
1230	0.990621	0.00743737	0.0491166
1231	0.991269	0.00688728	0.0445051
1232	0.991842	0.00640499	0.0404851
1233	0.992351	0.00597737	0.037011
1234	0.992806	0.0056017	0.0338714
1235	0.993215	0.00526201	0.0311829
1236	0.993583	0.0049572	0.0287945
1237	0.993918	0.00468062	0.0266977
1238	0.994223	0.00443289	0.0247703
1239	0.994501	0.00420604	0.0230671
1240	0.994757	0.00399889	0.0215335
1241	0.994992	0.00380856	0.0201561
1242	0.995209	0.00363343	0.0189113
1243	0.99541	0.0034706	0.0178005
1244	0.995596	0.00331985	0.0167896
1245	0.99577	0.00318196	0.0158354
1246	0.995932	0.00304987	0.0150109
1247	0.996083	0.00292981	0.0142178
1248	0.996225	0.00281778	0.0134864
1249	0.996357	0.00271216	0.0128231
1250	0.996482	0.0026135	0.0122062
1251	0.9966	0.0025196	0.011649
1252	0.99671	0.00243108	0.0111345
1253	0.996815	0.00234856	0.0106447
1254	0.996914	0.00227203	0.0101722
1255	0.997008	0.00219856	0.00974509
1256	0.997096	0.00212883	0.00934852
1257	0.997181	0.00206349	0.00896788
1258	0.997261	0.00200113	0.00861708
1259	0.997337	0.00194162	0.00828699
1260	0.99741	0.00188598	0.00796871
1261	0.99748	0.00183146	0.00768534
1262	0.997546	0.00178043	0.00740811
1263	0.997609	0.00173198	0.00714353
1264	0.99767	0.00168559	0.00689563
1265	0.997728	0.00164029	0.00666705
1266	0.997784	0.0015975	0.00644846
1267	0.997837	0.00155667	0.00623972
1268	0.997888	0.00151731	0.00604572
1269	0.997937	0.00147946	0.00586214
1270	0.997984	0.00144329	0.00568329
1271	0.998029	0.0014091	0.00550964
1272	0.998073	0.00137594	0.00534685
1273	0.998115	0.00134438	0.00518866
1274	0.998156	0.00131369	0.00504202
1275	0.998194	0.00128465	0.00489655
1276	0.998232	0.00125654	0.0047591
1277	0.998268	0.00122866	0.00463373
1278	0.998303	0.00120188	0.00451455
1279	0.998337	0.00117635	0.00439679
1280	0.99837	0.00115222	0.00427966
1281	0.998401	0.00112824	0.00417285
1282	0.998432	0.00110549	0.00406685
1283	0.998462	0.00108306	0.00396634
1284	0.99849	0.00106186	0.0038683
1285	0.998518	0.00104134	0.00377378
1286	0.998545	0.0010209	0.0036854
1287	0.998572	0.00100141	0.0035997
1288	0.998598	0.00098217	0.00351212
1289	0.998623	0.000964115	0.0034307
1290	0.998647	0.000946449	0.00335385
1291	0.99867	0.000929568	0.00327591
1292	0.998693	0.000913109	0.00320264
1293	0.998715	0.000896806	0.0031331
1294	0.998736	0.00088158	0.00306273
1295	0.998757	0.000866545	0.00299501
1296	0.998778	0.000851659	0.00293373
1297	0.998797	0.000837443	0.0028715
1298	0.998817	0.000823163	0.00281245
1299	0.998837	0.000808113	0.00274883
1300	0.998855	0.000795239	0.00269249
