600	5.52188e-09	1.60921e-05	5.52163e-09
601	1.21431e-08	4.2278e-05	1.21428e-08
602	5.45952e-09	1.72417e-05	5.45927e-09
603	6.80995e-09	2.27766e-05	6.80978e-09
604	6.28956e-09	2.10695e-05	6.28934e-09
605	8.90456e-09	2.93001e-05	8.9044e-09
606	4.7473e-09	1.3854e-05	4.74723e-09
607	7.58668e-09	2.38825e-05	7.58645e-09
608	6.44608e-09	2.06429e-05	6.44597e-09
609	8.14467e-09	2.71332e-05	8.14452e-09
610	6.61986e-09	2.1407e-05	6.61968e-09
611	6.03442e-09	2.00759e-05	6.0343e-09
612	4.79241e-09	1.48463e-05	4.79227e-09
613	8.22343e-09	2.71293e-05	8.22334e-09
614	6.84674e-09	2.16943e-05	6.84667e-09
615	6.46767e-09	2.15878e-05	6.46756e-09
616	5.83956e-09	1.84087e-05	5.83927e-09
617	4.00153e-09	1.2319e-05	4.00143e-09
618	4.84983e-09	1.51639e-05	4.84977e-09
619	5.09741e-09	1.46736e-05	5.09734e-09
620	3.07027e-09	8.35765e-06	3.0702e-09
621	4.27464e-09	1.25243e-05	4.27458e-09
622	4.35558e-09	1.29125e-05	4.3555e-09
623	4.95951e-09	1.47658e-05	4.95945e-09
624	3.6106e-09	1.12201e-05	3.61054e-09
625	3.97496e-09	1.19457e-05	3.9749e-09
626	3.49021e-09	1.08216e-05	3.49017e-09
627	3.0148e-09	8.02252e-06	3.01475e-09
628	4.376e-09	1.34144e-05	4.37597e-09
629	2.82376e-09	7.98631e-06	2.82374e-09
630	3.29032e-09	1.01547e-05	3.2903e-09
631	3.27342e-09	9.93088e-06	3.27341e-09
632	2.24772e-09	5.815e-06	2.24771e-09
633	2.21239e-09	5.95803e-06	2.21237e-09
634	3.35827e-09	9.54388e-06	3.35825e-09
635	2.77084e-09	8.20662e-06	2.77081e-09
636	3.85736e-09	1.15932e-05	3.85734e-09
637	5.26359e-09	1.76368e-05	5.26329e-09
638	5.17568e-09	1.63346e-05	5.17542e-09
639	4.26323e-09	1.22737e-05	4.26292e-09
640	3.65285e-09	1.0576e-05	3.65255e-09
641	6.64523e-09	2.02078e-05	6.64481e-09
642	5.78802e-09	1.70373e-05	5.78764e-09
643	4.51357e-09	1.3456e-05	4.51331e-09
644	8.45928e-09	2.37063e-05	8.45906e-09
645	6.89304e-09	1.57279e-05	6.89272e-09
646	6.38211e-09	1.36738e-05	6.38159e-09
647	1.06479e-08	2.6575e-05	1.06474e-08
648	9.29471e-09	2.51752e-05	9.29431e-09
649	1.58774e-08	4.45986e-05	1.58769e-08
650	2.0153e-08	6.0464e-05	2.01517e-08
651	1.29784e-08	3.5113e-05	1.29774e-08
652	1.5333e-08	4.28633e-05	1.53319e-08
653	1.75768e-08	4.90267e-05	1.75755e-08
654	1.59156e-08	4.62976e-05	1.59144e-08
655	1.06299e-08	2.42947e-05	1.06296e-08
656	7.56494e-09	1.77837e-05	7.56426e-09
657	1.15302e-08	2.84462e-05	1.15294e-08
658	1.32637e-08	3.73041e-05	1.32628e-08
659	1.4288e-08	3.89596e-05	1.42871e-08
660	1.44709e-08	3.8664e-05	1.44704e-08
661	1.49687e-08	4.35095e-05	1.49675e-08
662	1.00595e-08	2.32531e-05	1.00587e-08
663	6.55507e-09	1.20554e-05	6.55474e-09
664	1.41101e-08	3.28147e-05	1.41089e-08
665	1.04768e-08	2.1588e-05	1.0476e-08
666	1.44961e-08	3.31024e-05	1.44945e-08
667	1.39587e-08	3.03546e-05	1.39579e-08
668	1.64221e-08	3.34083e-05	1.64212e-08
669	1.05846e-08	2.03874e-05	1.0584e-08
670	1.01794e-08	1.90056e-05	1.01788e-08
671	1.17406e-08	2.43883e-05	1.17398e-08
672	8.29407e-09	1.30978e-05	8.29359e-09
673	1.34015e-08	2.51656e-05	1.3401e-08
674	1.46219e-08	2.49862e-05	1.46215e-08
675	1.1567e-08	1.83404e-05	1.15666e-08
676	1.11967e-08	1.82451e-05	1.11962e-08
677	1.55294e-08	2.99413e-05	1.55282e-08
678	1.46917e-08	2.9841e-05	1.46914e-08
679	1.43346e-08	2.54007e-05	1.4334e-08
680	9.63704e-09	1.67627e-05	9.63598e-09
681	1.16231e-08	1.97819e-05	1.16224e-08
682	1.30685e-08	2.17977e-05	1.30677e-08
683	8.92025e-09	1.49005e-05	8.91947e-09
684	1.29417e-08	2.05e-05	1.29409e-08
685	1.42349e-08	2.44872e-05	1.42337e-08
686	1.01348e-08	1.48787e-05	1.01341e-08
687	9.33933e-09	1.51972e-05	9.33825e-09
688	8.82282e-09	1.19034e-05	8.82226e-09
689	9.98873e-09	1.39496e-05	9.98785e-09
690	1.20475e-08	1.73411e-05	1.20462e-08
691	1.24313e-08	1.79735e-05	1.24301e-08
692	1.07353e-08	1.54466e-05	1.07346e-08
693	1.41443e-08	2.19113e-05	1.41424e-08
694	9.33581e-09	1.34638e-05	9.33483e-09
695	1.26257e-08	1.82925e-05	1.26241e-08
696	1.14142e-08	1.89309e-05	1.14128e-08
697	1.13204e-08	1.66015e-05	1.13194e-08
698	8.49315e-09	1.15959e-05	8.49209e-09
699	9.70754e-09	1.54872e-05	9.70625e-09
700	9.83975e-09	1.49145e-05	9.83843e-09
701	1.05547e-08	1.48114e-05	1.05538e-08
702	8.03938e-09	9.92155e-06	8.03863e-09
703	8.37809e-09	1.09033e-05	8.37727e-09
704	1.40141e-08	2.17296e-05	1.40108e-08
705	1.01795e-08	1.44329e-05	1.01782e-08
706	1.14552e-08	1.64619e-05	1.1454e-08
707	8.65753e-09	1.10611e-05	8.65659e-09
708	1.19305e-08	1.62589e-05	1.1929e-08
709	1.07918e-08	1.50735e-05	1.07905e-08
710	1.32767e-08	1.99512e-05	1.32751e-08
711	1.19792e-08	1.64033e-05	1.19767e-08
712	9.29087e-09	1.15558e-05	9.28927e-09
713	1.10117e-08	1.53913e-05	1.1009e-08
714	6.69477e-09	7.19226e-06	6.69312e-09
715	9.88508e-09	1.25653e-05	9.88287e-09
716	1.15321e-08	1.45542e-05	1.15302e-08
717	9.98332e-09	1.18069e-05	9.98123e-09
718	8.28609e-09	1.15023e-05	8.28451e-09
719	8.69745e-09	9.68422e-06	8.69535e-09
720	7.67107e-09	9.29911e-06	7.67012e-09
721	8.57426e-09	9.64692e-06	8.57266e-09
722	9.71413e-09	1.12314e-05	9.71219e-09
723	6.97034e-09	7.24686e-06	6.96902e-09
724	5.4447e-09	5.80579e-06	5.44359e-09
725	7.11243e-09	7.11712e-06	7.111e-09
726	1.03208e-08	1.2429e-05	1.03188e-08
727	8.00362e-09	7.69554e-06	8.00221e-09
728	5.08014e-09	4.23381e-06	5.07925e-09
729	7.17554e-09	7.17115e-06	7.17343e-09
730	6.81658e-09	6.45073e-06	6.81549e-09
731	6.98265e-09	7.05017e-06	6.98097e-09
732	8.92243e-09	8.98648e-06	8.91966e-09
733	6.64491e-09	6.05583e-06	6.64356e-09
734	6.40051e-09	5.85239e-06	6.39871e-09
735	5.74368e-09	5.5347e-06	5.74202e-09
736	6.96914e-09	7.33925e-06	6.96744e-09
737	6.91209e-09	6.59852e-06	6.91069e-09
738	7.53633e-09	6.55608e-06	7.53498e-09
739	5.88169e-09	5.31929e-06	5.87985e-09
740	4.77398e-09	3.5374e-06	4.77264e-09
741	6.62915e-09	6.60035e-06	6.62723e-09
742	6.06763e-09	5.46912e-06	6.06622e-09
743	5.72449e-09	6.33866e-06	5.72309e-09
744	7.07723e-09	6.71092e-06	7.0749e-09
745	8.73516e-09	7.80563e-06	8.73269e-09
746	9.0146e-09	8.18079e-06	9.01202e-09
747	8.69294e-09	7.04396e-06	8.69113e-09
748	9.05485e-09	6.89243e-06	9.05192e-09
749	9.51601e-09	7.62241e-06	9.51329e-09
750	7.78733e-09	5.99183e-06	7.78367e-09
751	7.13336e-09	4.61084e-06	7.13105e-09
752	7.58163e-09	5.51097e-06	7.57872e-09
753	4.98589e-09	3.02161e-06	4.98431e-09
754	8.20567e-09	5.25983e-06	8.20303e-09
755	9.83746e-09	6.95853e-06	9.83309e-09
756	7.18348e-09	4.34254e-06	7.17932e-09
757	8.42435e-09	5.66805e-06	8.42084e-09
758	6.4736e-09	2.95202e-06	6.47049e-09
759	1.04337e-08	6.29487e-06	1.04286e-08
760	9.30982e-09	4.99068e-06	9.30548e-09
761	1.24479e-08	7.42714e-06	1.24405e-08
762	9.98852e-09	5.36035e-06	9.98369e-09
763	1.5117e-08	1.27815e-05	1.51093e-08
764	1.27369e-08	6.45713e-06	1.27311e-08
765	1.84382e-08	1.54309e-05	1.84243e-08
766	1.92106e-08	1.20433e-05	1.91987e-08
767	2.20279e-08	1.44151e-05	2.20169e-08
768	2.97694e-08	1.91829e-05	2.97471e-08
769	2.63899e-08	1.93232e-05	2.63771e-08
770	1.67719e-08	7.85934e-06	1.67625e-08
771	3.14859e-08	2.38597e-05	3.14631e-08
772	2.50673e-08	1.58788e-05	2.50492e-08
773	2.49516e-08	1.42181e-05	2.49334e-08
774	2.45475e-08	1.29634e-05	2.45302e-08
775	2.8598e-08	1.50703e-05	2.85782e-08
776	1.95762e-08	7.05851e-06	1.95608e-08
777	3.18741e-08	1.42894e-05	3.18539e-08
778	2.07346e-08	7.74754e-06	2.0718e-08
779	2.86446e-08	1.42196e-05	2.86242e-08
780	2.51487e-08	1.24704e-05	2.5128e-08
781	4.36701e-08	2.92955e-05	4.36397e-08
782	3.86325e-08	2.2671e-05	3.86089e-08
783	3.1374e-08	1.14148e-05	3.13419e-08
784	3.78836e-08	2.23412e-05	3.78491e-08
785	3.35496e-08	1.51995e-05	3.35196e-08
786	3.64788e-08	2.00399e-05	3.64498e-08
787	2.8075e-08	8.71778e-06	2.80535e-08
788	3.88592e-08	1.76005e-05	3.88274e-08
789	3.67168e-08	1.14121e-05	3.66872e-08
790	4.63905e-08	1.68295e-05	4.63474e-08
791	4.39849e-08	1.91344e-05	4.39435e-08
792	3.25051e-08	9.03931e-06	3.24682e-08
793	3.32907e-08	1.01301e-05	3.3259e-08
794	5.45075e-08	1.70689e-05	5.4446e-08
795	6.95636e-08	3.25044e-05	6.94853e-08
796	4.3599e-08	1.13261e-05	4.35537e-08
797	4.06723e-08	1.0713e-05	4.06287e-08
798	5.70124e-08	1.81859e-05	5.69518e-08
799	9.80742e-08	3.9391e-05	9.79511e-08
800	9.90628e-08	4.08877e-05	9.89292e-08
801	7.36417e-08	2.31024e-05	7.35357e-08
802	7.33816e-08	2.08397e-05	7.32887e-08
803	9.25739e-08	3.08127e-05	9.24243e-08
804	1.13522e-07	4.12185e-05	1.13333e-07
805	7.29293e-08	1.71485e-05	7.28291e-08
806	1.2394e-07	5.10564e-05	1.2374e-07
807	8.23251e-08	1.68523e-05	8.21774e-08
808	9.04506e-08	1.80546e-05	9.02936e-08
809	1.04805e-07	2.37982e-05	1.04608e-07
810	1.51809e-07	3.56274e-05	1.51554e-07
811	1.53147e-07	3.21879e-05	1.52895e-07
812	1.23854e-07	2.22059e-05	1.23623e-07
813	2.01038e-07	4.61162e-05	2.00728e-07
814	1.55877e-07	3.13886e-05	1.55635e-07
815	1.63216e-07	2.95509e-05	1.62908e-07
816	2.03467e-07	5.17687e-05	2.02985e-07
817	2.46521e-07	5.75204e-05	2.46037e-07
818	2.19591e-07	4.81705e-05	2.19098e-07
819	2.19379e-07	4.27636e-05	2.18866e-07
820	2.34138e-07	3.64626e-05	2.33683e-07
821	2.97477e-07	4.60253e-05	2.9681e-07
822	3.22982e-07	6.00326e-05	3.2213e-07
823	3.44985e-07	4.58113e-05	3.44104e-07
824	4.05547e-07	5.88581e-05	4.04473e-07
825	4.48192e-07	6.62541e-05	4.47001e-07
826	4.80525e-07	8.20646e-05	4.79205e-07
827	5.2827e-07	6.88572e-05	5.26532e-07
828	5.7817e-07	7.39858e-05	5.76427e-07
829	6.13738e-07	8.81221e-05	6.118e-07
830	7.55918e-07	0.000112718	7.53095e-07
831	9.93792e-07	0.000123589	9.90719e-07
832	1.03402e-06	0.000133601	1.03014e-06
833	1.0413e-06	0.000125348	1.0375e-06
834	9.91698e-07	0.000107417	9.88499e-07
835	1.06473e-06	0.000110628	1.0606e-06
836	1.09345e-06	0.000122445	1.089e-06
837	1.1513e-06	0.000112258	1.14686e-06
838	1.44497e-06	0.000142763	1.43926e-06
839	1.55476e-06	0.000160008	1.54783e-06
840	1.63228e-06	0.000154681	1.62539e-06
841	2.03955e-06	0.000224555	2.03056e-06
842	1.85575e-06	0.00014198	1.84684e-06
843	2.21422e-06	0.000201782	2.20196e-06
844	2.2998e-06	0.000201923	2.28755e-06
845	2.18064e-06	0.000171611	2.16926e-06
846	2.5545e-06	0.000199911	2.5402e-06
847	2.90988e-06	0.000243116	2.89394e-06
848	3.04336e-06	0.000226662	3.02634e-06
849	3.49511e-06	0.000229598	3.47494e-06
850	3.28818e-06	0.000216178	3.26698e-06
851	4.32867e-06	0.000247713	4.29918e-06
852	3.94761e-06	0.000213993	3.92188e-06
853	4.55593e-06	0.00026903	4.52291e-06
854	4.9099e-06	0.000260819	4.87378e-06
855	5.9674e-06	0.000345572	5.91949e-06
856	7.06886e-06	0.000431116	7.01162e-06
857	7.0843e-06	0.000323831	7.02294e-06
858	8.32248e-06	0.000389185	8.246e-06
859	8.19563e-06	0.000322179	8.12598e-06
860	1.0013e-05	0.000452555	9.91619e-06
861	1.20748e-05	0.000527179	1.19497e-05
862	1.12336e-05	0.000451101	1.11185e-05
863	1.33539e-05	0.000545533	1.32155e-05
864	1.31652e-05	0.000556624	1.30186e-05
865	1.43876e-05	0.00046164	1.42238e-05
866	1.64075e-05	0.000526247	1.62096e-05
867	1.79787e-05	0.000593545	1.7741e-05
868	2.18041e-05	0.000700378	2.15079e-05
869	2.25652e-05	0.000600256	2.2272e-05
870	2.51398e-05	0.000633571	2.47677e-05
871	2.58531e-05	0.000612721	2.54717e-05
872	3.25545e-05	0.000798448	3.20242e-05
873	3.51255e-05	0.000888491	3.45074e-05
874	3.81805e-05	0.000853714	3.75011e-05
875	4.32652e-05	0.000957688	4.24704e-05
876	4.60167e-05	0.000858915	4.51341e-05
877	5.42989e-05	0.00100952	5.3195e-05
878	5.91306e-05	0.0010982	5.78669e-05
879	6.68034e-05	0.00115661	6.53222e-05
880	7.2839e-05	0.0011666	7.11246e-05
881	8.1661e-05	0.00132523	7.9629e-05
882	9.3649e-05	0.00137995	9.11607e-05
883	0.000108576	0.00157746	0.000105547
884	0.000117949	0.00157917	0.000114756
885	0.000130187	0.0016211	0.000126383
886	0.000146541	0.00184164	0.00014176
887	0.000163554	0.00196591	0.000158036
888	0.000184275	0.00208023	0.00017764
889	0.000210797	0.00226809	0.000202906
890	0.000229088	0.00232874	0.000219986
891	0.00026644	0.00248779	0.000255368
892	0.000290558	0.00256402	0.000277782
893	0.000334265	0.00285932	0.000318341
894	0.000380278	0.00300376	0.000361609
895	0.000426291	0.00325588	0.000403559
896	0.000464819	0.00320446	0.000439369
897	0.000535768	0.00360527	0.000503186
898	0.000589079	0.00372918	0.000551074
899	0.000678242	0.00415511	0.000630494
900	0.000762193	0.00462721	0.000704213
901	0.000844928	0.0043716	0.000779284
902	0.000962745	0.00491622	0.000879342
903	0.00109204	0.00494136	0.000992836
904	0.00123265	0.00528736	0.00111039
905	0.00139649	0.00562926	0.00124881
906	0.00156536	0.00597308	0.00138535
907	0.00183586	0.00662973	0.00160973
908	0.00211656	0.00703183	0.00181736
909	0.00241222	0.00742831	0.00205114
910	0.00260318	0.0075484	0.00218147
911	0.00302263	0.00799761	0.00248412
912	0.00350977	0.00881562	0.00281857
913	0.00396137	0.00952835	0.00311247
914	0.00445406	0.00977805	0.00342033
915	0.00505072	0.0105787	0.0037915
916	0.00558603	0.0106185	0.00411694
917	0.00618013	0.0120176	0.00451631
918	0.00655251	0.0118948	0.00475597
919	0.00718526	0.0125802	0.00518559
920	0.00754826	0.0136938	0.00542466
921	0.00789864	0.0138293	0.00561279
922	0.00812335	0.0137053	0.00584851
923	0.0088063	0.0146556	0.00625925
924	0.00952253	0.0155719	0.00678172
925	0.00914846	0.0150515	0.00651216
926	0.00960573	0.0156285	0.00682997
927	0.0112525	0.0174478	0.00793779
928	0.0108161	0.0174752	0.00761986
929	0.0102297	0.0166833	0.00720031
930	0.0100679	0.0164388	0.00711528
931	0.012422	0.019609	0.00867381
932	0.0131015	0.0206379	0.00913734
933	0.0123971	0.019421	0.00867918
934	0.0122114	0.0190389	0.00854592
935	0.0118964	0.0188243	0.00838591
936	0.0115574	0.0187192	0.00809602
937	0.0112976	0.0187902	0.00801888
938	0.0147862	0.0224834	0.0102374
939	0.0162378	0.0236628	0.0111767
940	0.0154671	0.0225537	0.0106203
941	0.0152722	0.0224175	0.0105465
942	0.015281	0.0223336	0.0106338
943	0.0145474	0.0215129	0.0101042
944	0.0142474	0.0214213	0.00995551
945	0.013965	0.0214206	0.00967116
946	0.013616	0.0206083	0.0094989
947	0.0133903	0.0199353	0.00935289
948	0.012862	0.019977	0.00903965
949	0.0126645	0.0193373	0.00883996
950	0.01942	0.0267097	0.0132772
951	0.0219218	0.0295105	0.0148742
952	0.0212796	0.0288044	0.0143347
953	0.0209359	0.0288091	0.014316
954	0.020329	0.0278148	0.0138855
955	0.0202817	0.0285193	0.0138638
956	0.0197221	0.0278346	0.0134728
957	0.0191576	0.0268736	0.0131246
958	0.0190144	0.0270495	0.0129476
959	0.0182025	0.0258246	0.0125549
960	0.0179455	0.0258882	0.0123
960	0.0179455	0.0258882	0.0123
961	0.0174871	0.0246907	0.0121316
962	0.017476	0.0257679	0.011926
963	0.0168467	0.0249695	0.0117699
964	0.016194	0.0244976	0.0113013
965	0.015549	0.0228046	0.0108029
966	0.015605	0.0235641	0.010854
967	0.015345	0.0230095	0.0107109
968	0.0149495	0.0230921	0.010584
969	0.0145094	0.0217048	0.0101395
970	0.0144351	0.0226887	0.0102058
971	0.0137337	0.0215193	0.0096956
972	0.0137715	0.0215592	0.00969449
973	0.0327385	0.0407419	0.0214975
974	0.034862	0.0417208	0.022694
975	0.0335307	0.0416737	0.0219699
976	0.0333743	0.04051	0.0218547
977	0.0332162	0.0403654	0.0218143
978	0.0316288	0.0378965	0.0209904
979	0.0312739	0.0377884	0.0206702
980	0.0308205	0.0395217	0.0204932
981	0.0308241	0.0389822	0.02028
982	0.030144	0.0381826	0.0199691
983	0.0293287	0.0374832	0.0195873
984	0.0286037	0.0371438	0.0191988
985	0.0285144	0.0372648	0.0192105
986	0.027645	0.0359948	0.0184853
987	0.0270391	0.0368654	0.0182344
988	0.0263906	0.0352674	0.0178344
989	0.0255701	0.0341734	0.0172158
990	0.0253969	0.033462	0.017158
991	0.0247635	0.0329705	0.0168289
992	0.023923	0.0330198	0.0163189
993	0.0236007	0.0326246	0.0161504
994	0.0233842	0.0330573	0.0160831
995	0.0232804	0.0322303	0.0158528
996	0.0225327	0.032661	0.0156454
997	0.0224356	0.0317471	0.0154729
998	0.0217628	0.0311326	0.0148004
999	0.0211927	0.029803	0.0145304
1000	0.0208309	0.0300893	0.0143886
1001	0.0204714	0.0296709	0.0140016
1002	0.0196822	0.0281476	0.0135784
1003	0.019022	0.0279378	0.0132262
1004	0.019027	0.0281749	0.013197
1005	0.0184455	0.0272106	0.0128643
1006	0.0184037	0.0273744	0.0128949
1007	0.0175916	0.0267816	0.0123434
1008	0.0173349	0.0269571	0.0121929
1009	0.0167076	0.0259837	0.0117365
1010	0.0163059	0.0253221	0.0115528
1011	0.0160502	0.0254489	0.0113988
1012	0.0156644	0.0251463	0.0112035
1013	0.0155119	0.0245282	0.0109965
1014	0.0154741	0.0257733	0.0110361
1015	0.0149139	0.0237389	0.0106106
1016	0.0143121	0.0234558	0.0102335
1017	0.0142585	0.0238956	0.0102743
1018	0.0139071	0.0235241	0.00996227
1019	0.0136706	0.0225838	0.00979024
1020	0.0130813	0.0218975	0.00942364
1021	0.0127868	0.0219161	0.00918603
1022	0.0125803	0.0213331	0.00908982
1023	0.0124383	0.021392	0.00897389
1024	0.0118839	0.0212525	0.0086899
1025	0.0119799	0.0215188	0.00876687
1026	0.0602383	0.0658801	0.0389081
1027	0.0801238	0.0758864	0.0487419
1028	0.0787361	0.0747692	0.0476418
1029	0.0772396	0.0739768	0.0468989
1030	0.0765094	0.0747185	0.0469356
1031	0.0752501	0.0738909	0.0463836
1032	0.0751634	0.0736519	0.0466155
1033	0.0735422	0.072904	0.0452796
1034	0.0725178	0.0716234	0.0449567
1035	0.0717965	0.0712445	0.044688
1036	0.0715498	0.0695012	0.0442114
1037	0.0703185	0.0705976	0.0436186
1038	0.0702281	0.0691784	0.0433839
1039	0.0684072	0.0707711	0.0425998
1040	0.0669498	0.0703731	0.0419461
1041	0.0652768	0.0674834	0.0409834
1042	0.0651922	0.0680857	0.0411676
1043	0.0644531	0.0690081	0.0408593
1044	0.0633708	0.0687202	0.0401062
1045	0.0630396	0.0669807	0.0400892
1046	0.0612391	0.0643395	0.0387118
1047	0.0602243	0.0652534	0.0381614
1048	0.0598013	0.0638266	0.0381439
1049	0.0597533	0.0639777	0.0381041
1050	0.0583378	0.0645574	0.0375457
1051	0.057107	0.0616677	0.0363924
1052	0.0567582	0.06233	0.0366228
1053	0.055583	0.0628404	0.0358325
1054	0.0544426	0.060416	0.0352062
1055	0.0531258	0.0600802	0.0342872
1056	0.0533502	0.0614895	0.0348163
1057	0.0527853	0.0597426	0.0342976
1058	0.0520373	0.0585952	0.0339476
1059	0.0507347	0.0572284	0.0331797
1060	0.0497626	0.057307	0.0324008
1061	0.0495707	0.0576678	0.032217
1062	0.0490134	0.0575935	0.032441
1063	0.0481325	0.0569838	0.0316411
1064	0.0473783	0.0552933	0.0311329
1065	0.0458142	0.0538599	0.0302958
1066	0.0455294	0.054898	0.0301559
1067	0.0447611	0.0544761	0.0297256
1068	0.0436896	0.0543126	0.0288994
1069	0.0432826	0.053914	0.0289187
1070	0.0430665	0.0533366	0.0287738
1071	0.0419577	0.0518088	0.0281444
1072	0.0412761	0.051686	0.0273432
1073	0.0406549	0.0511717	0.0272552
1074	0.0401588	0.0509032	0.0267052
1075	0.0395965	0.0511048	0.0267062
1076	0.0384867	0.0491192	0.0259981
1077	0.0383224	0.0494233	0.0258516
1078	0.0372607	0.0484294	0.0253009
1079	0.036663	0.0489567	0.0250097
1080	0.0364309	0.0471498	0.0247311
1081	0.0359593	0.0484271	0.024526
1082	0.0358035	0.0488539	0.0246364
1083	0.0345412	0.0460148	0.0235973
1084	0.0340539	0.0465053	0.0232962
1085	0.0335397	0.046199	0.0230656
1086	0.0328235	0.0445562	0.022617
1087	0.0325398	0.0450338	0.0223178
1088	0.0322165	0.043912	0.0220519
1089	0.0315056	0.043393	0.0215965
1090	0.0307781	0.0423337	0.0212573
1091	0.0301229	0.0425129	0.0207148
1092	0.0297352	0.0419226	0.0205322
1093	0.0287234	0.0411648	0.0199978
1094	0.0281719	0.0405571	0.019654
1095	0.0281687	0.0404902	0.0195468
1096	0.0274868	0.0404476	0.0191112
1097	0.0270938	0.0404374	0.0189394
1098	0.0262632	0.0389335	0.0183837
1099	0.0265401	0.0397639	0.0187611
1100	0.0256178	0.0382017	0.0180881
1101	0.0251969	0.0389487	0.0178085
1102	0.0248152	0.0375276	0.0175554
1103	0.024634	0.0381693	0.0174116
1104	0.0240428	0.0372053	0.0169808
1105	0.0237406	0.0373338	0.016995
1106	0.0228211	0.035306	0.0162267
1107	0.0227102	0.0352463	0.0163119
1108	0.0218594	0.0359848	0.0156523
1109	0.0218751	0.0349201	0.0155795
1110	0.0212692	0.0346165	0.0152822
1111	0.0211902	0.0339637	0.0151438
1112	0.0206528	0.0332334	0.0149662
1113	0.0199658	0.0331895	0.0145038
1114	0.019722	0.0320812	0.0142235
1115	0.0196327	0.0329124	0.0142607
1116	0.0189851	0.0318298	0.0138238
1117	0.0183434	0.0314518	0.0132775
1118	0.0179244	0.0303241	0.0131045
1119	0.0183777	0.0322276	0.0133987
1120	0.0175644	0.029715	0.0128725
1121	0.0169854	0.0297076	0.0123848
1122	0.0167727	0.0290272	0.0122636
1123	0.0165095	0.0293927	0.0121012
1124	0.0162158	0.0290749	0.0120538
1125	0.0160546	0.0284917	0.0118241
1126	0.0156231	0.0278846	0.0115922
1127	0.0150552	0.0270466	0.0110821
1128	0.0148297	0.0272251	0.0109338
1129	0.0147556	0.0265678	0.0109943
1130	0.0143892	0.0268533	0.0107341
1131	0.0142043	0.0264319	0.0105721
1132	0.0140522	0.0260591	0.0104196
1133	0.013645	0.0261212	0.0101546
1134	0.0134511	0.0254137	0.0100105
1135	0.0132295	0.0258264	0.00986579
1136	0.01306	0.0246658	0.00982583
1137	0.0126644	0.0242709	0.00950799
1138	0.0120997	0.024056	0.00909454
1139	0.0119694	0.0233145	0.00900182
1140	0.0118548	0.0232861	0.00899071
1141	0.0118057	0.0233379	0.00892732
1142	0.0112933	0.0225651	0.00860251
1143	0.0104979	0.0212151	0.00793666
1144	0.0106578	0.0219763	0.00808411
1145	0.010706	0.022392	0.00812227
1146	0.010439	0.0220194	0.007897
1147	0.010163	0.0212268	0.00767547
1148	0.00998611	0.0207841	0.00760271
1149	0.00970916	0.0207361	0.00739451
1150	0.00948993	0.0206691	0.00729822
1151	0.00931227	0.0204901	0.00710965
1152	0.00926606	0.020568	0.00712574
1153	0.00900604	0.0196015	0.00695062
1154	0.00890203	0.0194863	0.00685461
1155	0.00834435	0.0185326	0.00641759
1156	0.00833097	0.0184843	0.00643877
1157	0.00819247	0.0182151	0.00636902
1158	0.00803054	0.0182503	0.00621525
1159	0.00782133	0.0176595	0.00604647
1160	0.0075211	0.0173627	0.00587039
1161	0.00731727	0.0170109	0.00569885
1162	0.00736469	0.0172465	0.00574774
1163	0.00720594	0.0173129	0.00559566
1164	0.00719711	0.0171082	0.00562498
1165	0.0070404	0.0165941	0.00551023
1166	0.00687506	0.0171637	0.00541573
1167	0.00646368	0.0159857	0.00509678
1168	0.00637416	0.0153869	0.00504405
1169	0.00605429	0.0146051	0.00478239
1170	0.00587903	0.0140452	0.00464373
1171	0.00575538	0.0142792	0.00456557
1172	0.00561575	0.0144078	0.00447571
1173	0.00562468	0.0145602	0.00445507
1174	0.00535539	0.0137373	0.00425376
1175	0.00520567	0.0134717	0.00415266
1176	0.00529237	0.0135187	0.0042156
1177	0.00512678	0.0138857	0.00407615
1178	0.005035	0.0135135	0.00401941
1179	0.00501675	0.013843	0.0039806
1180	0.00474597	0.0125707	0.00381876
1181	0.00479161	0.0133707	0.00385059
1182	0.00454019	0.012727	0.00364917
1183	0.00435938	0.0116762	0.00349639
1184	0.00428241	0.0118408	0.0034462
1185	0.00411297	0.0115779	0.00331595
1186	0.00428343	0.0121439	0.00346079
1187	0.00408754	0.0119179	0.00330339
1188	0.00386691	0.0112469	0.00313124
1189	0.00383787	0.0115788	0.00312601
1190	0.00367056	0.010759	0.00297859
1191	0.00351335	0.0106469	0.00284815
1192	0.00349673	0.0103993	0.00283812
1193	0.0033787	0.0105563	0.00275939
1194	0.00325912	0.0101807	0.00266883
1195	0.00332104	0.0104977	0.00272242
1196	0.00308536	0.00988637	0.00251366
1197	0.00308014	0.0100943	0.00253403
1198	0.00299351	0.0095167	0.00245948
1199	0.0029303	0.00967803	0.00241368
1200	0.00287855	0.00931044	0.0023816
1201	0.00270482	0.0087027	0.00223417
1202	0.00266534	0.00873604	0.00220051
1203	0.00271291	0.00908063	0.00224727
1204	0.00250537	0.00868065	0.00207243
1205	0.00248404	0.00851873	0.00205807
1206	0.00247726	0.00821873	0.00205192
1207	0.00233193	0.00810134	0.00193627
1208	0.00230576	0.0077724	0.00191482
1209	0.00220767	0.00776005	0.00184362
1210	0.00218436	0.00806291	0.0018123
1211	0.00212261	0.00725801	0.00176763
1212	0.00215872	0.00744864	0.00180639
1213	0.00206357	0.00715803	0.0017268
1214	0.00201998	0.00737512	0.00169087
1215	0.00209042	0.00717964	0.00173761
1216	0.629632	0.0722878	0.222141
1217	0.949614	0.0432464	0.336425
1218	0.960301	0.0339108	0.272602
1219	0.967411	0.0276133	0.222895
1220	0.972653	0.0229816	0.182556
1221	0.976603	0.0194711	0.152755
1222	0.979644	0.0167932	0.129092
1223	0.982052	0.014692	0.110012
1224	0.983999	0.0129974	0.0948894
1225	0.985599	0.0116238	0.0822981
1226	0.986934	0.010472	0.0723214
1227	0.988062	0.00951239	0.0638343
1228	0.989026	0.00868877	0.0569343
1229	0.989859	0.00798419	0.0510411
1230	0.990584	0.00738145	0.0458468
1231	0.991221	0.00684472	0.0416248
1232	0.991784	0.00638077	0.0378085
1233	0.992285	0.00596581	0.0345724
1234	0.992734	0.0055978	0.0317103
1235	0.993138	0.00526515	0.0292459
1236	0.993503	0.00496682	0.0270451
1237	0.993835	0.00469783	0.0250763
1238	0.994138	0.00444885	0.0233927
1239	0.994415	0.00422401	0.0218476
1240	0.994669	0.00401917	0.0204416
1241	0.994904	0.00383029	0.0191847
1242	0.995121	0.00365519	0.0180569
1243	0.995321	0.00349355	0.0170321
1244	0.995508	0.00334437	0.0160842
1245	0.995682	0.00320657	0.0152102
1246	0.995845	0.00307767	0.0144183
1247	0.995997	0.00295745	0.0136885
1248	0.99614	0.00284304	0.0130284
1249	0.996273	0.00273748	0.0124101
1250	0.996399	0.0026387	0.011834
1251	0.996518	0.00254623	0.0112961
1252	0.99663	0.0024569	0.0108235
1253	0.996736	0.00237438	0.0103607
1254	0.996836	0.00229598	0.00993502
1255	0.99693	0.00222334	0.00952037
1256	0.99702	0.00215517	0.009125
1257	0.997106	0.00208822	0.00878121
1258	0.997187	0.00202652	0.0084374
1259	0.997264	0.0019664	0.00812986
1260	0.997338	0.00190995	0.007831
1261	0.997409	0.00185664	0.00754634
1262	0.997476	0.00180504	0.00728483
1263	0.99754	0.0017567	0.0070285
1264	0.997602	0.00170946	0.0067967
1265	0.997661	0.00166415	0.00657672
1266	0.997717	0.00162081	0.00636803
1267	0.997771	0.00158009	0.00616483
1268	0.997823	0.00154093	0.0059725
1269	0.997874	0.00150324	0.00578954
1270	0.997922	0.00146705	0.00561708
1271	0.997969	0.00143191	0.00544811
1272	0.998014	0.00139899	0.00528634
1273	0.998057	0.00136635	0.00513987
1274	0.998098	0.00133589	0.00499276
1275	0.998138	0.00130675	0.00485033
1276	0.998177	0.00127809	0.00471799
1277	0.998214	0.0012506	0.00459116
1278	0.99825	0.00122376	0.00447158
1279	0.998285	0.00119783	0.00435784
1280	0.998318	0.00117269	0.00424517
1281	0.998351	0.00114904	0.00413623
1282	0.998384	0.00112472	0.00402853
1283	0.998414	0.00110278	0.00392716
1284	0.998444	0.00108132	0.00383032
1285	0.998475	0.00105851	0.00372197
1286	0.998503	0.00103801	0.0036376
1287	0.99853	0.00101839	0.00355319
1288	0.998555	0.000999618	0.00347103
1289	0.998581	0.000980947	0.00339459
1290	0.998605	0.000963138	0.00331883
1291	0.99863	0.000944901	0.00324432
1292	0.998654	0.000928154	0.00317409
1293	0.998676	0.000911893	0.00310668
1294	0.998698	0.000895984	0.0030418
1295	0.998719	0.000880696	0.00297856
1296	0.99874	0.000865431	0.00292035
1297	0.99876	0.000850725	0.00286312
1298	0.99878	0.000836387	0.00280572
1299	0.998799	0.000822584	0.00275079
1300	0.998818	0.000809021	0.00269942
