600	6.13336e-11	2.52233e-07	6.13332e-11
601	5.77907e-11	2.37286e-07	5.77901e-11
602	4.91967e-11	2.00554e-07	4.91962e-11
603	4.11524e-11	1.84486e-07	4.11519e-11
604	5.08919e-11	2.12899e-07	5.08915e-11
605	5.48547e-11	2.26628e-07	5.48544e-11
606	6.00321e-11	2.45832e-07	6.00318e-11
607	3.62134e-11	1.47622e-07	3.62132e-11
608	4.75266e-11	1.81149e-07	4.75262e-11
609	1.76857e-11	5.87466e-08	1.76853e-11
610	3.7348e-11	1.33482e-07	3.73475e-11
611	4.28007e-11	1.5709e-07	4.27996e-11
612	4.00134e-11	1.40682e-07	4.00125e-11
613	3.01483e-11	1.02012e-07	3.01463e-11
614	3.91072e-11	1.37783e-07	3.91055e-11
615	4.06626e-11	1.39731e-07	4.066e-11
616	2.41736e-11	8.52719e-08	2.41712e-11
617	3.65356e-11	1.26468e-07	3.65326e-11
618	2.17755e-11	7.3642e-08	2.17738e-11
619	4.00276e-11	1.31134e-07	4.00258e-11
620	3.59887e-11	1.08794e-07	3.59867e-11
621	3.39645e-11	1.26933e-07	3.39619e-11
622	2.27538e-11	7.97824e-08	2.27526e-11
623	2.77135e-11	9.80024e-08	2.77115e-11
624	2.26937e-11	8.58135e-08	2.26907e-11
625	2.78867e-11	8.62411e-08	2.78846e-11
626	2.30069e-11	6.68632e-08	2.3005e-11
627	1.76887e-11	5.33242e-08	1.76867e-11
628	1.81064e-11	5.2787e-08	1.81049e-11
629	1.9014e-11	5.23249e-08	1.90127e-11
630	3.82026e-11	1.19811e-07	3.82002e-11
631	6.06748e-11	2.37904e-07	6.06686e-11
632	5.34473e-11	1.90931e-07	5.34433e-11
633	5.92912e-11	2.22095e-07	5.92887e-11
634	5.58479e-11	2.1942e-07	5.58444e-11
635	4.00831e-11	1.39772e-07	4.00791e-11
636	3.96133e-11	1.42675e-07	3.96105e-11
637	5.0505e-11	1.97474e-07	5.05013e-11
638	4.97466e-11	1.90056e-07	4.97436e-11
639	4.87322e-11	1.95488e-07	4.8729e-11
640	3.64769e-11	1.39532e-07	3.64739e-11
641	2.89179e-11	9.56062e-08	2.8915e-11
642	2.3155e-11	8.18215e-08	2.31526e-11
643	1.88205e-11	6.23499e-08	1.88183e-11
644	4.80176e-11	2.11967e-07	4.80132e-11
645	4.99304e-11	2.24404e-07	4.99265e-11
646	2.56209e-11	9.34626e-08	2.56196e-11
647	3.98554e-11	1.62864e-07	3.98502e-11
648	1.29973e-10	3.95387e-07	1.29967e-10
649	2.35355e-10	7.46984e-07	2.35346e-10
650	3.01007e-10	9.90067e-07	3.00997e-10
651	2.33321e-10	7.54569e-07	2.33307e-10
652	2.87744e-10	9.23332e-07	2.87737e-10
653	3.20772e-10	9.54694e-07	3.20764e-10
654	2.0055e-10	5.23957e-07	2.00541e-10
655	4.01652e-10	1.27866e-06	4.01644e-10
656	4.01043e-10	1.1422e-06	4.01035e-10
657	1.9151e-10	5.35882e-07	1.91504e-10
658	3.07236e-10	9.73599e-07	3.07231e-10
659	2.56869e-10	7.13224e-07	2.56863e-10
660	2.71386e-10	7.43504e-07	2.71379e-10
661	2.96188e-10	9.14008e-07	2.96184e-10
662	2.88843e-10	8.79523e-07	2.88837e-10
663	4.694e-10	1.59369e-06	4.69396e-10
664	6.81928e-10	2.80449e-06	6.81869e-10
665	1.28728e-09	5.26408e-06	1.28723e-09
666	8.51703e-10	3.36301e-06	8.51674e-10
667	8.46062e-10	3.27495e-06	8.46025e-10
668	9.67923e-10	3.85723e-06	9.67893e-10
669	9.81551e-10	4.04085e-06	9.81508e-10
670	1.33163e-09	5.72132e-06	1.33162e-09
671	1.01403e-09	4.32216e-06	1.01399e-09
672	4.5262e-10	1.65193e-06	4.52598e-10
673	7.13177e-10	2.65699e-06	7.13155e-10
674	7.16192e-10	2.53788e-06	7.16163e-10
675	1.44694e-09	5.62342e-06	1.44691e-09
676	1.52561e-09	5.90131e-06	1.52559e-09
677	1.21632e-09	4.66081e-06	1.21628e-09
678	5.47216e-10	1.93816e-06	5.47194e-10
679	7.30466e-10	2.73443e-06	7.30447e-10
680	1.56935e-09	6.29626e-06	1.56934e-09
681	1.29068e-09	5.13442e-06	1.29066e-09
682	1.22498e-09	4.79548e-06	1.22496e-09
683	1.20261e-09	4.72785e-06	1.2026e-09
684	2.14777e-09	8.47137e-06	2.14775e-09
685	9.05679e-10	3.49547e-06	9.05662e-10
686	1.79681e-09	7.11852e-06	1.79679e-09
687	2.5588e-09	1.03346e-05	2.55878e-09
688	6.58581e-10	2.52644e-06	6.58559e-10
689	1.07442e-09	4.62742e-06	1.07436e-09
690	1.89022e-09	6.60447e-06	1.89021e-09
691	1.89902e-09	6.59221e-06	1.89901e-09
692	9.07842e-10	3.07336e-06	9.07824e-10
693	1.03655e-09	3.49328e-06	1.03654e-09
694	9.32884e-10	3.20005e-06	9.32862e-10
695	1.22187e-09	4.22119e-06	1.22184e-09
696	9.66938e-10	3.32157e-06	9.66912e-10
697	1.87007e-09	6.48421e-06	1.87005e-09
698	9.35773e-10	3.20651e-06	9.35744e-10
699	1.10359e-09	3.83908e-06	1.10355e-09
700	2.0015e-09	6.91367e-06	2.00146e-09
701	2.09381e-09	7.79826e-06	2.09371e-09
702	1.4032e-09	5.14905e-06	1.40312e-09
703	1.63191e-09	5.31396e-06	1.63187e-09
704	6.9275e-10	2.18067e-06	6.92721e-10
705	1.07003e-09	3.46837e-06	1.07e-09
706	1.17786e-09	3.81941e-06	1.17781e-09
707	1.60065e-09	5.26968e-06	1.6006e-09
708	7.64903e-10	2.29299e-06	7.64862e-10
709	7.1347e-10	2.06025e-06	7.13425e-10
710	9.13665e-10	2.71256e-06	9.13604e-10
711	9.14793e-10	2.66305e-06	9.14718e-10
712	1.49854e-09	4.53356e-06	1.49846e-09
713	3.00531e-10	6.46186e-07	3.00479e-10
714	9.96623e-10	2.61329e-06	9.96559e-10
715	5.87281e-10	1.45339e-06	5.87208e-10
716	1.05926e-09	2.75573e-06	1.05919e-09
717	8.61369e-10	2.15365e-06	8.61296e-10
718	6.01361e-10	1.4384e-06	6.01308e-10
719	3.68638e-10	8.21688e-07	3.68573e-10
720	6.39666e-10	1.54406e-06	6.39543e-10
721	5.37544e-10	1.18802e-06	5.37469e-10
722	8.60252e-10	1.98933e-06	8.60115e-10
723	5.67917e-10	1.22822e-06	5.6781e-10
724	4.65519e-10	8.92933e-07	4.65454e-10
725	6.63821e-10	1.36912e-06	6.63729e-10
726	3.4829e-10	5.5496e-07	3.48214e-10
727	5.66335e-10	1.05433e-06	5.66286e-10
728	6.50947e-10	1.17539e-06	6.50866e-10
729	6.01327e-10	1.02059e-06	6.01255e-10
730	4.72406e-10	8.52216e-07	4.72348e-10
731	4.38939e-10	7.36088e-07	4.38874e-10
732	6.16886e-10	1.17329e-06	6.16745e-10
733	2.91305e-10	4.70478e-07	2.91259e-10
734	5.49949e-10	1.02264e-06	5.49862e-10
735	7.34748e-10	1.26394e-06	7.34654e-10
736	1.04537e-09	1.79271e-06	1.0451e-09
737	8.26904e-10	1.21202e-06	8.26793e-10
738	1.16107e-09	1.46615e-06	1.16088e-09
739	1.22541e-09	1.47686e-06	1.22514e-09
740	8.32125e-10	1.15625e-06	8.31942e-10
741	1.04695e-09	1.37365e-06	1.04674e-09
742	1.12157e-09	1.34823e-06	1.12128e-09
743	8.55068e-10	1.01795e-06	8.5494e-10
744	1.53249e-09	2.06171e-06	1.53196e-09
745	2.07714e-09	2.91046e-06	2.07643e-09
746	9.04689e-10	1.16847e-06	9.04379e-10
747	1.29937e-09	1.79001e-06	1.29895e-09
748	9.27787e-10	1.03757e-06	9.27408e-10
749	1.03491e-09	1.22338e-06	1.03452e-09
750	1.12069e-09	1.1992e-06	1.1203e-09
751	1.41629e-09	1.415e-06	1.41572e-09
752	1.14948e-09	1.07076e-06	1.1491e-09
753	1.94411e-09	2.29691e-06	1.9433e-09
754	2.43479e-09	2.6324e-06	2.43391e-09
755	2.48117e-09	3.20864e-06	2.48003e-09
756	2.57033e-09	3.01664e-06	2.5695e-09
757	1.79986e-09	1.59933e-06	1.7994e-09
758	3.68706e-09	3.82858e-06	3.68549e-09
759	2.86245e-09	2.84439e-06	2.86104e-09
760	2.45477e-09	2.20028e-06	2.45353e-09
761	3.31798e-09	3.51667e-06	3.31611e-09
762	2.53059e-09	2.20754e-06	2.52932e-09
763	2.95064e-09	2.10738e-06	2.94951e-09
764	2.16609e-09	1.52688e-06	2.16501e-09
765	2.79298e-09	2.16358e-06	2.79182e-09
766	3.7476e-09	2.74607e-06	3.74584e-09
767	2.88878e-09	1.88638e-06	2.88706e-09
768	2.59144e-09	1.72013e-06	2.59002e-09
769	2.8901e-09	2.27554e-06	2.88834e-09
770	3.52385e-09	2.79797e-06	3.52185e-09
771	3.73734e-09	3.6015e-06	3.73507e-09
772	3.02817e-09	1.80045e-06	3.02685e-09
773	4.10959e-09	2.6011e-06	4.10771e-09
774	3.5608e-09	2.21404e-06	3.55912e-09
775	4.76789e-09	2.86049e-06	4.76574e-09
776	7.51756e-09	5.74929e-06	7.51467e-09
777	7.85742e-09	7.5053e-06	7.85363e-09
778	8.47127e-09	6.64451e-06	8.46668e-09
779	6.94555e-09	3.78403e-06	6.94026e-09
780	8.60742e-09	5.23814e-06	8.60189e-09
781	6.11781e-09	3.20293e-06	6.11415e-09
782	5.94267e-09	3.34097e-06	5.93862e-09
783	6.71739e-09	3.59038e-06	6.71334e-09
784	1.0471e-08	6.15261e-06	1.04634e-08
785	8.96476e-09	4.88368e-06	8.95905e-09
786	6.66179e-09	3.47569e-06	6.65803e-09
787	9.38701e-09	4.39454e-06	9.38085e-09
788	1.50674e-08	1.16318e-05	1.50555e-08
789	1.91859e-08	1.75006e-05	1.91699e-08
790	1.6948e-08	1.36839e-05	1.69309e-08
791	1.51031e-08	8.54879e-06	1.50916e-08
792	1.47843e-08	9.91758e-06	1.47727e-08
793	1.855e-08	1.53695e-05	1.8531e-08
794	1.25528e-08	5.02392e-06	1.25408e-08
795	1.34974e-08	5.52594e-06	1.34817e-08
796	1.69194e-08	6.64819e-06	1.69031e-08
797	1.59387e-08	7.0087e-06	1.59257e-08
798	2.42536e-08	1.2016e-05	2.42335e-08
799	2.96511e-08	1.47176e-05	2.96267e-08
800	3.28325e-08	1.52285e-05	3.28041e-08
801	2.15522e-08	8.35188e-06	2.15275e-08
802	4.46599e-08	1.84099e-05	4.46212e-08
803	3.12732e-08	1.21761e-05	3.12468e-08
804	4.1485e-08	1.89802e-05	4.14365e-08
805	2.90583e-08	1.43326e-05	2.90257e-08
806	4.33538e-08	1.82624e-05	4.33003e-08
807	3.97753e-08	1.40857e-05	3.97222e-08
808	3.45604e-08	1.16304e-05	3.45145e-08
809	4.50616e-08	1.56353e-05	4.50111e-08
810	5.5249e-08	1.72239e-05	5.51775e-08
811	5.35119e-08	1.87558e-05	5.34187e-08
812	7.41467e-08	2.24513e-05	7.40124e-08
813	9.02203e-08	2.88612e-05	9.00797e-08
814	8.42379e-08	2.29203e-05	8.41067e-08
815	1.12032e-07	4.46839e-05	1.11839e-07
816	9.76785e-08	2.72313e-05	9.74918e-08
817	1.11607e-07	2.86459e-05	1.11433e-07
818	1.21262e-07	2.97035e-05	1.21016e-07
819	2.13676e-07	6.57273e-05	2.13269e-07
820	2.10387e-07	4.54519e-05	2.10035e-07
821	2.65884e-07	7.32961e-05	2.65432e-07
822	2.09224e-07	4.7414e-05	2.08786e-07
823	2.57633e-07	6.21755e-05	2.57176e-07
824	2.5277e-07	5.44302e-05	2.52311e-07
825	2.83959e-07	6.95639e-05	2.83323e-07
826	2.77308e-07	6.65485e-05	2.76743e-07
827	3.58659e-07	7.47664e-05	3.57888e-07
828	4.02259e-07	8.33712e-05	4.01231e-07
829	3.34954e-07	5.87091e-05	3.34099e-07
830	5.13137e-07	0.000132707	5.12007e-07
831	4.22215e-07	6.64821e-05	4.21241e-07
832	4.39814e-07	7.06327e-05	4.38565e-07
833	5.30517e-07	9.16082e-05	5.29064e-07
834	4.72564e-07	7.86195e-05	4.71062e-07
835	6.00943e-07	9.29509e-05	5.99317e-07
836	6.26966e-07	0.00010086	6.25072e-07
837	7.3583e-07	0.000123825	7.33463e-07
838	7.91964e-07	0.00010998	7.89314e-07
839	8.44387e-07	0.000122588	8.41396e-07
840	9.05966e-07	0.000121692	9.02228e-07
841	9.84322e-07	0.000113617	9.79996e-07
842	9.04193e-07	0.000118455	9.00344e-07
843	1.09617e-06	0.000120167	1.09208e-06
844	1.18184e-06	0.000132752	1.1767e-06
845	1.24155e-06	0.000120373	1.23626e-06
846	1.2771e-06	0.000117243	1.27136e-06
847	1.32581e-06	0.000121257	1.31888e-06
848	1.48266e-06	0.00012229	1.47476e-06
849	1.62e-06	0.000114691	1.61113e-06
850	2.00006e-06	0.00017642	1.98749e-06
851	1.83429e-06	0.000142036	1.82277e-06
852	2.12202e-06	0.000156453	2.10836e-06
853	1.95029e-06	0.000138597	1.93847e-06
854	2.71162e-06	0.000209934	2.69539e-06
855	3.01779e-06	0.000226151	2.99678e-06
856	3.32754e-06	0.00024252	3.30402e-06
857	3.68778e-06	0.000232572	3.66139e-06
858	4.17331e-06	0.000242156	4.14149e-06
859	4.1279e-06	0.000214869	4.09603e-06
860	4.61481e-06	0.000236297	4.57392e-06
861	5.12805e-06	0.000300066	5.08311e-06
862	5.89032e-06	0.000304536	5.83965e-06
863	5.9032e-06	0.00027983	5.84629e-06
864	7.07728e-06	0.000308291	7.00284e-06
865	8.24288e-06	0.000340433	8.15034e-06
866	8.18286e-06	0.000352274	8.09889e-06
867	1.00758e-05	0.000436404	9.95909e-06
868	1.06785e-05	0.000367893	1.05459e-05
869	1.27615e-05	0.000500185	1.25981e-05
870	1.45294e-05	0.000518339	1.43378e-05
871	1.60197e-05	0.000516826	1.58086e-05
872	1.72837e-05	0.000532404	1.70414e-05
873	1.75148e-05	0.000493356	1.7261e-05
874	2.1763e-05	0.000585615	2.14307e-05
875	2.48811e-05	0.000720509	2.44738e-05
876	2.6746e-05	0.000701722	2.62776e-05
877	3.0557e-05	0.000752368	2.99916e-05
878	3.16652e-05	0.00073736	3.10701e-05
879	4.0368e-05	0.000982969	3.9529e-05
880	4.23352e-05	0.000859351	4.14421e-05
881	4.77955e-05	0.000919516	4.67931e-05
882	5.54768e-05	0.00105943	5.42415e-05
883	6.12646e-05	0.00105786	5.97971e-05
884	7.08629e-05	0.00118894	6.90692e-05
885	7.44169e-05	0.00111281	7.24006e-05
886	8.39223e-05	0.0011879	8.14547e-05
887	9.37939e-05	0.00128319	9.10893e-05
888	0.000106761	0.00155996	0.000103245
889	0.000123425	0.00150509	0.000119339
890	0.000137386	0.00164867	0.000132636
891	0.000158849	0.00180808	0.000152998
892	0.000170269	0.00164559	0.000163471
893	0.000203057	0.00212093	0.000194324
894	0.000217294	0.00196587	0.000207442
895	0.00025439	0.00220007	0.000242687
896	0.000295503	0.00250508	0.000279638
897	0.000322688	0.0024236	0.000305307
898	0.000362093	0.00263353	0.000341533
899	0.0004035	0.00278555	0.000377399
900	0.000484834	0.00304177	0.000452861
901	0.000544844	0.00339975	0.000505078
902	0.000607698	0.00350045	0.000559529
903	0.000670016	0.00366343	0.000613807
904	0.000783709	0.00387873	0.000712957
905	0.000907766	0.00417785	0.000819283
906	0.00100987	0.00427158	0.000901626
907	0.00118401	0.00450617	0.00104764
908	0.00135133	0.0051972	0.00117892
909	0.00153338	0.005405	0.0013241
910	0.00174621	0.00556839	0.00148601
911	0.00209313	0.00624897	0.00174601
912	0.00233043	0.00656645	0.00190523
913	0.00262793	0.00684297	0.00210485
914	0.00307803	0.00732076	0.00241501
915	0.00360473	0.0078985	0.00275747
916	0.00390718	0.00847537	0.00293151
917	0.00424372	0.00890015	0.00317803
918	0.00468444	0.0096669	0.00348037
919	0.0051131	0.0101359	0.00380389
920	0.00537776	0.0106823	0.0039651
921	0.00557351	0.0106455	0.00411028
922	0.00586536	0.0109396	0.00430644
923	0.00604457	0.011083	0.00443364
924	0.00671494	0.0127479	0.00489758
925	0.00651013	0.0121577	0.00475126
926	0.00682991	0.0126371	0.00494899
927	0.00784917	0.013512	0.00568072
928	0.00753481	0.0133311	0.00546874
929	0.00745196	0.0132459	0.00537893
930	0.00722209	0.0129024	0.00526767
931	0.0088356	0.0151884	0.00635465
932	0.00928758	0.0156003	0.00668095
933	0.00909396	0.0157947	0.00652014
934	0.0088993	0.0151218	0.00635782
935	0.00862095	0.0149498	0.00619733
936	0.00829442	0.0144789	0.00597545
937	0.00812934	0.0139846	0.0058386
938	0.0108279	0.0180594	0.00771671
939	0.0117834	0.0189095	0.00834534
940	0.0114927	0.018628	0.0081515
941	0.011297	0.0182785	0.00802576
942	0.0110592	0.0182596	0.00790369
943	0.0108809	0.0181775	0.00773694
944	0.0103893	0.016855	0.00742802
945	0.0102169	0.0175441	0.00726731
946	0.00983272	0.0165921	0.00706711
947	0.00973351	0.0167182	0.00695727
948	0.00935358	0.0158782	0.00672787
949	0.00935622	0.0159651	0.00673691
950	0.0147374	0.0229361	0.0102985
951	0.0165033	0.0242019	0.011544
952	0.0156129	0.0234722	0.0108322
953	0.0157485	0.0230954	0.0108948
954	0.0152965	0.0225271	0.0105967
955	0.0151467	0.0231448	0.0106413
956	0.0146434	0.0216825	0.0102279
957	0.01457	0.0225864	0.0102498
958	0.0139687	0.0216873	0.00981469
959	0.0133009	0.020786	0.0093705
960	0.0132028	0.0214767	0.00931613
960	0.0132028	0.0214767	0.00931613
961	0.0131026	0.020652	0.00921426
962	0.0125665	0.0206293	0.00886843
963	0.0124859	0.0195952	0.00886212
964	0.0123513	0.0200406	0.00876515
965	0.0115764	0.0190474	0.00831606
966	0.0113724	0.0186039	0.00809227
967	0.0111011	0.0188289	0.00796622
968	0.0112394	0.0186609	0.00803144
969	0.0109258	0.0181739	0.00783462
970	0.0104238	0.0173749	0.00750913
971	0.010109	0.0173305	0.00732902
972	0.0106352	0.0180924	0.00768002
973	0.0256594	0.0340706	0.0173242
974	0.027051	0.0364488	0.018236
975	0.0263838	0.034935	0.0177932
976	0.0255527	0.0339251	0.0171715
977	0.0253842	0.0333162	0.0170923
978	0.0247162	0.0327187	0.0167901
979	0.0239362	0.0329035	0.0162655
980	0.0236515	0.0322225	0.0161252
981	0.0233843	0.033103	0.0160128
982	0.0231356	0.0318305	0.015777
983	0.0225181	0.0322432	0.0155196
984	0.0223135	0.0313491	0.0153806
985	0.0218714	0.0306852	0.0149335
986	0.0209519	0.0293976	0.014308
987	0.0208509	0.0299579	0.0144223
988	0.0204175	0.0297097	0.0139308
989	0.0196339	0.027495	0.013495
990	0.0190688	0.0279698	0.0131694
991	0.0190052	0.0283072	0.0132077
992	0.0183038	0.0268825	0.0127554
993	0.0182866	0.0272916	0.0127938
994	0.0175563	0.0264737	0.0123536
995	0.0172458	0.0266231	0.0121121
996	0.0164559	0.0256127	0.0115212
997	0.0164851	0.0256485	0.0116247
998	0.0158573	0.0247276	0.011218
999	0.0156499	0.024756	0.0111783
1000	0.0154897	0.0248498	0.0110559
1001	0.0152389	0.0243518	0.0107774
1002	0.0147446	0.0238705	0.0105447
1003	0.0141968	0.0227042	0.0101176
1004	0.0140791	0.0236889	0.0100972
1005	0.0137516	0.0228229	0.00983168
1006	0.0134648	0.022164	0.00967199
1007	0.0128447	0.0218374	0.00921794
1008	0.0126836	0.0218064	0.00910275
1009	0.0124932	0.0209305	0.00902107
1010	0.0120875	0.0209334	0.00874019
1011	0.0118625	0.0211604	0.00863347
1012	0.0116695	0.0205325	0.00853509
1013	0.0115685	0.0205774	0.0083813
1014	0.0113054	0.0193325	0.00824095
1015	0.0108045	0.0191442	0.00783582
1016	0.0106271	0.0193002	0.00777495
1017	0.0105256	0.0191129	0.00775941
1018	0.0100383	0.0180195	0.00742788
1019	0.00981909	0.018225	0.0071696
1020	0.00944273	0.0175567	0.00696026
1021	0.00936628	0.0173323	0.00688135
1022	0.00921098	0.0172576	0.00679858
1023	0.00893237	0.0168202	0.00656147
1024	0.00887171	0.0169474	0.00660789
1025	0.00885715	0.01735	0.00657682
1026	0.0489647	0.0586244	0.0325992
1027	0.0661653	0.0679563	0.0415742
1028	0.0649217	0.0667427	0.0407737
1029	0.0645209	0.0688905	0.0405894
1030	0.0638139	0.0673651	0.0406338
1031	0.0631481	0.0660724	0.0400442
1032	0.0616867	0.0645658	0.0388755
1033	0.0607795	0.0648048	0.0382227
1034	0.059663	0.0635654	0.0377282
1035	0.0598367	0.0637405	0.0381448
1036	0.058994	0.064272	0.0378251
1037	0.0571916	0.0612238	0.0365244
1038	0.0568636	0.0629999	0.0365368
1039	0.0557459	0.0616003	0.0360273
1040	0.0546562	0.0607901	0.0354794
1041	0.0529671	0.0597017	0.0341312
1042	0.0534529	0.0609535	0.0348241
1043	0.0526236	0.0589735	0.0341332
1044	0.0521634	0.0583948	0.0339018
1045	0.0506796	0.0576676	0.032797
1046	0.049774	0.0571279	0.0322951
1047	0.0496021	0.0570948	0.0321118
1048	0.0490066	0.0574254	0.0322432
1049	0.0481429	0.0565916	0.0315497
1050	0.0473645	0.0547971	0.0310648
1051	0.0457641	0.0536049	0.0301181
1052	0.0454982	0.0546453	0.0300479
1053	0.0447594	0.0543535	0.0295807
1054	0.0436159	0.0539895	0.028767
1055	0.0432385	0.0532794	0.0287619
1056	0.0429986	0.0525356	0.0287381
1057	0.0419353	0.0519161	0.0280478
1058	0.0410543	0.0513167	0.0272656
1059	0.0405058	0.0509182	0.0268893
1060	0.0402544	0.0507072	0.0268356
1061	0.0393662	0.0500428	0.0266176
1062	0.0384051	0.0487374	0.0258274
1063	0.0380543	0.0493595	0.0256351
1064	0.0372858	0.0480066	0.0252874
1065	0.0366935	0.0493538	0.0249346
1066	0.0362376	0.0467678	0.0245009
1067	0.0360739	0.0486016	0.0243116
1068	0.0351744	0.0477098	0.0241675
1069	0.0347619	0.0462323	0.0238103
1070	0.0337277	0.0468908	0.0230191
1071	0.0334564	0.0454297	0.0229346
1072	0.0327791	0.0431214	0.0222979
1073	0.0324788	0.0439185	0.0221895
1074	0.0319863	0.0445464	0.0219754
1075	0.0311498	0.0430671	0.0213744
1076	0.0304702	0.0417292	0.0208438
1077	0.0300316	0.042463	0.0208158
1078	0.0294591	0.0410596	0.0204172
1079	0.0283155	0.0405069	0.0196546
1080	0.0282502	0.040217	0.0196694
1081	0.0275995	0.0399421	0.0191709
1082	0.0277747	0.0399783	0.0193442
1083	0.0264486	0.0387632	0.0184576
1084	0.0265857	0.0397457	0.0186297
1085	0.0261028	0.0389188	0.0184206
1086	0.0255177	0.0383875	0.0179562
1087	0.0250654	0.0371264	0.0176778
1088	0.0249106	0.0379158	0.0175976
1089	0.024213	0.0375531	0.0171289
1090	0.0240193	0.0363317	0.0170273
1091	0.0232237	0.0360291	0.0164774
1092	0.0229537	0.035736	0.0164182
1093	0.0218464	0.0347577	0.0157005
1094	0.0218718	0.0350677	0.0156584
1095	0.0215635	0.0342115	0.0155354
1096	0.0213042	0.0338049	0.0152398
1097	0.020816	0.0328459	0.0149626
1098	0.0202775	0.033393	0.0145747
1099	0.0196989	0.031846	0.0142309
1100	0.0195874	0.0326879	0.0141195
1101	0.0190537	0.0316101	0.0137941
1102	0.018517	0.031688	0.013343
1103	0.018224	0.0307548	0.0132381
1104	0.018297	0.0316198	0.0132759
1105	0.0177792	0.0304882	0.0129787
1106	0.017254	0.0295925	0.0125652
1107	0.0167493	0.0291329	0.0122397
1108	0.0168012	0.0296093	0.0122863
1109	0.0162507	0.0287335	0.0120278
1110	0.0160786	0.0283752	0.0118299
1111	0.0157175	0.0281087	0.0116646
1112	0.0151832	0.027083	0.0111363
1113	0.0148865	0.0269285	0.0109254
1114	0.0147536	0.0264168	0.0109488
1115	0.0144211	0.0267522	0.0107246
1116	0.0141654	0.0260865	0.010545
1117	0.0140756	0.0260036	0.0104251
1118	0.0137007	0.0261219	0.0101911
1119	0.0134507	0.0252608	0.00997439
1120	0.0132001	0.0256495	0.00981584
1121	0.0131006	0.0244076	0.00984412
1122	0.0127088	0.0241119	0.00953354
1123	0.0121148	0.02366	0.0090932
1124	0.0119757	0.0231643	0.00898576
1125	0.0118468	0.0230786	0.00896801
1126	0.0118064	0.0231246	0.00891019
1127	0.0112563	0.0223874	0.00854016
1128	0.0105015	0.0209968	0.00794999
1129	0.0106459	0.0219353	0.00807653
1130	0.0106705	0.0220554	0.00807382
1131	0.0104758	0.0218317	0.00790465
1132	0.0101359	0.0209289	0.00767005
1133	0.00989057	0.0204129	0.00750712
1134	0.00966007	0.0204321	0.00734139
1135	0.00946345	0.0203501	0.00725923
1136	0.00935124	0.02017	0.00713749
1137	0.00922321	0.0200882	0.00707861
1138	0.00889739	0.0193495	0.00685364
1139	0.00881648	0.0195502	0.006764
1140	0.00832119	0.0185509	0.00638456
1141	0.00824549	0.0180607	0.00636811
1142	0.00818353	0.0180475	0.00631388
1143	0.00797846	0.0180377	0.00613224
1144	0.00771388	0.017446	0.0059517
1145	0.00749411	0.0172455	0.0058343
1146	0.00725019	0.016564	0.00564558
1147	0.00735611	0.017376	0.00571283
1148	0.00721461	0.0173314	0.00560517
1149	0.00712085	0.0167064	0.0055663
1150	0.00698761	0.0167713	0.00545375
1151	0.00675662	0.0163285	0.00529634
1152	0.00636417	0.0156332	0.00501755
1153	0.00624337	0.0152499	0.00491466
1154	0.00601376	0.0142746	0.00472812
1155	0.00589632	0.0138264	0.00463869
1156	0.00556998	0.0144144	0.00443157
1157	0.00570108	0.0145748	0.00450941
1158	0.00558017	0.0142601	0.00445355
1159	0.00530372	0.0134966	0.00420605
1160	0.00522008	0.0134389	0.00415063
1161	0.00519519	0.0131706	0.00412534
1162	0.0050802	0.0133526	0.00403801
1163	0.00499742	0.01362	0.0039728
1164	0.00488379	0.0130389	0.00390105
1165	0.00471364	0.0126396	0.00379756
1166	0.00467199	0.0128737	0.00375367
1167	0.00442	0.0118268	0.00353464
1168	0.00436175	0.0121534	0.00349588
1169	0.00409893	0.0111019	0.00330973
1170	0.00419347	0.011817	0.00336379
1171	0.00418431	0.011762	0.00337299
1172	0.00395093	0.0113895	0.00317336
1173	0.00383445	0.0112757	0.00310708
1174	0.00378647	0.0109655	0.00305942
1175	0.00354927	0.0103981	0.00289352
1176	0.00350471	0.0104019	0.0028386
1177	0.00339765	0.0101413	0.00276606
1178	0.00330832	0.0102191	0.00270807
1179	0.00331449	0.0103972	0.00270529
1180	0.00310534	0.00978273	0.00251513
1181	0.00307259	0.00981269	0.00252313
1182	0.0030416	0.00972826	0.0024988
1183	0.00291236	0.00964249	0.00238431
1184	0.00283792	0.00918889	0.0023416
1185	0.00274072	0.00876836	0.00225699
1186	0.00263303	0.00866	0.00216657
1187	0.0026688	0.00883027	0.00220303
1188	0.0025263	0.00866439	0.00208644
1189	0.00243575	0.00829182	0.00200819
1190	0.0024597	0.00809523	0.00203485
1191	0.0023389	0.00806648	0.00194531
1192	0.00228319	0.00769492	0.00189346
1193	0.00221366	0.00760338	0.00184441
1194	0.00214006	0.0079361	0.00176726
1195	0.00207534	0.00704307	0.00172881
1196	0.00211185	0.00731987	0.00176303
1197	0.00199739	0.00690854	0.00166968
1198	0.00194029	0.00710156	0.00162818
1199	0.00185124	0.0064889	0.00154611
1200	0.00186669	0.00668733	0.00156769
1201	0.00175114	0.00652263	0.00147122
1202	0.00177006	0.00650102	0.00148619
1203	0.00164017	0.00612458	0.00137723
1204	0.00163437	0.00612371	0.00137258
1205	0.0015798	0.00578629	0.00133052
1206	0.00154684	0.00614508	0.00130206
1207	0.00150715	0.0058899	0.00127603
1208	0.00145761	0.00601105	0.00123053
1209	0.00136985	0.00522538	0.00116383
1210	0.00136283	0.00540073	0.00115051
1211	0.00137344	0.00559059	0.00116544
1212	0.00129517	0.00524926	0.00109468
1213	0.00127726	0.0053213	0.0010854
1214	0.00126815	0.00531135	0.00108012
1215	0.00134602	0.00546363	0.00113995
1216	0.622544	0.0730451	0.227557
1217	0.946716	0.0454352	0.350453
1218	0.957965	0.0356178	0.285914
1219	0.96565	0.028842	0.231034
1220	0.971276	0.0238863	0.188547
1221	0.975484	0.020202	0.155765
1222	0.978727	0.0173794	0.130194
1223	0.981288	0.0151573	0.11034
1224	0.98335	0.0133899	0.0942561
1225	0.985039	0.0119514	0.0813459
1226	0.986444	0.0107596	0.0709347
1227	0.987627	0.00975805	0.0624582
1228	0.988637	0.00891192	0.055343
1229	0.989506	0.00818331	0.0494645
1230	0.990263	0.00755386	0.0444736
1231	0.990926	0.0070034	0.0402382
1232	0.991512	0.00652438	0.0365021
1233	0.992033	0.00609473	0.0333794
1234	0.992498	0.00571225	0.0306544
1235	0.992917	0.00537351	0.0282033
1236	0.993296	0.00506331	0.0261246
1237	0.993639	0.00478848	0.0241948
1238	0.993952	0.00453628	0.0225194
1239	0.994239	0.00430891	0.0209828
1240	0.994502	0.00409701	0.019659
1241	0.994744	0.00390536	0.0184245
1242	0.994968	0.00372552	0.0173527
1243	0.995175	0.00356084	0.0163598
1244	0.995368	0.00340933	0.0154408
1245	0.995547	0.003266	0.0146354
1246	0.995714	0.00313617	0.0138523
1247	0.995871	0.00301249	0.0131642
1248	0.996018	0.00289961	0.0124973
1249	0.996155	0.00279359	0.0118855
1250	0.996285	0.00269374	0.0113251
1251	0.996407	0.00260076	0.0107965
1252	0.996522	0.00251156	0.0103238
1253	0.996632	0.00242888	0.00986842
1254	0.996735	0.00235021	0.00944965
1255	0.996833	0.00227357	0.0090738
1256	0.996926	0.00220228	0.00871679
1257	0.997014	0.00213542	0.0083742
1258	0.997098	0.00207205	0.00805179
1259	0.997178	0.00201116	0.00775382
1260	0.997254	0.00195295	0.00747795
1261	0.997327	0.00189765	0.00721447
1262	0.997396	0.0018463	0.00695316
1263	0.997463	0.00179656	0.00671189
1264	0.997526	0.00174865	0.00648901
1265	0.997588	0.00170112	0.00628017
1266	0.997647	0.00165764	0.00607818
1267	0.997703	0.00161657	0.00588024
1268	0.997758	0.00157478	0.00568692
1269	0.99781	0.00153561	0.0055208
1270	0.99786	0.00149833	0.00535848
1271	0.997907	0.00146338	0.00519844
1272	0.997953	0.00142949	0.00504764
1273	0.997997	0.00139692	0.00490398
1274	0.99804	0.00136451	0.00476489
1275	0.998082	0.00133394	0.00463639
1276	0.998121	0.00130467	0.00451372
1277	0.998159	0.00127574	0.00440116
1278	0.998196	0.00124889	0.00428589
1279	0.998232	0.00122263	0.00417625
1280	0.998267	0.00119738	0.00407228
1281	0.9983	0.00117264	0.00397157
1282	0.998332	0.00114934	0.00387226
1283	0.998364	0.00112742	0.00377351
1284	0.998394	0.00110566	0.00368056
1285	0.998424	0.00108389	0.00359588
1286	0.998453	0.00106321	0.00351271
1287	0.99848	0.00104309	0.00343369
1288	0.998507	0.00102378	0.00335416
1289	0.998533	0.00100503	0.00327937
1290	0.998559	0.000986696	0.00320743
1291	0.998584	0.000968453	0.00313964
1292	0.998609	0.000950482	0.00307057
1293	0.998632	0.000933412	0.00300589
1294	0.998655	0.000917088	0.00294389
1295	0.998677	0.000901552	0.00287991
1296	0.998699	0.000885966	0.00282289
1297	0.99872	0.00087118	0.00276628
1298	0.99874	0.000856635	0.0027117
1299	0.998759	0.000842577	0.00265842
1300	0.998779	0.000828764	0.00260849
