600	9.27725e-12	6.53586e-08	9.27707e-12
601	5.91173e-12	4.1581e-08	5.91157e-12
602	1.55432e-11	1.09765e-07	1.55431e-11
603	9.70302e-12	6.84507e-08	9.70268e-12
604	8.79636e-12	6.20516e-08	8.79607e-12
605	7.27499e-12	5.13234e-08	7.27445e-12
606	1.25663e-11	8.87281e-08	1.25658e-11
607	1.0974e-11	7.75159e-08	1.09733e-11
608	9.59035e-12	6.76991e-08	9.58964e-12
609	1.15498e-11	8.1599e-08	1.15489e-11
610	5.93143e-12	4.18745e-08	5.93097e-12
611	1.2222e-11	8.6351e-08	1.22215e-11
612	7.63522e-12	5.39529e-08	7.63468e-12
613	1.18223e-11	1.182e-07	1.18214e-11
614	5.59636e-12	5.59552e-08	5.5961e-12
615	5.55618e-12	5.55484e-08	5.55562e-12
616	7.20196e-12	7.19978e-08	7.20095e-12
617	7.45299e-12	5.26738e-08	7.45234e-12
618	6.24603e-12	4.41296e-08	6.24547e-12
619	2.64525e-12	1.52452e-08	2.64499e-12
620	3.15011e-12	2.22516e-08	3.14972e-12
621	5.80086e-12	3.34461e-08	5.80048e-12
622	2.23637e-11	1.29025e-07	2.23624e-11
623	2.29753e-11	1.32583e-07	2.29745e-11
624	2.94443e-11	1.69921e-07	2.9443e-11
625	3.79317e-11	2.68096e-07	3.79287e-11
626	2.46209e-11	1.42072e-07	2.46195e-11
627	1.19314e-11	6.8804e-08	1.19306e-11
628	2.0432e-11	1.02084e-07	2.04317e-11
629	2.10156e-11	1.21252e-07	2.10143e-11
630	2.99841e-11	2.11923e-07	2.99816e-11
631	2.20899e-11	1.56147e-07	2.20883e-11
632	1.75159e-11	1.23782e-07	1.75144e-11
633	1.21223e-11	6.99332e-08	1.21213e-11
634	1.01898e-11	5.87926e-08	1.01889e-11
635	1.24044e-11	8.76555e-08	1.2403e-11
636	2.78758e-11	2.78688e-07	2.78728e-11
637	1.90463e-11	1.34627e-07	1.90451e-11
638	1.63094e-11	1.15282e-07	1.63085e-11
639	2.17693e-11	1.1657e-07	2.17683e-11
640	7.75675e-11	4.29751e-07	7.75656e-11
641	6.6994e-11	3.9623e-07	6.69906e-11
642	1.11823e-10	6.91515e-07	1.11819e-10
643	1.10788e-10	6.99951e-07	1.10784e-10
644	1.73367e-10	9.55258e-07	1.73364e-10
645	6.27646e-11	2.64008e-07	6.27609e-11
646	1.95235e-10	9.17386e-07	1.9523e-10
647	1.45957e-10	6.99015e-07	1.45953e-10
648	1.57093e-10	7.45703e-07	1.57091e-10
649	1.66539e-10	8.96827e-07	1.66529e-10
650	6.99653e-11	2.96015e-07	6.99625e-11
651	1.57617e-10	7.5621e-07	1.57613e-10
652	9.97865e-11	4.56365e-07	9.9783e-11
653	1.11089e-10	5.20398e-07	1.11087e-10
654	1.91469e-10	9.3856e-07	1.91466e-10
655	2.23601e-10	1.55247e-06	2.23577e-10
656	1.07308e-09	6.17169e-06	1.07306e-09
657	2.1942e-10	1.24779e-06	2.19409e-10
658	7.284e-10	4.17633e-06	7.28385e-10
659	4.10437e-10	2.32995e-06	4.10422e-10
660	5.56231e-10	3.17085e-06	5.56216e-10
661	7.84387e-10	4.49499e-06	7.84379e-10
662	6.76441e-10	3.8751e-06	6.76426e-10
663	4.58952e-10	2.61503e-06	4.58942e-10
664	2.02609e-10	9.80975e-07	2.02601e-10
665	5.44601e-10	2.69259e-06	5.44593e-10
666	8.61041e-10	4.27821e-06	8.6103e-10
667	7.36999e-10	3.63614e-06	7.36994e-10
668	9.74014e-10	4.82902e-06	9.74005e-10
669	3.09475e-10	1.51043e-06	3.09465e-10
670	3.96482e-10	1.94356e-06	3.96476e-10
671	8.3317e-10	4.13513e-06	8.33169e-10
672	6.26048e-10	3.10256e-06	6.26044e-10
673	7.63027e-10	3.77212e-06	7.63022e-10
674	6.35246e-10	3.15626e-06	6.35241e-10
675	1.27338e-09	6.33898e-06	1.27338e-09
676	4.95388e-10	2.45094e-06	4.95384e-10
677	9.74396e-10	4.84138e-06	9.7439e-10
678	1.33967e-09	6.67349e-06	1.33967e-09
679	4.66836e-10	2.30365e-06	4.6683e-10
680	6.20703e-10	3.0823e-06	6.20699e-10
681	1.12083e-09	4.98997e-06	1.12083e-09
682	1.14152e-09	5.08419e-06	1.14152e-09
683	5.54363e-10	2.45795e-06	5.54357e-10
684	6.08283e-10	2.69713e-06	6.08278e-10
685	5.80636e-10	2.57845e-06	5.80625e-10
686	7.43681e-10	3.31358e-06	7.43665e-10
687	5.30621e-10	2.35797e-06	5.30609e-10
688	1.02698e-09	4.57182e-06	1.02697e-09
689	6.04499e-10	2.68801e-06	6.04485e-10
690	7.21107e-10	3.20671e-06	7.21094e-10
691	1.24976e-09	5.5661e-06	1.24975e-09
692	1.15819e-09	5.77128e-06	1.15816e-09
693	7.88039e-10	3.90616e-06	7.87981e-10
694	9.79502e-10	3.98645e-06	9.79494e-10
695	2.50351e-10	9.99134e-07	2.50341e-10
696	7.66157e-10	3.10389e-06	7.66151e-10
697	5.70405e-10	2.30039e-06	5.70393e-10
698	1.08392e-09	4.40343e-06	1.08391e-09
699	3.29933e-10	1.31915e-06	3.29926e-10
700	5.32021e-10	2.34418e-06	5.31986e-10
701	3.37109e-10	1.34459e-06	3.37089e-10
702	5.50199e-10	2.21449e-06	5.50182e-10
703	7.02588e-10	2.84552e-06	7.02547e-10
704	2.39946e-10	8.22701e-07	2.3993e-10
705	5.26469e-10	1.84013e-06	5.26459e-10
706	4.20685e-10	1.38755e-06	4.20672e-10
707	5.71856e-10	1.99622e-06	5.71812e-10
708	4.42791e-10	1.44729e-06	4.42773e-10
709	1.86517e-10	5.9911e-07	1.86507e-10
710	3.02934e-10	9.84286e-07	3.02913e-10
711	3.35918e-10	1.0463e-06	3.35894e-10
712	5.27763e-10	1.63683e-06	5.27709e-10
713	3.9075e-10	1.14758e-06	3.90694e-10
714	3.20396e-10	8.49781e-07	3.20372e-10
715	2.39784e-10	6.28903e-07	2.39758e-10
716	1.9318e-10	4.90823e-07	1.93155e-10
717	1.75821e-10	4.12914e-07	1.75801e-10
718	2.56539e-10	6.41536e-07	2.56516e-10
719	3.17111e-10	8.02637e-07	3.17066e-10
720	3.12186e-10	7.61489e-07	3.12155e-10
721	1.43895e-10	3.33139e-07	1.43884e-10
722	3.24803e-10	7.82407e-07	3.24772e-10
723	1.78748e-10	4.10636e-07	1.78737e-10
724	1.50929e-10	3.52243e-07	1.50905e-10
725	4.85488e-10	1.29562e-06	4.85437e-10
726	3.00276e-10	6.94654e-07	3.00249e-10
727	4.3855e-10	9.83022e-07	4.38511e-10
728	5.24821e-10	9.50493e-07	5.24758e-10
729	5.69124e-10	1.04356e-06	5.69052e-10
730	2.83866e-10	5.2752e-07	2.83814e-10
731	4.62411e-10	8.78589e-07	4.62344e-10
732	4.11406e-10	7.51711e-07	4.11333e-10
733	2.51973e-10	4.25266e-07	2.51939e-10
734	3.97241e-10	8.95907e-07	3.97184e-10
735	9.33997e-10	1.87808e-06	9.33818e-10
736	4.64508e-10	8.6222e-07	4.64424e-10
737	6.32882e-10	1.30419e-06	6.32703e-10
738	3.19078e-10	5.22651e-07	3.19031e-10
739	5.92546e-10	1.09476e-06	5.92353e-10
740	5.14481e-10	8.25398e-07	5.14335e-10
741	5.0854e-10	6.6741e-07	5.08416e-10
742	2.61983e-10	3.71241e-07	2.61936e-10
743	7.73343e-10	1.23574e-06	7.73072e-10
744	1.06112e-09	1.65745e-06	1.06079e-09
745	7.66919e-10	1.14753e-06	7.66661e-10
746	1.10344e-09	1.95103e-06	1.10322e-09
747	6.05894e-10	7.82524e-07	6.05683e-10
748	1.29568e-09	2.06852e-06	1.29533e-09
749	1.09375e-09	1.48545e-06	1.09341e-09
750	7.1445e-10	1.05111e-06	7.1415e-10
751	1.09421e-09	1.40148e-06	1.09383e-09
752	7.22149e-10	8.86365e-07	7.22009e-10
753	8.55897e-10	1.09056e-06	8.5558e-10
754	4.80223e-10	5.63292e-07	4.80066e-10
755	7.2802e-10	7.96449e-07	7.27845e-10
756	8.10335e-10	9.06191e-07	8.10031e-10
757	7.70201e-10	8.3755e-07	7.69975e-10
758	6.68836e-10	7.49892e-07	6.68558e-10
759	7.9539e-10	8.61598e-07	7.95124e-10
760	1.06969e-09	1.38133e-06	1.06918e-09
761	8.92184e-10	1.06347e-06	8.91867e-10
762	5.44831e-10	4.40341e-07	5.44639e-10
763	9.0209e-10	7.7981e-07	9.01922e-10
764	1.08776e-09	8.85698e-07	1.08752e-09
765	1.4059e-09	1.24355e-06	1.40554e-09
766	2.52429e-09	2.84678e-06	2.52363e-09
767	3.22246e-09	4.86513e-06	3.22125e-09
768	2.52422e-09	3.07829e-06	2.52324e-09
769	2.18853e-09	1.79817e-06	2.18789e-09
770	2.80012e-09	2.80936e-06	2.7993e-09
771	1.46584e-09	1.4037e-06	1.46533e-09
772	1.67085e-09	1.36532e-06	1.67037e-09
773	2.45113e-09	2.22056e-06	2.45024e-09
774	2.71038e-09	2.38861e-06	2.70918e-09
775	2.48723e-09	2.02691e-06	2.48622e-09
776	1.48366e-09	1.25875e-06	1.48301e-09
777	2.57504e-09	1.98936e-06	2.57445e-09
778	5.45782e-09	6.8223e-06	5.45488e-09
779	8.23032e-09	1.11458e-05	8.22679e-09
780	3.95123e-09	3.79754e-06	3.94952e-09
781	5.60674e-09	6.54479e-06	5.6042e-09
782	7.74734e-09	1.05873e-05	7.74375e-09
783	2.77776e-09	2.09363e-06	2.77637e-09
784	2.77831e-09	1.96476e-06	2.77667e-09
785	4.79022e-09	3.45936e-06	4.78792e-09
786	2.77e-09	1.54242e-06	2.76821e-09
787	5.44154e-09	4.15086e-06	5.439e-09
788	9.08656e-09	8.34054e-06	9.08034e-09
789	1.1808e-08	1.10718e-05	1.18001e-08
790	1.02399e-08	8.47798e-06	1.02331e-08
791	9.14526e-09	7.02621e-06	9.13749e-09
792	1.20916e-08	8.72889e-06	1.20839e-08
793	8.40206e-09	8.75823e-06	8.39584e-09
794	1.03734e-08	8.08933e-06	1.03641e-08
795	9.45824e-09	6.41722e-06	9.45017e-09
796	1.24549e-08	8.02677e-06	1.24453e-08
797	8.71286e-09	4.98637e-06	8.70621e-09
798	1.09883e-08	8.79899e-06	1.09765e-08
799	1.73801e-08	1.26327e-05	1.73672e-08
800	1.40084e-08	8.76345e-06	1.3995e-08
801	1.49484e-08	7.83334e-06	1.49323e-08
802	2.08525e-08	1.13854e-05	2.08325e-08
803	1.65062e-08	7.68577e-06	1.64859e-08
804	2.22673e-08	1.06952e-05	2.22423e-08
805	2.0705e-08	1.21674e-05	2.06799e-08
806	2.22321e-08	1.12481e-05	2.22059e-08
807	2.31189e-08	1.04158e-05	2.30872e-08
808	3.84102e-08	2.299e-05	3.83505e-08
809	4.49423e-08	2.43211e-05	4.48953e-08
810	3.41719e-08	1.24368e-05	3.41275e-08
811	3.62956e-08	1.93047e-05	3.62417e-08
812	4.44123e-08	2.23214e-05	4.43592e-08
813	2.91884e-08	1.43558e-05	2.91462e-08
814	4.5105e-08	2.14563e-05	4.50185e-08
815	3.44252e-08	1.28898e-05	3.43684e-08
816	5.82241e-08	2.76718e-05	5.81322e-08
817	4.52832e-08	1.40682e-05	4.52079e-08
818	4.56556e-08	1.35518e-05	4.5566e-08
819	6.09345e-08	2.00324e-05	6.08293e-08
820	6.72531e-08	1.91377e-05	6.71577e-08
821	5.12794e-08	1.36802e-05	5.11695e-08
822	5.26567e-08	1.32223e-05	5.25511e-08
823	6.76732e-08	1.74236e-05	6.75436e-08
824	7.8785e-08	1.92181e-05	7.86241e-08
825	8.56282e-08	2.21322e-05	8.54427e-08
826	9.39961e-08	2.68863e-05	9.37374e-08
827	9.4771e-08	2.08884e-05	9.45361e-08
828	1.10819e-07	3.12497e-05	1.10545e-07
829	1.61157e-07	4.16519e-05	1.60769e-07
830	1.45969e-07	2.88881e-05	1.45571e-07
831	1.2662e-07	2.19126e-05	1.26278e-07
832	1.82564e-07	3.79196e-05	1.82044e-07
833	2.08432e-07	5.19045e-05	2.0784e-07
834	2.41277e-07	5.3366e-05	2.40615e-07
835	1.825e-07	3.29834e-05	1.81923e-07
836	2.10469e-07	3.57508e-05	2.09854e-07
837	2.40333e-07	4.0755e-05	2.39499e-07
838	2.66442e-07	4.57813e-05	2.65435e-07
839	3.31179e-07	4.78442e-05	3.29942e-07
840	2.73993e-07	3.62891e-05	2.73116e-07
841	3.64157e-07	6.11976e-05	3.62898e-07
842	3.75646e-07	5.24422e-05	3.74245e-07
843	4.13994e-07	5.42016e-05	4.12537e-07
844	5.12072e-07	6.97812e-05	5.10228e-07
845	4.90632e-07	7.26677e-05	4.88585e-07
846	6.47782e-07	8.57992e-05	6.45024e-07
847	7.12161e-07	9.64905e-05	7.09064e-07
848	6.82141e-07	9.20529e-05	6.79185e-07
849	7.14424e-07	9.10051e-05	7.10863e-07
850	1.00916e-06	0.000257906	1.00395e-06
851	9.76655e-07	0.000128743	9.71817e-07
852	9.0036e-07	7.25146e-05	8.94745e-07
853	1.09333e-06	0.000100759	1.08745e-06
854	1.34299e-06	0.000142927	1.33497e-06
855	1.40588e-06	0.000137117	1.39805e-06
856	1.80177e-06	0.000187397	1.79007e-06
857	1.8312e-06	0.000144524	1.81894e-06
858	2.13532e-06	0.000225366	2.12212e-06
859	2.49713e-06	0.000207048	2.4789e-06
860	2.57263e-06	0.000178212	2.55379e-06
861	2.45723e-06	0.000144219	2.43737e-06
862	3.25439e-06	0.000212724	3.22755e-06
863	3.38477e-06	0.000209479	3.35717e-06
864	3.65945e-06	0.000238803	3.6265e-06
865	4.17852e-06	0.000203596	4.14084e-06
866	4.73974e-06	0.000236355	4.69202e-06
867	5.15376e-06	0.000231551	5.09966e-06
868	5.72911e-06	0.000297118	5.665e-06
869	6.68163e-06	0.00030185	6.60687e-06
870	7.08331e-06	0.000286535	6.99788e-06
871	8.29687e-06	0.000352956	8.1917e-06
872	9.49855e-06	0.000362605	9.37682e-06
873	1.09751e-05	0.000401589	1.08355e-05
874	1.09875e-05	0.000345369	1.08346e-05
875	1.21759e-05	0.000387826	1.20015e-05
876	1.40722e-05	0.000427451	1.38708e-05
877	1.48576e-05	0.00045773	1.46233e-05
878	1.77632e-05	0.000468667	1.74867e-05
879	2.06333e-05	0.000584064	2.02795e-05
880	2.33034e-05	0.000594494	2.28743e-05
881	2.44084e-05	0.000579735	2.39357e-05
882	2.48919e-05	0.000511084	2.43848e-05
883	3.17802e-05	0.000674919	3.11225e-05
884	3.67888e-05	0.000741323	3.59324e-05
885	4.09165e-05	0.00074718	3.99612e-05
886	4.64269e-05	0.000851016	4.52574e-05
887	4.94531e-05	0.000821385	4.80454e-05
888	5.59901e-05	0.000876794	5.43868e-05
889	6.4832e-05	0.000940271	6.27597e-05
890	6.98357e-05	0.000926662	6.75605e-05
891	7.78099e-05	0.00101563	7.52056e-05
892	9.44811e-05	0.00123725	9.10583e-05
893	0.000106017	0.00124272	0.000101911
894	0.000118586	0.00127259	0.00011352
895	0.000135522	0.00131147	0.000129494
896	0.000154131	0.00143149	0.000146676
897	0.00018445	0.00163693	0.000175091
898	0.000201536	0.00162313	0.000190445
899	0.000243415	0.00191613	0.000229207
900	0.000286745	0.00207876	0.000268869
901	0.000328528	0.00225394	0.000306034
902	0.000361159	0.00226664	0.000334784
903	0.000425581	0.00242671	0.000392818
904	0.000484832	0.00263768	0.000444346
905	0.000549841	0.00285906	0.000499711
906	0.000640327	0.00309356	0.000575925
907	0.000746462	0.00333411	0.000667466
908	0.000864784	0.0037737	0.000762973
909	0.000974909	0.00385514	0.000852732
910	0.00112987	0.00408788	0.000974141
911	0.00129779	0.00441621	0.00109844
912	0.00150224	0.00482916	0.00125075
913	0.00174926	0.00509761	0.00142977
914	0.00206302	0.00552901	0.00165293
915	0.00234972	0.005878	0.00184946
916	0.00258822	0.00621287	0.00199968
917	0.00292844	0.00675332	0.00222917
918	0.00312848	0.00692868	0.00237975
919	0.00336516	0.00736511	0.00255921
920	0.00366704	0.0078005	0.00278089
921	0.00390308	0.00827577	0.00295377
922	0.00403088	0.00827802	0.00302869
923	0.00423185	0.00889415	0.00316881
924	0.00468831	0.00925979	0.00349574
925	0.00447968	0.00909357	0.00331541
926	0.00476537	0.0099434	0.0035652
927	0.00548338	0.0108817	0.00407433
928	0.00536844	0.010755	0.00398109
929	0.00515489	0.0100537	0.003858
930	0.00495485	0.00991434	0.00371048
931	0.00627899	0.0120106	0.00460746
932	0.00661101	0.0120182	0.00484648
933	0.00646285	0.0123432	0.00473086
934	0.00623143	0.0119886	0.00460126
935	0.00603539	0.0115354	0.00443844
936	0.00590131	0.0113363	0.00436469
937	0.00582506	0.0115104	0.00428727
938	0.00777293	0.0143318	0.00571293
939	0.00848803	0.0150879	0.00615677
940	0.0081583	0.014157	0.00587714
941	0.00812001	0.0140378	0.00585144
942	0.00793768	0.0141923	0.00579474
943	0.00773758	0.0141434	0.00566781
944	0.0075273	0.0134878	0.00548759
945	0.00738794	0.0137439	0.0054334
946	0.00698449	0.0128403	0.00512753
947	0.00679753	0.0129523	0.00498085
948	0.00670149	0.0128218	0.00495667
949	0.0065608	0.0126799	0.00481648
950	0.0106942	0.0180148	0.00762254
951	0.0124589	0.0198051	0.00885619
952	0.012059	0.0198524	0.008551
953	0.0114523	0.0182762	0.00815307
954	0.0111611	0.0184125	0.00794493
955	0.0112114	0.0183523	0.00801014
956	0.0110381	0.0180357	0.00790912
957	0.0106645	0.0175508	0.00765052
958	0.0101756	0.0174023	0.00732405
959	0.010044	0.0169044	0.00722503
960	0.00998713	0.0171648	0.00723812
960	0.00998713	0.0171648	0.00723812
961	0.00951431	0.0170729	0.00690436
962	0.00930654	0.0164218	0.00676933
963	0.00894542	0.0157007	0.00653821
964	0.00852994	0.0150074	0.0062103
965	0.00864461	0.0156125	0.00632191
966	0.00824389	0.0151644	0.0060496
967	0.00812354	0.015224	0.00599602
968	0.00779743	0.0149437	0.00575464
969	0.00773618	0.0144991	0.00565572
970	0.00748538	0.0143571	0.0055781
971	0.00735338	0.0139901	0.005435
972	0.00741172	0.0142089	0.00546336
973	0.0196564	0.0282703	0.0135422
974	0.0208149	0.0296727	0.0143159
975	0.0204449	0.0292152	0.0139152
976	0.0196234	0.0275925	0.0134855
977	0.0190231	0.0275396	0.0132057
978	0.0190223	0.0277541	0.0131552
979	0.0183964	0.0267742	0.0127666
980	0.0183263	0.0269493	0.0128146
981	0.0175567	0.026326	0.0122947
982	0.0172774	0.0266394	0.0121194
983	0.0164776	0.0254735	0.0114798
984	0.0164761	0.0254947	0.0116022
985	0.0158848	0.024578	0.0111995
986	0.0156689	0.0245927	0.0111433
987	0.0154787	0.0247533	0.0110067
988	0.015231	0.0241741	0.010741
989	0.0147384	0.0236137	0.010546
990	0.0141961	0.0225427	0.0101096
991	0.0141126	0.023481	0.0101042
992	0.0137506	0.0225542	0.00982022
993	0.0134781	0.0218972	0.0096468
994	0.0128295	0.021812	0.00917993
995	0.0125882	0.0213538	0.00902006
996	0.0125516	0.0208866	0.00906857
997	0.012009	0.020583	0.00865522
998	0.0119136	0.0210469	0.00866378
999	0.0116778	0.0201866	0.00855144
1000	0.011506	0.0204196	0.00830652
1001	0.0112552	0.0192253	0.00819101
1002	0.0105673	0.0187991	0.00766952
1003	0.0106918	0.0195083	0.00781458
1004	0.010367	0.0184615	0.00760948
1005	0.0100256	0.0180408	0.00739075
1006	0.00963601	0.0177973	0.00702795
1007	0.00948307	0.0173514	0.00701076
1008	0.00928632	0.0169502	0.00680632
1009	0.00912333	0.0168019	0.00675242
1010	0.00885008	0.0171175	0.00651383
1011	0.00884949	0.0163162	0.00657049
1012	0.00860738	0.0168914	0.00643119
1013	0.00825943	0.0166018	0.00616482
1014	0.00790643	0.0154455	0.0058882
1015	0.00783377	0.0158901	0.00586698
1016	0.00761934	0.0154486	0.00571547
1017	0.00753826	0.0154945	0.00566647
1018	0.00742418	0.014921	0.00558561
1019	0.00691912	0.0139121	0.0052194
1020	0.00691584	0.0141798	0.00522482
1021	0.00661381	0.0139579	0.00500219
1022	0.00655824	0.0133449	0.00496461
1023	0.00631944	0.0132993	0.00479428
1024	0.00617428	0.0133111	0.00470736
1025	0.00603783	0.0129287	0.0046313
1026	0.0396932	0.0518928	0.0270995
1027	0.0534104	0.0587209	0.0343695
1028	0.0531447	0.0600849	0.034197
1029	0.0529915	0.0600676	0.0342492
1030	0.0528526	0.0581643	0.0340532
1031	0.0511054	0.0587401	0.0331738
1032	0.0500924	0.05677	0.0322646
1033	0.0495437	0.0571125	0.0321706
1034	0.0491861	0.0566395	0.0318164
1035	0.0483827	0.0565162	0.0317045
1036	0.0476415	0.0551804	0.0308889
1037	0.0463362	0.0538802	0.0302196
1038	0.0451372	0.0543344	0.0295219
1039	0.0448926	0.0543817	0.0293446
1040	0.0440011	0.0538423	0.0289639
1041	0.0432578	0.0532945	0.0285938
1042	0.0431962	0.0532586	0.0287616
1043	0.0420262	0.0502845	0.0278975
1044	0.041448	0.0514739	0.0273554
1045	0.040795	0.0506178	0.0272085
1046	0.0401006	0.0503648	0.0265356
1047	0.0396302	0.0509416	0.0265998
1048	0.0385973	0.0486418	0.0258245
1049	0.0383243	0.0487924	0.0257528
1050	0.0372505	0.047787	0.0251528
1051	0.036668	0.0483631	0.0248481
1052	0.0363928	0.0462221	0.0245888
1053	0.0360489	0.047866	0.0244022
1054	0.0354674	0.0478785	0.0242025
1055	0.0345951	0.0453854	0.0236143
1056	0.0338367	0.0463915	0.0230085
1057	0.0334525	0.0449713	0.0229198
1058	0.032703	0.0427466	0.0222209
1059	0.0325579	0.0439779	0.0221748
1060	0.032082	0.04395	0.0220086
1061	0.0311626	0.0426145	0.0213176
1062	0.0304974	0.0412936	0.0208186
1063	0.0300357	0.0420547	0.0207822
1064	0.0294654	0.0408	0.0203455
1065	0.0283139	0.0402407	0.0196134
1066	0.0282115	0.03997	0.0195635
1067	0.0275578	0.0397169	0.0191339
1068	0.0277283	0.0398603	0.0192144
1069	0.0263514	0.0382973	0.0183816
1070	0.0265623	0.0394935	0.0185789
1071	0.0260086	0.0383542	0.0184158
1072	0.0253874	0.0383038	0.0178355
1073	0.0250004	0.036685	0.0176078
1074	0.024701	0.0375857	0.0173816
1075	0.0241859	0.0367351	0.0171097
1076	0.0240332	0.0364591	0.0170187
1077	0.0229837	0.0351725	0.0162895
1078	0.0227948	0.0352749	0.0162768
1079	0.0217627	0.0354284	0.015552
1080	0.0219132	0.0347609	0.0156009
1081	0.021424	0.0343297	0.0153479
1082	0.0211406	0.0331508	0.0150457
1083	0.0207156	0.0328464	0.0148867
1084	0.0201312	0.0328622	0.0145627
1085	0.0196263	0.0314682	0.0141087
1086	0.0196508	0.0324069	0.0142025
1087	0.0190073	0.0312742	0.013795
1088	0.0183286	0.0308536	0.0132108
1089	0.0179467	0.0298351	0.0130779
1090	0.0183669	0.0317085	0.013322
1091	0.0175073	0.0290549	0.012712
1092	0.0169423	0.0290962	0.0123687
1093	0.0168611	0.0283759	0.0122804
1094	0.0163485	0.0283482	0.0119623
1095	0.0162972	0.0289746	0.0118704
1096	0.0160027	0.0280821	0.0118165
1097	0.0153873	0.0266049	0.011336
1098	0.015109	0.0267841	0.0110758
1099	0.0147632	0.0265117	0.010858
1100	0.0146485	0.0265298	0.0108264
1101	0.0142899	0.0263956	0.0106433
1102	0.0141721	0.0259173	0.0104775
1103	0.0138787	0.0260097	0.0102544
1104	0.0136391	0.0255104	0.0101386
1105	0.0132024	0.0244293	0.00980583
1106	0.0132794	0.024733	0.00991439
1107	0.012763	0.0239293	0.00955687
1108	0.0124637	0.0234795	0.00932328
1109	0.0120218	0.0235183	0.00904826
1110	0.0117777	0.0230413	0.00884293
1111	0.0119459	0.023007	0.00898199
1112	0.0115749	0.0226282	0.00871151
1113	0.0106068	0.0213964	0.00797937
1114	0.0106892	0.0214817	0.00812152
1115	0.0106694	0.0217447	0.00807163
1116	0.010319	0.0214118	0.00779122
1117	0.0101832	0.0207061	0.00769833
1118	0.0100309	0.0206545	0.00762679
1119	0.00966442	0.0202948	0.00733675
1120	0.00949099	0.0200688	0.00726483
1121	0.00934293	0.0203327	0.00712647
1122	0.00924852	0.0201136	0.00710348
1123	0.00902446	0.0193194	0.00695196
1124	0.00890056	0.0192219	0.00681723
1125	0.00834797	0.0182505	0.0063935
1126	0.00830928	0.0182569	0.00638426
1127	0.00817712	0.0178892	0.00631463
1128	0.00804943	0.0179822	0.0062073
1129	0.0077612	0.0174708	0.00597311
1130	0.00746875	0.0171745	0.00579546
1131	0.00727199	0.0166306	0.00564656
1132	0.00735117	0.0172584	0.00570444
1133	0.00716222	0.0169881	0.00555781
1134	0.00714569	0.0166527	0.00557755
1135	0.00698424	0.0165716	0.00544779
1136	0.00678011	0.0162857	0.0053166
1137	0.0063691	0.0155907	0.00500951
1138	0.00624377	0.0150252	0.00491173
1139	0.00601307	0.01417	0.00471911
1140	0.00589229	0.0137338	0.00462386
1141	0.00556136	0.0142952	0.00441457
1142	0.00571308	0.0144977	0.00451651
1143	0.00556662	0.0141744	0.00441776
1144	0.0052912	0.0134333	0.00418134
1145	0.0052243	0.0132649	0.00415131
1146	0.00516471	0.0132241	0.00408
1147	0.00502823	0.0131978	0.00398874
1148	0.00501942	0.0135433	0.00399575
1149	0.00486517	0.0127539	0.0038873
1150	0.00471869	0.0126356	0.00378752
1151	0.00462793	0.012711	0.00370605
1152	0.00440354	0.0117603	0.00351216
1153	0.00431395	0.0118532	0.00345723
1154	0.00409898	0.01111	0.00330277
1155	0.00424794	0.0117577	0.00340615
1156	0.00412875	0.011842	0.00332235
1157	0.00387952	0.0110175	0.00311655
1158	0.00385166	0.0114236	0.0031329
1159	0.0036952	0.0104977	0.00298717
1160	0.00349691	0.0102819	0.00283892
1161	0.0034988	0.0101826	0.00282611
1162	0.00336343	0.0103347	0.00273472
1163	0.00325507	0.00997421	0.00265726
1164	0.00327396	0.0102713	0.00267421
1165	0.00306496	0.00971479	0.00249159
1166	0.00303595	0.0097899	0.00248167
1167	0.00296187	0.00929354	0.00242947
1168	0.00292083	0.0094656	0.0024075
1169	0.00283951	0.00903898	0.00233323
1170	0.00265721	0.00846518	0.00218425
1171	0.00267915	0.00852901	0.00220343
1172	0.00264623	0.00882045	0.00218832
1173	0.00242881	0.00815042	0.00199927
1174	0.00248165	0.00821982	0.00205759
1175	0.00239767	0.00803002	0.001988
1176	0.00223868	0.00754877	0.00185503
1177	0.00226609	0.00728405	0.00188713
1178	0.00213469	0.00789999	0.00177408
1179	0.00213056	0.00744676	0.00176049
1180	0.00206389	0.00723991	0.00171469
1181	0.00205133	0.00704385	0.00171077
1182	0.00194823	0.00691542	0.00163213
1183	0.00184399	0.0066634	0.00154133
1184	0.00188318	0.00663616	0.00157279
1185	0.00181441	0.0066096	0.00152324
1186	0.00172882	0.00610348	0.00144915
1187	0.00167044	0.00620899	0.00140301
1188	0.00162493	0.00588529	0.00136494
1189	0.00160897	0.00592851	0.00134401
1190	0.00154715	0.00602215	0.00130049
1191	0.00151755	0.00587722	0.00128295
1192	0.00147194	0.00591966	0.00123677
1193	0.00138163	0.0052762	0.00117584
1194	0.00134877	0.00535401	0.00114139
1195	0.00131964	0.00527981	0.00111281
1196	0.00129968	0.00543034	0.00109996
1197	0.00121982	0.00496372	0.00103442
1198	0.00120514	0.00503818	0.00102506
1199	0.00121172	0.00507436	0.00102869
1200	0.00116832	0.00483236	0.000993546
1201	0.00113171	0.00467716	0.000963949
1202	0.00111215	0.00465647	0.000950279
1203	0.00108567	0.00487015	0.000932562
1204	0.00104387	0.00471635	0.000895017
1205	0.00102477	0.00461703	0.000878231
1206	0.000950895	0.00422877	0.000813898
1207	0.000928242	0.00420446	0.000800409
1208	0.000940929	0.00433	0.000805617
1209	0.000892477	0.00404454	0.000766757
1210	0.000845186	0.00377509	0.000728752
1211	0.000836746	0.00383497	0.000720073
1212	0.000799905	0.00380687	0.000690056
1213	0.000799398	0.00370868	0.000689995
1214	0.000789835	0.00381553	0.000682665
1215	0.000787066	0.00365149	0.000676912
1216	0.613258	0.0753037	0.241922
1217	0.942925	0.0488124	0.367707
1218	0.955073	0.0381829	0.303539
1219	0.963231	0.0309824	0.24852
1220	0.969213	0.0257112	0.204058
1221	0.97375	0.0217044	0.169493
1222	0.977265	0.0186444	0.141308
1223	0.980041	0.0162074	0.120205
1224	0.982274	0.0142816	0.102765
1225	0.984099	0.0127267	0.0885147
1226	0.985614	0.0114374	0.0771523
1227	0.986888	0.0103648	0.0677109
1228	0.987973	0.0094491	0.0600787
1229	0.988906	0.00866401	0.0537212
1230	0.989716	0.00798898	0.048279
1231	0.990425	0.00739602	0.043737
1232	0.99105	0.00688114	0.0397182
1233	0.991606	0.00642529	0.0362521
1234	0.992102	0.00601429	0.0333339
1235	0.992547	0.00565267	0.0306649
1236	0.99295	0.00532473	0.0283578
1237	0.993315	0.00502871	0.0263102
1238	0.993648	0.00476029	0.024475
1239	0.993952	0.00451557	0.022841
1240	0.994231	0.00429265	0.0213588
1241	0.994488	0.00408612	0.0200545
1242	0.994724	0.00389783	0.0188469
1243	0.994944	0.00372315	0.0177608
1244	0.995148	0.00356029	0.0167874
1245	0.995337	0.00341102	0.0158703
1246	0.995514	0.00327112	0.0150478
1247	0.99568	0.00314236	0.0142674
1248	0.995834	0.00302017	0.0135724
1249	0.995981	0.00290486	0.0129319
1250	0.996118	0.00279907	0.0123206
1251	0.996249	0.00269746	0.0117577
1252	0.99637	0.00260385	0.0112349
1253	0.996485	0.00251514	0.0107514
1254	0.996593	0.00243331	0.0102805
1255	0.996696	0.00235417	0.0098611
1256	0.996793	0.00228064	0.00945446
1257	0.996886	0.00220878	0.0090867
1258	0.996974	0.00214195	0.00873538
1259	0.997058	0.00207958	0.00839558
1260	0.997138	0.0020191	0.00808853
1261	0.997214	0.00196271	0.00778594
1262	0.997286	0.00190785	0.00751205
1263	0.997356	0.0018553	0.00725705
1264	0.997423	0.00180376	0.0070265
1265	0.997486	0.00175668	0.00678683
1266	0.997547	0.00171037	0.00657463
1267	0.997606	0.00166779	0.00635629
1268	0.997662	0.00162618	0.00615513
1269	0.997716	0.00158686	0.00595747
1270	0.997768	0.00154886	0.00577414
1271	0.997818	0.00151223	0.00559926
1272	0.997866	0.00147657	0.00543718
1273	0.997912	0.00144317	0.0052761
1274	0.997957	0.00141077	0.00512188
1275	0.998001	0.00137913	0.00497754
1276	0.998043	0.00134808	0.00484037
1277	0.998083	0.00131894	0.00470941
1278	0.998122	0.0012912	0.00457966
1279	0.998159	0.00126383	0.00446097
1280	0.998195	0.00123711	0.0043498
1281	0.99823	0.00121183	0.00423856
1282	0.998264	0.00118768	0.00413036
1283	0.998297	0.0011643	0.00402697
1284	0.998328	0.00114144	0.00392883
1285	0.998359	0.00111886	0.00383531
1286	0.998389	0.0010974	0.00374417
1287	0.998418	0.00107609	0.00365937
1288	0.998447	0.00105521	0.00358018
1289	0.998474	0.00103563	0.0034979
1290	0.9985	0.00101596	0.00342433
1291	0.998526	0.000997792	0.00334749
1292	0.998552	0.00097892	0.00327157
1293	0.998576	0.000961689	0.00320153
1294	0.9986	0.00094491	0.0031336
1295	0.998623	0.000929038	0.00306449
1296	0.998645	0.000913349	0.00299934
1297	0.998667	0.000898367	0.00293513
1298	0.998688	0.000883289	0.00287192
1299	0.998709	0.000868158	0.0028171
1300	0.998729	0.000853997	0.00276183
