600	4.05713e-13	4.05658e-09	4.05701e-13
601	4.272e-13	4.27145e-09	4.27189e-13
602	3.15532e-13	3.15492e-09	3.15525e-13
603	4.3553e-13	4.35473e-09	4.35518e-13
604	2.89527e-13	2.89491e-09	2.89521e-13
605	4.72706e-13	4.72652e-09	4.72699e-13
606	2.72109e-13	1.92355e-09	2.72104e-13
607	2.41542e-13	1.70518e-09	2.41536e-13
608	2.85381e-13	2.01649e-09	2.85376e-13
609	3.16596e-13	2.23707e-09	3.16593e-13
610	2.09361e-13	1.47806e-09	2.09357e-13
611	1.10999e-13	7.82804e-10	1.10996e-13
612	1.42965e-13	1.00971e-09	1.42962e-13
613	1.60074e-13	1.13082e-09	1.60071e-13
614	7.99738e-13	5.65251e-09	7.99735e-13
615	8.50151e-13	6.00968e-09	8.50149e-13
616	9.94451e-13	7.02978e-09	9.94448e-13
617	1.29316e-12	9.14205e-09	1.29316e-12
618	8.23657e-13	5.82283e-09	8.23655e-13
619	3.83294e-13	2.70954e-09	3.83293e-13
620	7.06603e-13	4.99485e-09	7.06601e-13
621	7.52393e-13	5.31909e-09	7.52389e-13
622	9.90136e-13	9.89952e-09	9.90084e-13
623	6.62728e-13	4.68511e-09	6.62723e-13
624	6.44613e-13	4.55677e-09	6.44604e-13
625	5.48207e-13	3.87534e-09	5.48189e-13
626	2.87158e-13	2.02955e-09	2.87147e-13
627	4.40641e-13	3.11495e-09	4.40628e-13
628	7.91448e-13	7.91322e-09	7.91409e-13
629	4.68854e-13	3.31454e-09	4.68843e-13
630	5.12826e-13	3.62528e-09	5.12816e-13
631	2.08622e-12	1.10391e-08	2.08617e-12
632	3.94453e-11	2.75516e-07	3.94452e-11
633	6.32342e-11	4.44173e-07	6.32341e-11
634	5.96597e-11	4.19526e-07	5.96596e-11
635	9.10156e-11	6.40726e-07	9.10112e-11
636	1.25516e-10	7.22974e-07	1.25516e-10
637	3.04284e-11	1.49465e-07	3.04284e-11
638	1.8061e-10	9.00127e-07	1.8061e-10
639	9.96169e-11	4.90128e-07	9.96169e-11
640	8.21055e-11	4.01943e-07	8.21055e-11
641	1.05824e-10	5.22565e-07	1.05824e-10
642	6.68077e-11	3.27195e-07	6.68076e-11
643	7.49944e-11	3.71659e-07	7.49943e-11
644	9.83551e-11	4.84087e-07	9.83551e-11
645	1.082e-10	5.36238e-07	1.082e-10
646	1.75909e-10	1.00962e-06	1.75901e-10
647	2.71554e-10	1.90696e-06	2.71544e-10
648	5.63332e-10	3.97687e-06	5.63303e-10
649	3.67952e-10	2.59556e-06	3.67926e-10
650	3.48714e-10	2.00604e-06	3.48705e-10
651	5.20439e-10	2.99688e-06	5.20432e-10
652	4.93765e-10	2.84388e-06	4.93756e-10
653	5.39168e-10	3.10692e-06	5.39166e-10
654	5.37831e-10	3.10337e-06	5.37819e-10
655	2.81684e-10	1.62005e-06	2.81676e-10
656	3.16308e-10	1.82132e-06	3.163e-10
657	4.55321e-10	3.21361e-06	4.55291e-10
658	3.76847e-10	2.16745e-06	3.76843e-10
659	8.44694e-10	5.9639e-06	8.4465e-10
660	2.59885e-10	1.49556e-06	2.59879e-10
661	3.33223e-10	1.91845e-06	3.33217e-10
662	4.22756e-10	2.98356e-06	4.22733e-10
663	6.05567e-10	4.27332e-06	6.05543e-10
664	5.97967e-10	4.22261e-06	5.97938e-10
665	6.6089e-10	4.6676e-06	6.60864e-10
666	5.42561e-10	3.83111e-06	5.42544e-10
667	8.35045e-10	5.90133e-06	8.35019e-10
668	6.29253e-10	4.43986e-06	6.2923e-10
669	1.01554e-09	7.17387e-06	1.01553e-09
670	7.10262e-10	5.01654e-06	7.1024e-10
671	3.4296e-10	2.42158e-06	3.42942e-10
672	8.915e-10	6.3017e-06	8.91438e-10
673	6.39128e-10	3.68078e-06	6.39119e-10
674	7.03003e-10	4.96525e-06	7.02964e-10
675	4.30005e-10	2.47567e-06	4.29991e-10
676	2.65362e-10	1.52469e-06	2.6535e-10
677	6.10079e-10	3.51885e-06	6.1007e-10
678	3.58462e-10	2.06663e-06	3.58454e-10
679	7.18375e-10	4.14218e-06	7.18364e-10
680	3.97882e-10	2.29449e-06	3.9787e-10
681	4.23066e-10	2.43741e-06	4.23057e-10
682	8.23247e-10	4.74995e-06	8.2322e-10
683	8.67714e-10	6.13113e-06	8.67671e-10
684	5.67425e-10	4.00198e-06	5.67387e-10
685	6.76107e-10	3.37739e-06	6.76093e-10
686	1.92405e-10	8.55901e-07	1.92405e-10
687	4.99804e-10	2.49348e-06	4.99783e-10
688	4.4464e-10	2.21362e-06	4.44623e-10
689	7.78628e-10	3.88754e-06	7.78612e-10
690	2.69696e-10	1.34226e-06	2.69681e-10
691	3.31619e-10	1.90481e-06	3.31586e-10
692	2.3098e-10	1.0256e-06	2.30973e-10
693	3.80595e-10	1.8921e-06	3.80574e-10
694	4.45158e-10	2.21849e-06	4.45126e-10
695	1.75205e-10	7.09532e-07	1.75194e-10
696	3.08261e-10	1.37197e-06	3.08236e-10
697	2.94747e-10	1.1967e-06	2.94725e-10
698	3.21144e-10	1.42481e-06	3.21104e-10
699	2.91113e-10	1.17749e-06	2.91083e-10
700	1.22661e-10	4.54634e-07	1.22651e-10
701	2.71457e-10	1.10005e-06	2.7143e-10
702	1.92499e-10	7.19271e-07	1.92478e-10
703	3.66544e-10	1.37218e-06	3.66501e-10
704	2.44346e-10	9.10115e-07	2.44313e-10
705	2.46397e-10	9.05588e-07	2.46379e-10
706	1.18881e-10	3.77941e-07	1.18873e-10
707	1.16818e-10	4.23705e-07	1.16801e-10
708	1.35127e-10	4.5581e-07	1.35112e-10
709	1.92306e-10	7.096e-07	1.92281e-10
710	2.43392e-10	9.02542e-07	2.43368e-10
711	1.97781e-10	7.19323e-07	1.97757e-10
712	4.9654e-11	1.43361e-07	4.96523e-11
713	2.42658e-10	8.98073e-07	2.42636e-10
714	1.19702e-10	4.37842e-07	1.19683e-10
715	1.42668e-10	5.17699e-07	1.42658e-10
716	2.88466e-10	1.06909e-06	2.88455e-10
717	2.49268e-10	9.29082e-07	2.49252e-10
718	2.63484e-10	9.82118e-07	2.63462e-10
719	1.6693e-10	6.12689e-07	1.66914e-10
720	1.53319e-10	5.61138e-07	1.53306e-10
721	1.77574e-10	6.597e-07	1.77564e-10
722	1.97747e-10	7.31685e-07	1.97736e-10
723	9.41782e-11	3.13702e-07	9.41681e-11
724	1.22619e-10	4.56761e-07	1.22607e-10
725	2.56356e-10	9.55997e-07	2.56338e-10
726	2.9263e-10	1.0946e-06	2.92613e-10
727	1.29513e-10	4.77814e-07	1.29497e-10
728	2.25324e-10	9.10817e-07	2.25289e-10
729	1.14402e-10	4.12157e-07	1.14379e-10
730	1.55825e-10	5.3629e-07	1.5581e-10
731	1.21816e-10	4.42307e-07	1.21796e-10
732	1.28044e-10	4.01048e-07	1.28033e-10
733	1.56841e-10	5.35219e-07	1.56821e-10
734	1.03269e-10	3.37451e-07	1.03261e-10
735	1.81875e-10	5.9401e-07	1.81857e-10
736	7.77112e-11	2.38663e-07	7.77027e-11
737	1.18626e-10	3.75645e-07	1.18604e-10
738	1.22595e-10	3.75446e-07	1.22581e-10
739	2.34044e-10	8.18071e-07	2.34009e-10
740	1.39087e-10	4.7382e-07	1.3905e-10
741	1.51619e-10	4.31508e-07	1.51593e-10
742	7.59573e-11	1.82612e-07	7.59431e-11
743	9.86854e-11	2.49183e-07	9.8669e-11
744	9.0754e-11	2.18573e-07	9.07324e-11
745	1.07467e-10	2.88245e-07	1.07437e-10
746	1.55892e-10	4.0963e-07	1.55868e-10
747	1.39281e-10	3.54631e-07	1.3926e-10
748	6.05294e-11	1.05838e-07	6.05164e-11
749	9.78557e-11	2.10142e-07	9.7829e-11
750	7.67984e-11	1.40401e-07	7.67793e-11
751	1.04138e-10	1.7795e-07	1.04106e-10
752	7.95172e-11	9.99645e-08	7.94948e-11
753	1.49551e-10	2.32316e-07	1.49514e-10
754	2.27716e-10	3.55711e-07	2.27666e-10
755	3.19116e-10	5.1244e-07	3.19055e-10
756	4.39357e-10	8.61819e-07	4.39305e-10
757	5.92552e-10	1.19624e-06	5.925e-10
758	7.98503e-10	1.54024e-06	7.9836e-10
759	3.77659e-10	4.6095e-07	3.77597e-10
760	4.81568e-10	7.23655e-07	4.81515e-10
761	1.65336e-10	1.64444e-07	1.65308e-10
762	3.43809e-10	4.34034e-07	3.43784e-10
763	3.37451e-10	4.94022e-07	3.37393e-10
764	4.87708e-10	6.73595e-07	4.87653e-10
765	4.38478e-10	4.75997e-07	4.38418e-10
766	2.37544e-10	2.37137e-07	2.37477e-10
767	6.22889e-10	9.213e-07	6.22774e-10
768	1.23918e-09	2.06291e-06	1.23893e-09
769	1.61027e-09	3.19214e-06	1.60989e-09
770	7.68558e-10	1.15108e-06	7.68429e-10
771	1.26879e-09	1.8372e-06	1.26866e-09
772	1.64234e-09	3.27764e-06	1.64177e-09
773	4.26829e-10	3.96607e-07	4.26738e-10
774	5.01691e-10	6.12898e-07	5.01566e-10
775	8.3228e-10	1.01638e-06	8.3189e-10
776	3.9353e-10	3.16628e-07	3.93417e-10
777	7.60872e-10	1.07035e-06	7.60681e-10
778	1.41263e-09	2.19944e-06	1.41207e-09
779	1.50819e-09	2.20128e-06	1.50749e-09
780	1.99139e-09	3.07067e-06	1.99047e-09
781	1.55976e-09	1.96603e-06	1.55924e-09
782	1.36927e-09	1.43364e-06	1.36871e-09
783	2.83696e-09	4.86941e-06	2.83595e-09
784	2.26264e-09	2.76224e-06	2.26143e-09
785	2.27868e-09	2.35968e-06	2.27768e-09
786	1.86874e-09	2.26325e-06	1.86771e-09
787	2.13387e-09	2.32294e-06	2.13257e-09
788	1.91348e-09	2.21787e-06	1.91252e-09
789	2.40411e-09	2.43849e-06	2.40312e-09
790	1.8266e-09	1.59621e-06	1.82573e-09
791	4.27091e-09	3.95804e-06	4.26801e-09
792	4.07702e-09	3.06482e-06	4.07463e-09
793	2.59434e-09	1.74196e-06	2.59242e-09
794	4.7997e-09	4.4468e-06	4.79703e-09
795	3.82582e-09	2.65219e-06	3.82279e-09
796	4.93201e-09	4.10423e-06	4.92865e-09
797	2.38105e-09	1.51653e-06	2.37934e-09
798	7.89344e-09	6.6565e-06	7.88762e-09
799	5.71156e-09	4.04966e-06	5.70805e-09
800	4.44915e-09	3.19078e-06	4.44525e-09
801	3.74919e-09	2.3596e-06	3.74617e-09
802	5.1608e-09	3.48439e-06	5.15639e-09
803	4.97821e-09	3.88177e-06	4.9726e-09
804	6.3878e-09	4.66838e-06	6.38123e-09
805	7.00737e-09	6.10916e-06	6.99893e-09
806	8.10716e-09	5.72678e-06	8.0993e-09
807	6.91746e-09	4.21069e-06	6.91005e-09
808	6.58931e-09	3.60372e-06	6.58133e-09
809	8.21813e-09	4.86268e-06	8.20861e-09
810	6.75704e-09	3.34112e-06	6.74748e-09
811	4.18554e-09	1.5094e-06	4.17968e-09
812	7.89298e-09	3.58741e-06	7.88333e-09
813	7.13288e-09	2.93595e-06	7.12417e-09
814	8.03109e-09	4.35217e-06	8.02113e-09
815	1.36746e-08	8.61938e-06	1.36551e-08
816	9.36284e-09	3.85857e-06	9.34676e-09
817	9.61497e-09	4.30414e-06	9.59945e-09
818	1.66063e-08	7.18239e-06	1.65805e-08
819	1.67368e-08	7.64667e-06	1.67104e-08
820	2.02224e-08	7.80291e-06	2.01892e-08
821	2.17311e-08	8.59205e-06	2.16906e-08
822	3.12085e-08	1.09295e-05	3.11585e-08
823	2.2428e-08	7.11243e-06	2.23869e-08
824	1.71052e-08	5.38644e-06	1.70704e-08
825	2.28296e-08	6.95479e-06	2.27863e-08
826	2.55594e-08	7.93556e-06	2.55005e-08
827	2.22366e-08	6.5117e-06	2.21864e-08
828	3.1484e-08	9.00274e-06	3.14151e-08
829	3.67927e-08	1.0624e-05	3.6697e-08
830	2.64251e-08	7.21114e-06	2.63556e-08
831	2.83115e-08	6.51322e-06	2.82405e-08
832	4.88599e-08	1.57754e-05	4.8734e-08
833	6.12751e-08	1.61857e-05	6.11194e-08
834	8.87322e-08	2.9764e-05	8.85168e-08
835	7.79565e-08	1.70977e-05	7.77374e-08
836	1.07673e-07	3.06408e-05	1.07426e-07
837	1.041e-07	3.40308e-05	1.03815e-07
838	8.60862e-08	1.74956e-05	8.58161e-08
839	1.71796e-07	8.68734e-05	1.71268e-07
840	1.42619e-07	4.39323e-05	1.42183e-07
841	1.15848e-07	1.7119e-05	1.15458e-07
842	1.53633e-07	3.16554e-05	1.53116e-07
843	2.10086e-07	5.60601e-05	2.09371e-07
844	1.80046e-07	2.80916e-05	1.79435e-07
845	2.60244e-07	6.35527e-05	2.59424e-07
846	2.17128e-07	3.63845e-05	2.16357e-07
847	1.87446e-07	2.21592e-05	1.8674e-07
848	3.02291e-07	5.70211e-05	3.0116e-07
849	3.53779e-07	5.59658e-05	3.52242e-07
850	2.84356e-07	3.25316e-05	2.83098e-07
851	3.61303e-07	6.1688e-05	3.59619e-07
852	4.18623e-07	4.97933e-05	4.16645e-07
853	3.86853e-07	4.4334e-05	3.84946e-07
854	5.09629e-07	5.36733e-05	5.07203e-07
855	5.32947e-07	5.55721e-05	5.30318e-07
856	7.44461e-07	8.60249e-05	7.40391e-07
857	7.00321e-07	7.29021e-05	6.96595e-07
858	7.32831e-07	7.80595e-05	7.28622e-07
859	8.14647e-07	6.98057e-05	8.09901e-07
860	9.48977e-07	9.59135e-05	9.43415e-07
861	1.04108e-06	7.95794e-05	1.03478e-06
862	1.17321e-06	8.81599e-05	1.1647e-06
863	1.14044e-06	7.40289e-05	1.1325e-06
864	1.45361e-06	0.000128809	1.44344e-06
865	1.60527e-06	0.00011391	1.59201e-06
866	1.61553e-06	9.10568e-05	1.60211e-06
867	1.98044e-06	0.000121419	1.96384e-06
868	2.2264e-06	0.000108322	2.20701e-06
869	2.68058e-06	0.000145368	2.65404e-06
870	2.59799e-06	0.00012633	2.57286e-06
871	2.73106e-06	0.000125195	2.70371e-06
872	3.56531e-06	0.000169376	3.5265e-06
873	3.59876e-06	0.000159248	3.55346e-06
874	4.37844e-06	0.000174969	4.33021e-06
875	5.93991e-06	0.000259617	5.86255e-06
876	6.74983e-06	0.000299006	6.65058e-06
877	6.54917e-06	0.000240555	6.45726e-06
878	8.03882e-06	0.000299895	7.92575e-06
879	8.53828e-06	0.000245584	8.40338e-06
880	8.89841e-06	0.000283225	8.74372e-06
881	1.01972e-05	0.000282003	1.0023e-05
882	1.2119e-05	0.000328	1.19068e-05
883	1.37274e-05	0.000299757	1.34669e-05
884	1.66172e-05	0.00036225	1.62761e-05
885	2.08158e-05	0.000495739	2.0372e-05
886	2.25637e-05	0.000512164	2.20369e-05
887	2.68015e-05	0.00048841	2.61329e-05
888	3.1457e-05	0.000512627	3.06705e-05
889	3.51998e-05	0.000631158	3.42237e-05
890	3.96031e-05	0.000624489	3.84353e-05
891	4.40383e-05	0.000634625	4.27124e-05
892	5.14923e-05	0.000746634	4.9765e-05
893	5.71641e-05	0.000725028	5.50889e-05
894	6.52152e-05	0.00075478	6.27307e-05
895	7.62678e-05	0.000950471	7.3214e-05
896	8.95703e-05	0.000930596	8.5627e-05
897	0.000101057	0.00112149	9.6566e-05
898	0.000119491	0.00122344	0.000113497
899	0.000133401	0.00117315	0.00012658
900	0.000153059	0.00127447	0.000144236
901	0.000182392	0.00144719	0.000171372
902	0.000216565	0.00160214	0.000202514
903	0.000243951	0.00161101	0.00022699
904	0.000276782	0.00182036	0.000255683
905	0.000324076	0.00186285	0.000297115
906	0.000389168	0.00212384	0.000353517
907	0.00043693	0.00225328	0.000393682
908	0.000512855	0.00240221	0.000459951
909	0.00058713	0.00259464	0.00051934
910	0.000703554	0.00290044	0.000613541
911	0.000823157	0.00313209	0.000709182
912	0.000962031	0.00341348	0.000814646
913	0.0011152	0.00357816	0.000922598
914	0.00128577	0.00395224	0.00104988
915	0.00148338	0.00438024	0.00118344
916	0.0017331	0.00461825	0.00137015
917	0.00192372	0.00503945	0.00151123
918	0.00206087	0.00523181	0.0016078
919	0.00226252	0.00582944	0.00175998
920	0.00243101	0.00577024	0.00187737
921	0.00259151	0.00615449	0.0020023
922	0.00273007	0.00641657	0.00210612
923	0.00284366	0.00655771	0.00218008
924	0.00317913	0.00720905	0.00244354
925	0.00310605	0.00718591	0.00236753
926	0.00325753	0.00748564	0.00250654
927	0.00374738	0.00816992	0.00284697
928	0.00358265	0.00775539	0.00272122
929	0.00351289	0.0076459	0.00264513
930	0.00342064	0.007604	0.00259963
931	0.00438962	0.00943477	0.00331187
932	0.0045957	0.0093936	0.00343011
933	0.00452906	0.00950014	0.00342275
934	0.00424801	0.00884739	0.00318851
935	0.00415555	0.00899862	0.00314166
936	0.00409905	0.00882707	0.00311166
937	0.00392908	0.00846416	0.00297665
938	0.00546642	0.0107874	0.00408211
939	0.00625315	0.0121339	0.00462024
940	0.0059124	0.011702	0.00441431
941	0.0056884	0.0112022	0.00421677
942	0.00554314	0.0109165	0.00413046
943	0.00555173	0.0108664	0.00413305
944	0.0054183	0.0109044	0.00404268
945	0.00518715	0.0104609	0.00389477
946	0.00490537	0.00993238	0.00370629
947	0.00492149	0.0102367	0.00370844
948	0.00473327	0.0097829	0.00355179
949	0.00464426	0.00998877	0.00353575
950	0.00778326	0.014548	0.00574532
951	0.00876699	0.0154019	0.00637033
952	0.00871543	0.0153009	0.00632981
953	0.00840363	0.0148661	0.00614623
954	0.00823485	0.0152284	0.00602444
955	0.00796745	0.0146681	0.00589546
956	0.00776585	0.014828	0.00571975
957	0.00769249	0.0143111	0.00567538
958	0.00741333	0.0143586	0.00546445
959	0.00716333	0.0135277	0.00531828
960	0.00705112	0.0135117	0.00521007
960	0.00705112	0.0135117	0.00521007
961	0.0067465	0.0129814	0.00500657
962	0.00674345	0.0132149	0.00497838
963	0.00644069	0.0122841	0.00476272
964	0.00614243	0.0120721	0.0045823
965	0.00602217	0.012233	0.00449976
966	0.00588896	0.0119387	0.00443782
967	0.00569258	0.0115321	0.00428098
968	0.00556095	0.0117772	0.00420793
969	0.00523756	0.0107639	0.00397722
970	0.00511663	0.0107911	0.00387038
971	0.00499271	0.0107254	0.0037768
972	0.00509339	0.0109825	0.00385581
973	0.0144339	0.0236933	0.0103335
974	0.0154563	0.0239521	0.0108702
975	0.0154524	0.0252119	0.010921
976	0.0148705	0.0233779	0.0105141
977	0.0142628	0.0226421	0.0100875
978	0.0142728	0.0234263	0.0102227
979	0.0139063	0.0228778	0.00986068
980	0.0134854	0.0220302	0.00961874
981	0.0128566	0.0211927	0.00920285
982	0.0128142	0.021623	0.00918502
983	0.0124587	0.020464	0.00896224
984	0.0121398	0.0205663	0.00872362
985	0.0118401	0.0208127	0.00857255
986	0.0117235	0.0204209	0.00855696
987	0.0115236	0.0203108	0.0083001
988	0.0112927	0.0190401	0.00819553
989	0.010791	0.0187853	0.00779609
990	0.0106437	0.0191161	0.0077497
991	0.0104697	0.0187269	0.00767808
992	0.010034	0.0178183	0.00737193
993	0.0097279	0.0177883	0.00707926
994	0.00943737	0.0172368	0.00692248
995	0.00931367	0.0169511	0.00680355
996	0.00917556	0.01683	0.00675418
997	0.00880122	0.0168998	0.00647165
998	0.00885195	0.0163383	0.00654941
999	0.00860976	0.0168445	0.00639722
1000	0.00825854	0.0164194	0.00615116
1001	0.00790147	0.015304	0.00587383
1002	0.00782713	0.0157504	0.00585434
1003	0.00762904	0.0153391	0.00571493
1004	0.00753797	0.0154327	0.00565882
1005	0.00739109	0.0147566	0.00554485
1006	0.00690002	0.0138014	0.00520093
1007	0.00688739	0.01404	0.00518958
1008	0.00661639	0.0137422	0.004993
1009	0.00654299	0.0132016	0.00494068
1010	0.00626166	0.0131572	0.00475477
1011	0.00610998	0.012946	0.00467185
1012	0.00593076	0.0127246	0.00452545
1013	0.00578288	0.0126908	0.00441107
1014	0.00562669	0.0117486	0.00431069
1015	0.00544682	0.0115739	0.00418011
1016	0.00544192	0.011991	0.00419149
1017	0.0052525	0.0116286	0.00401559
1018	0.00510389	0.0118221	0.00394891
1019	0.00487753	0.0112412	0.00375934
1020	0.00473185	0.0108304	0.00364123
1021	0.00466773	0.010809	0.00361033
1022	0.00449087	0.0106954	0.003474
1023	0.00436471	0.0104981	0.00337167
1024	0.00418941	0.0100604	0.00326651
1025	0.00411987	0.00994274	0.00321887
1026	0.0325862	0.0457397	0.022658
1027	0.0434016	0.0534072	0.0284239
1028	0.0430576	0.0521998	0.0284931
1029	0.0428074	0.0519304	0.0284311
1030	0.0418856	0.0517017	0.0277011
1031	0.0407105	0.0502639	0.0269208
1032	0.0403107	0.0503008	0.0266028
1033	0.0401236	0.0500817	0.0267898
1034	0.0393284	0.0491215	0.0263443
1035	0.0384559	0.0483869	0.0256802
1036	0.0374829	0.048531	0.025202
1037	0.0371633	0.0484449	0.0250191
1038	0.0361786	0.0477917	0.024406
1039	0.036267	0.0463155	0.0245309
1040	0.0358411	0.0480851	0.0241917
1041	0.034911	0.0450496	0.023737
1042	0.0343286	0.0460299	0.0232062
1043	0.033569	0.0460517	0.0229102
1044	0.0332041	0.0438006	0.0226968
1045	0.0326331	0.0442052	0.0221624
1046	0.0323276	0.0420631	0.0218836
1047	0.0315581	0.0426708	0.0214982
1048	0.0309441	0.041388	0.0211545
1049	0.030189	0.0415986	0.0205877
1050	0.0297358	0.0409179	0.0204397
1051	0.0286748	0.0399382	0.0198174
1052	0.028274	0.0393693	0.0196199
1053	0.0279688	0.0395399	0.0192563
1054	0.0275792	0.0390885	0.0190885
1055	0.0267766	0.0387404	0.0185669
1056	0.0264719	0.038432	0.0185622
1057	0.0261853	0.0386962	0.0183502
1058	0.0254105	0.0371687	0.0178122
1059	0.0251615	0.0368968	0.0177321
1060	0.0248661	0.0371795	0.0174946
1061	0.0242169	0.0372409	0.0170329
1062	0.0239692	0.0356259	0.0169642
1063	0.0232767	0.0356077	0.0164011
1064	0.0229376	0.0353387	0.0162905
1065	0.021823	0.0344015	0.015582
1066	0.021898	0.0346964	0.0155617
1067	0.0215863	0.0340017	0.0154674
1068	0.0211976	0.0330163	0.0150907
1069	0.0207318	0.0324726	0.0148664
1070	0.0202582	0.0329643	0.0145384
1071	0.0195835	0.0311012	0.0140669
1072	0.019611	0.0322622	0.0141343
1073	0.0190981	0.0310382	0.0138371
1074	0.0184057	0.0308128	0.013245
1075	0.0179342	0.029716	0.0130218
1076	0.0183532	0.031544	0.0132647
1077	0.0175104	0.0288139	0.0127099
1078	0.0169364	0.0288712	0.0123349
1079	0.0168485	0.028221	0.0122219
1080	0.0163564	0.0280759	0.0119588
1081	0.0163363	0.028547	0.011901
1082	0.0160095	0.0279723	0.0117862
1083	0.0153644	0.026261	0.0113327
1084	0.0150916	0.0265611	0.0110863
1085	0.0148319	0.0263994	0.0108863
1086	0.0146376	0.0262033	0.0108074
1087	0.0142335	0.0261157	0.010575
1088	0.0142024	0.0259489	0.0104845
1089	0.0138039	0.0258921	0.0101759
1090	0.0135992	0.0252088	0.0100819
1091	0.0131384	0.0243596	0.00971094
1092	0.0131912	0.0246192	0.00978536
1093	0.0127348	0.0238092	0.00947271
1094	0.012242	0.0230296	0.00914571
1095	0.0119659	0.0229774	0.0089782
1096	0.0118112	0.022904	0.00884308
1097	0.0117837	0.0226716	0.00887036
1098	0.0113758	0.0223091	0.00858142
1099	0.0105294	0.0207019	0.00793994
1100	0.0106528	0.0214088	0.0080538
1101	0.0106695	0.0218097	0.00803776
1102	0.0104744	0.0215342	0.00786994
1103	0.0101317	0.0206313	0.00764643
1104	0.00985307	0.0198647	0.00745555
1105	0.00966511	0.0202218	0.00731606
1106	0.00944657	0.0201941	0.00720105
1107	0.00933914	0.0200593	0.00711303
1108	0.00909502	0.0193389	0.00695943
1109	0.00888028	0.0191685	0.0068133
1110	0.00871612	0.019042	0.00666138
1111	0.00837636	0.0179907	0.00641561
1112	0.00815834	0.017949	0.00626895
1113	0.00814374	0.0175582	0.00624057
1114	0.00788864	0.0175474	0.00606415
1115	0.00765878	0.0168218	0.00592187
1116	0.00739937	0.0167899	0.00574054
1117	0.0072426	0.0164094	0.00559142
1118	0.00727722	0.0167462	0.00563935
1119	0.00726027	0.0168446	0.00562406
1120	0.00697063	0.0160652	0.00541821
1121	0.00696004	0.0169482	0.00543263
1122	0.00647286	0.015501	0.00508495
1123	0.00639378	0.0150763	0.00502891
1124	0.006063	0.0142956	0.00476055
1125	0.00586886	0.0137026	0.00460044
1126	0.00574539	0.0139756	0.00453645
1127	0.00557103	0.0139129	0.00440565
1128	0.00558525	0.0141467	0.00441138
1129	0.00533373	0.0135076	0.00420998
1130	0.00520264	0.0130019	0.00414147
1131	0.00520249	0.0130323	0.004123
1132	0.00510648	0.0132514	0.0040385
1133	0.00500772	0.0132606	0.00399281
1134	0.00491232	0.0130952	0.00389669
1135	0.00470622	0.0124963	0.0037777
1136	0.00469483	0.0128199	0.00375769
1137	0.00440725	0.01154	0.00351092
1138	0.00434445	0.011983	0.00346651
1139	0.00410397	0.010955	0.00330614
1140	0.00419	0.0115977	0.00335226
1141	0.00418787	0.0116398	0.00336224
1142	0.00392388	0.0110955	0.00313935
1143	0.00381695	0.0110754	0.003089
1144	0.00374061	0.0106112	0.00301406
1145	0.00351352	0.0102352	0.00284705
1146	0.00348994	0.0101108	0.00280602
1147	0.00338786	0.0100602	0.00275533
1148	0.00325963	0.0100251	0.0026491
1149	0.00328711	0.0101745	0.00268063
1150	0.00306301	0.00962918	0.00248032
1151	0.00304731	0.00975532	0.00249007
1152	0.00296947	0.00922742	0.00243351
1153	0.00292481	0.00938224	0.00240625
1154	0.00283761	0.0089446	0.00232927
1155	0.00265418	0.00838792	0.00217866
1156	0.00267887	0.00847932	0.00220048
1157	0.00263785	0.0087469	0.00217658
1158	0.00241835	0.00795713	0.00198601
1159	0.00249837	0.00819809	0.00206036
1160	0.0023755	0.00784168	0.00196873
1161	0.00222808	0.00744549	0.0018447
1162	0.00226834	0.00723968	0.00188577
1163	0.00213341	0.00775525	0.00177149
1164	0.00211624	0.00727532	0.00174597
1165	0.00207756	0.00711846	0.00172732
1166	0.00205981	0.00703327	0.00171553
1167	0.00192175	0.00676817	0.00160898
1168	0.00185475	0.00654227	0.00154771
1169	0.00186627	0.00658475	0.00156026
1170	0.00176904	0.006478	0.00148011
1171	0.00172888	0.006182	0.00144618
1172	0.00164964	0.00607812	0.00138214
1173	0.0016458	0.00597889	0.0013796
1174	0.00157126	0.00569171	0.00131204
1175	0.00152403	0.00602061	0.00127542
1176	0.00148928	0.00572043	0.00125768
1177	0.00143846	0.00581711	0.0012111
1178	0.00134401	0.00505396	0.00113975
1179	0.00133492	0.00521166	0.00112454
1180	0.00132859	0.00538021	0.00112401
1181	0.00124932	0.00496792	0.00105464
1182	0.00122979	0.00514251	0.00104103
1183	0.00118606	0.0049492	0.00100843
1184	0.00119521	0.00505072	0.00101516
1185	0.00116285	0.00478103	0.000987414
1186	0.00108293	0.00430534	0.000922456
1187	0.00112478	0.00474277	0.000961991
1188	0.0010491	0.00467622	0.000895731
1189	0.00101988	0.00443807	0.000872406
1190	0.000978397	0.00421453	0.000840375
1191	0.000942772	0.00422695	0.000809737
1192	0.000906615	0.00412287	0.000774618
1193	0.00091448	0.00405038	0.000785761
1194	0.000847567	0.00387617	0.000727992
1195	0.000820502	0.00377121	0.000705303
1196	0.000794668	0.00362113	0.000683411
1197	0.000756481	0.00354146	0.000652092
1198	0.00077227	0.00372277	0.000665
1199	0.000731331	0.00357124	0.000633096
1200	0.000686625	0.00335775	0.000595649
1201	0.000713519	0.00350419	0.000620574
1202	0.000665279	0.00321299	0.000577564
1203	0.000633405	0.00319941	0.000550649
1204	0.000625683	0.00300153	0.000543336
1205	0.000607794	0.003071	0.000531049
1206	0.000543133	0.00278859	0.000472462
1207	0.000572674	0.00297765	0.000498906
1208	0.000538454	0.00278922	0.000471045
1209	0.000534058	0.00280243	0.000466531
1210	0.000480228	0.0025449	0.000419774
1211	0.000499772	0.00270265	0.000437013
1212	0.000479633	0.00265932	0.000420772
1213	0.000474019	0.00257165	0.000415848
1214	0.000470926	0.00267287	0.000412904
1215	0.000470031	0.00248195	0.00041109
1216	0.608853	0.0749056	0.23412
1217	0.941535	0.0498607	0.354952
1218	0.953844	0.0391318	0.289404
1219	0.962095	0.031828	0.238433
1220	0.968126	0.0265182	0.197309
1221	0.972704	0.0225086	0.164522
1222	0.976266	0.0194046	0.138527
1223	0.979094	0.0169533	0.117875
1224	0.981382	0.0149827	0.10135
1225	0.983262	0.0133802	0.0878084
1226	0.984829	0.0120395	0.0770692
1227	0.986153	0.01092	0.0680576
1228	0.987284	0.00997027	0.0605259
1229	0.988259	0.00914735	0.0543562
1230	0.989108	0.00843902	0.0490274
1231	0.989853	0.00782127	0.04445
1232	0.990512	0.00727798	0.0404979
1233	0.991098	0.00679302	0.0371272
1234	0.991622	0.00636507	0.0341165
1235	0.992096	0.00597612	0.0315407
1236	0.992522	0.00563156	0.0291921
1237	0.992908	0.00531702	0.0271495
1238	0.993261	0.00503459	0.0252777
1239	0.993583	0.0047759	0.0236184
1240	0.993879	0.00454196	0.0220852
1241	0.994152	0.00432445	0.0207304
1242	0.994404	0.0041234	0.0195216
1243	0.994637	0.00393939	0.0184
1244	0.994854	0.00376781	0.0173942
1245	0.995055	0.00360906	0.0164643
1246	0.995243	0.0034618	0.0156052
1247	0.995419	0.00332488	0.0148135
1248	0.995584	0.00319848	0.0140628
1249	0.995739	0.00307703	0.0134056
1250	0.995884	0.00296533	0.0127736
1251	0.996021	0.0028609	0.0121791
1252	0.99615	0.00276115	0.0116428
1253	0.996272	0.00266852	0.0111296
1254	0.996388	0.002579	0.0106731
1255	0.996497	0.00249466	0.0102414
1256	0.996601	0.00241568	0.00982918
1257	0.9967	0.00234071	0.00944358
1258	0.996794	0.00226832	0.0090933
1259	0.996884	0.00220046	0.00874942
1260	0.996969	0.00213631	0.00842608
1261	0.99705	0.00207456	0.00812738
1262	0.997128	0.00201671	0.00783717
1263	0.997202	0.00196046	0.00757473
1264	0.997273	0.00190758	0.00731794
1265	0.99734	0.00185752	0.0070693
1266	0.997405	0.00180882	0.00684272
1267	0.997467	0.00176244	0.00662486
1268	0.997527	0.00171752	0.00641839
1269	0.997585	0.0016748	0.00622182
1270	0.99764	0.00163418	0.00603024
1271	0.997693	0.00159531	0.00584877
1272	0.997745	0.00155802	0.00567131
1273	0.997793	0.0015223	0.00550485
1274	0.997841	0.00148691	0.00535391
1275	0.997887	0.00145265	0.00520384
1276	0.997932	0.00142016	0.00505932
1277	0.997974	0.00138927	0.00492265
1278	0.998015	0.00135924	0.00479231
1279	0.998055	0.00133019	0.00466713
1280	0.998093	0.00130226	0.0045479
1281	0.99813	0.00127494	0.00443259
1282	0.998167	0.0012488	0.00432182
1283	0.998201	0.00122429	0.00421103
1284	0.998235	0.0012	0.00410821
1285	0.998268	0.00117592	0.00401365
1286	0.998299	0.00115347	0.00391714
1287	0.99833	0.00113148	0.00382629
1288	0.99836	0.00111049	0.00373666
1289	0.998389	0.00108964	0.00365138
1290	0.998417	0.00106905	0.00357255
1291	0.998445	0.00104974	0.0034923
1292	0.998471	0.00103085	0.00341611
1293	0.998497	0.00101247	0.0033412
1294	0.998522	0.000994939	0.00326821
1295	0.998547	0.000977537	0.00320097
1296	0.99857	0.000960647	0.00313518
1297	0.998593	0.000944334	0.00307156
1298	0.998616	0.00092858	0.00300766
1299	0.998639	0.000912385	0.00294532
1300	0.99866	0.000897256	0.00288791
