600	2.29124e-13	2.29096e-09	2.29119e-13
601	2.55135e-13	2.55106e-09	2.55132e-13
602	1.51042e-13	1.51023e-09	1.51038e-13
603	4.94162e-14	4.94095e-10	4.94146e-14
604	1.10874e-13	1.10861e-09	1.10872e-13
605	1.44615e-13	1.44599e-09	1.44613e-13
606	4.19185e-13	4.19141e-09	4.19183e-13
607	5.87939e-13	5.87878e-09	5.87937e-13
608	5.81891e-13	5.81831e-09	5.81889e-13
609	7.60122e-13	7.60045e-09	7.60121e-13
610	6.80201e-13	6.80132e-09	6.802e-13
611	2.96318e-13	2.96287e-09	2.96317e-13
612	3.75769e-13	3.7573e-09	3.75768e-13
613	4.16851e-13	4.16808e-09	4.1685e-13
614	5.66124e-13	5.66066e-09	5.66123e-13
615	4.97949e-13	4.97898e-09	4.97948e-13
616	3.49189e-13	3.49153e-09	3.49188e-13
617	3.30279e-13	3.30243e-09	3.30276e-13
618	2.34063e-13	2.34037e-09	2.3406e-13
619	2.62e-13	2.61972e-09	2.61998e-13
620	5.37763e-13	5.37707e-09	5.37761e-13
621	3.01866e-13	3.01834e-09	3.01864e-13
622	3.26644e-13	3.26609e-09	3.26642e-13
623	5.50027e-13	3.28878e-09	5.50026e-13
624	2.95356e-11	2.0656e-07	2.95356e-11
625	4.97474e-11	3.49751e-07	4.97474e-11
626	4.59795e-11	3.23583e-07	4.59795e-11
627	7.34477e-11	5.17484e-07	7.34477e-11
628	7.83099e-11	5.52402e-07	7.83099e-11
629	2.30306e-11	1.31959e-07	2.30306e-11
630	1.35415e-10	7.79318e-07	1.35415e-10
631	8.54706e-11	4.89118e-07	8.54706e-11
632	5.02309e-11	2.85554e-07	5.02309e-11
633	8.18722e-11	4.68622e-07	8.18722e-11
634	5.0553e-11	2.88799e-07	5.0553e-11
635	4.67312e-11	2.66729e-07	4.67312e-11
636	7.6043e-11	4.34231e-07	7.6043e-11
637	7.13261e-11	4.08655e-07	7.1326e-11
638	8.46372e-11	5.94034e-07	8.46333e-11
639	3.39942e-10	2.39661e-06	3.3994e-10
640	3.94629e-10	2.78809e-06	3.9462e-10
641	3.00027e-10	2.11824e-06	3.00012e-10
642	2.61652e-10	1.50592e-06	2.61652e-10
643	2.60669e-10	1.50138e-06	2.60669e-10
644	3.31027e-10	1.90752e-06	3.31027e-10
645	4.18192e-10	2.41154e-06	4.18192e-10
646	2.70309e-10	1.5586e-06	2.70309e-10
647	1.35258e-10	7.77658e-07	1.35258e-10
648	2.43582e-10	1.4038e-06	2.43582e-10
649	3.5566e-10	2.51156e-06	3.55646e-10
650	4.40852e-10	2.54112e-06	4.40852e-10
651	5.57946e-10	3.94202e-06	5.57923e-10
652	1.67213e-10	9.63543e-07	1.67213e-10
653	2.38591e-10	1.68439e-06	2.38579e-10
654	4.56262e-10	3.22215e-06	4.56246e-10
655	3.01452e-10	2.12882e-06	3.01442e-10
656	3.80253e-10	2.68508e-06	3.80237e-10
657	3.5648e-10	2.51896e-06	3.56468e-10
658	6.70232e-10	4.73704e-06	6.70215e-10
659	3.02573e-10	2.13654e-06	3.02565e-10
660	5.61475e-10	3.96619e-06	5.61465e-10
661	8.65076e-10	6.11347e-06	8.65066e-10
662	1.77028e-10	1.24957e-06	1.7702e-10
663	4.39684e-10	3.10796e-06	4.39672e-10
664	5.62113e-10	3.24238e-06	5.62103e-10
665	6.48934e-10	3.74317e-06	6.48927e-10
666	2.50796e-10	1.44488e-06	2.5079e-10
667	2.60491e-10	1.49893e-06	2.60484e-10
668	5.0332e-10	2.90169e-06	5.03313e-10
669	2.12336e-10	1.22446e-06	2.12333e-10
670	4.20736e-10	2.42633e-06	4.20729e-10
671	5.65558e-10	3.26265e-06	5.65551e-10
672	2.91344e-10	1.67962e-06	2.91339e-10
673	4.85217e-10	2.79964e-06	4.85205e-10
674	7.20066e-10	5.08862e-06	7.20016e-10
675	4.5637e-10	3.22207e-06	4.56364e-10
676	3.75582e-10	2.6531e-06	3.75554e-10
677	4.0561e-10	2.33887e-06	4.05597e-10
678	1.77258e-10	1.02095e-06	1.77251e-10
679	4.47539e-10	2.57899e-06	4.47527e-10
680	4.72167e-10	3.3352e-06	4.72134e-10
681	2.37511e-10	1.3687e-06	2.37501e-10
682	1.76227e-10	8.77528e-07	1.76227e-10
683	2.97294e-10	1.71338e-06	2.97284e-10
684	2.63083e-10	1.5132e-06	2.63071e-10
685	4.26442e-10	2.45794e-06	4.26436e-10
686	8.44522e-11	4.1943e-07	8.44506e-11
687	2.29989e-10	1.32384e-06	2.29975e-10
688	1.77071e-10	1.01884e-06	1.77053e-10
689	3.01177e-10	1.49956e-06	3.01164e-10
690	2.16929e-10	1.07758e-06	2.16914e-10
691	9.21588e-11	4.5522e-07	9.215e-11
692	1.20633e-10	5.33377e-07	1.20629e-10
693	1.62516e-10	8.08462e-07	1.62508e-10
694	2.51745e-10	1.25461e-06	2.51722e-10
695	1.52625e-10	7.59596e-07	1.52608e-10
696	1.46923e-10	7.2629e-07	1.46915e-10
697	9.33304e-11	4.61321e-07	9.33187e-11
698	7.72154e-11	3.81843e-07	7.72074e-11
699	8.99535e-11	4.42658e-07	8.99417e-11
700	1.27693e-10	6.32247e-07	1.2768e-10
701	1.71168e-10	8.51044e-07	1.71155e-10
702	1.36629e-10	6.77749e-07	1.36617e-10
703	2.97194e-11	1.09498e-07	2.97193e-11
704	1.53301e-10	7.62646e-07	1.53291e-10
705	7.17198e-11	3.55166e-07	7.17104e-11
706	1.04145e-10	5.15515e-07	1.0414e-10
707	1.74295e-10	8.65829e-07	1.74289e-10
708	1.95345e-10	9.73949e-07	1.95335e-10
709	1.55857e-10	7.75292e-07	1.55846e-10
710	1.23504e-10	6.10538e-07	1.23497e-10
711	1.00646e-10	4.99896e-07	1.00639e-10
712	1.36796e-10	6.81903e-07	1.36792e-10
713	1.0253e-10	5.06306e-07	1.02524e-10
714	8.72817e-11	4.30436e-07	8.72743e-11
715	1.24147e-10	6.1822e-07	1.24141e-10
716	1.91793e-10	9.55072e-07	1.91786e-10
717	1.74701e-10	8.68806e-07	1.74697e-10
718	1.0637e-10	5.30103e-07	1.06366e-10
719	1.20276e-10	5.98098e-07	1.20272e-10
720	8.06382e-11	4.0068e-07	8.06305e-11
721	1.35312e-10	6.73375e-07	1.35306e-10
722	8.41394e-11	4.16618e-07	8.41337e-11
723	8.15203e-11	3.61538e-07	8.15185e-11
724	1.02015e-10	5.8644e-07	1.02007e-10
725	1.27891e-10	7.3624e-07	1.2788e-10
726	1.22658e-10	6.10244e-07	1.22651e-10
727	5.84514e-11	2.60126e-07	5.84478e-11
728	8.98214e-11	4.47068e-07	8.98153e-11
729	1.1225e-10	5.59086e-07	1.12243e-10
730	1.68242e-10	9.70758e-07	1.68229e-10
731	5.17852e-11	2.56973e-07	5.17792e-11
732	1.23369e-10	6.14053e-07	1.23364e-10
733	2.0919e-11	7.84689e-08	2.0917e-11
734	5.72846e-11	2.5377e-07	5.72793e-11
735	9.20945e-11	4.58538e-07	9.20815e-11
736	6.21832e-11	2.51823e-07	6.21798e-11
737	1.05328e-10	4.24596e-07	1.05323e-10
738	4.87908e-11	1.94442e-07	4.87865e-11
739	4.84856e-11	1.90966e-07	4.84814e-11
740	6.35377e-11	2.33777e-07	6.35305e-11
741	3.67421e-11	1.33461e-07	3.67362e-11
742	2.8213e-11	9.35142e-08	2.82106e-11
743	4.33929e-11	1.5707e-07	4.33864e-11
744	4.58317e-11	1.36916e-07	4.58272e-11
745	1.18676e-10	3.35036e-07	1.18669e-10
746	1.36781e-10	3.21159e-07	1.36772e-10
747	1.92172e-10	6.13878e-07	1.92164e-10
748	3.94023e-10	1.2164e-06	3.94011e-10
749	1.70293e-10	3.56096e-07	1.70286e-10
750	1.80082e-10	3.95419e-07	1.80071e-10
751	9.96432e-11	2.04599e-07	9.96372e-11
752	9.12536e-11	2.07576e-07	9.12464e-11
753	7.62042e-11	1.59538e-07	7.62e-11
754	2.05552e-10	3.97261e-07	2.05546e-10
755	1.8151e-10	3.49185e-07	1.81496e-10
756	9.48843e-11	1.46246e-07	9.48744e-11
757	1.14124e-10	2.18404e-07	1.1411e-10
758	2.96638e-10	6.87583e-07	2.96616e-10
759	5.51515e-10	1.46929e-06	5.5148e-10
760	3.78183e-10	9.74696e-07	3.78143e-10
761	3.00425e-10	6.41553e-07	3.00399e-10
762	3.71786e-10	1.00688e-06	3.71728e-10
763	3.86595e-10	1.00404e-06	3.86522e-10
764	1.24224e-10	2.20878e-07	1.24212e-10
765	2.4695e-10	4.74268e-07	2.46884e-10
766	1.37249e-10	1.98707e-07	1.3722e-10
767	2.07444e-10	3.98179e-07	2.07395e-10
768	4.02396e-10	9.06121e-07	4.02305e-10
769	4.87732e-10	1.28629e-06	4.87613e-10
770	2.54877e-10	5.66062e-07	2.54819e-10
771	1.79951e-10	3.1065e-07	1.79908e-10
772	1.78059e-10	2.94086e-07	1.78018e-10
773	1.0067e-10	1.0264e-07	1.00653e-10
774	4.01857e-10	7.49704e-07	4.01793e-10
775	4.8328e-10	8.09417e-07	4.83172e-10
776	2.23544e-10	3.35474e-07	2.23489e-10
777	4.41917e-10	7.08272e-07	4.41804e-10
778	2.38829e-10	3.42764e-07	2.38774e-10
779	3.9045e-10	6.06166e-07	3.9032e-10
780	3.66841e-10	5.97249e-07	3.66688e-10
781	3.98139e-10	4.00134e-07	3.98051e-10
782	8.46808e-10	1.05015e-06	8.46575e-10
783	6.05449e-10	6.36706e-07	6.05214e-10
784	6.26887e-10	5.83463e-07	6.26715e-10
785	6.20359e-10	6.15868e-07	6.20209e-10
786	5.01378e-10	4.54299e-07	5.01257e-10
787	3.45665e-10	2.87905e-07	3.45528e-10
788	9.47853e-10	9.04027e-07	9.47564e-10
789	5.57563e-10	4.75712e-07	5.57401e-10
790	5.98919e-10	5.46401e-07	5.98742e-10
791	5.71433e-10	4.19086e-07	5.712e-10
792	5.64268e-10	4.25735e-07	5.64068e-10
793	5.26061e-10	4.49552e-07	5.25808e-10
794	6.72996e-10	5.45974e-07	6.7273e-10
795	6.69896e-10	5.74952e-07	6.69524e-10
796	8.63454e-10	7.04392e-07	8.63011e-10
797	9.22822e-10	6.67388e-07	9.22437e-10
798	9.00476e-10	7.96459e-07	8.99908e-10
799	1.07729e-09	7.76177e-07	1.07687e-09
800	8.28304e-10	5.0806e-07	8.27814e-10
801	6.736e-10	4.39542e-07	6.73189e-10
802	8.01074e-10	4.50579e-07	8.00508e-10
803	8.6801e-10	5.05164e-07	8.67458e-10
804	9.144e-10	5.73657e-07	9.13737e-10
805	9.60752e-10	4.9906e-07	9.59934e-10
806	9.71872e-10	4.88603e-07	9.70993e-10
807	1.42793e-09	8.14438e-07	1.4266e-09
808	2.19157e-09	1.4155e-06	2.19007e-09
809	1.87747e-09	8.23741e-07	1.87601e-09
810	1.88452e-09	8.0588e-07	1.88301e-09
811	3.70345e-09	1.98088e-06	3.70048e-09
812	3.71065e-09	1.59264e-06	3.70835e-09
813	3.68836e-09	2.45334e-06	3.68539e-09
814	2.21236e-09	9.76677e-07	2.21025e-09
815	4.01985e-09	2.51749e-06	4.0156e-09
816	2.65662e-09	1.2621e-06	2.65425e-09
817	4.70689e-09	2.7053e-06	4.70172e-09
818	5.081e-09	2.47725e-06	5.07442e-09
819	4.31336e-09	1.87523e-06	4.30845e-09
820	2.74719e-09	8.7756e-07	2.7446e-09
821	3.93295e-09	1.6482e-06	3.92889e-09
822	7.49118e-09	3.75303e-06	7.48265e-09
823	1.69086e-08	1.26495e-05	1.68915e-08
824	8.32001e-09	3.14575e-06	8.30912e-09
825	8.03526e-09	3.37313e-06	8.02402e-09
826	1.321e-08	8.60056e-06	1.31917e-08
827	2.16193e-08	1.6839e-05	2.15877e-08
828	1.69082e-08	1.20974e-05	1.68847e-08
829	5.50572e-08	6.01225e-05	5.49873e-08
830	1.44915e-08	5.08585e-06	1.44704e-08
831	2.10947e-08	8.91707e-06	2.10618e-08
832	2.78923e-08	2.17741e-05	2.78485e-08
833	2.86639e-08	1.37984e-05	2.86142e-08
834	4.93191e-08	3.72954e-05	4.92343e-08
835	3.54798e-08	1.91425e-05	3.54174e-08
836	2.79314e-08	7.98866e-06	2.7883e-08
837	3.84233e-08	1.83834e-05	3.83395e-08
838	4.94185e-08	1.56971e-05	4.93187e-08
839	2.70005e-08	6.57832e-06	2.69358e-08
840	3.87362e-08	1.0901e-05	3.86424e-08
841	6.91519e-08	2.08981e-05	6.90017e-08
842	4.23598e-08	8.86546e-06	4.22572e-08
843	5.23816e-08	9.39598e-06	5.22363e-08
844	7.84177e-08	2.57443e-05	7.81746e-08
845	1.07637e-07	3.29092e-05	1.07352e-07
846	7.70589e-08	1.70491e-05	7.68224e-08
847	9.027e-08	2.68894e-05	8.9988e-08
848	8.14049e-08	1.5956e-05	8.11338e-08
849	8.30584e-08	1.34582e-05	8.27929e-08
850	1.07785e-07	1.69542e-05	1.0741e-07
851	1.62446e-07	3.00227e-05	1.61862e-07
852	1.37208e-07	2.08508e-05	1.36705e-07
853	1.91219e-07	3.78025e-05	1.90513e-07
854	1.90778e-07	2.78405e-05	1.89979e-07
855	2.07246e-07	2.72369e-05	2.06387e-07
856	2.28766e-07	2.78897e-05	2.27647e-07
857	2.84742e-07	3.60834e-05	2.83374e-07
858	3.25467e-07	4.97138e-05	3.23799e-07
859	2.37094e-07	2.14013e-05	2.35858e-07
860	3.28947e-07	4.01097e-05	3.27015e-07
861	4.44887e-07	4.9307e-05	4.42303e-07
862	3.43464e-07	2.38136e-05	3.41353e-07
863	4.53163e-07	4.34403e-05	4.50361e-07
864	6.74804e-07	6.57751e-05	6.70482e-07
865	8.1431e-07	7.77059e-05	8.08542e-07
866	8.70814e-07	8.03939e-05	8.64581e-07
867	1.09815e-06	0.000119636	1.08955e-06
868	9.98989e-07	6.48037e-05	9.91614e-07
869	1.01499e-06	7.90852e-05	1.006e-06
870	1.05519e-06	5.17802e-05	1.04566e-06
871	1.33936e-06	6.58733e-05	1.32629e-06
872	1.8158e-06	0.000104959	1.7976e-06
873	1.89569e-06	9.87718e-05	1.87722e-06
874	2.27992e-06	0.000113967	2.25684e-06
875	2.23345e-06	0.00011067	2.20715e-06
876	3.35848e-06	0.000180302	3.31439e-06
877	3.48549e-06	0.000163587	3.44128e-06
878	3.68643e-06	0.000174591	3.63937e-06
879	4.07375e-06	0.000150788	4.0186e-06
880	5.12159e-06	0.000189785	5.0477e-06
881	5.8557e-06	0.000210961	5.76548e-06
882	6.58968e-06	0.00021138	6.48552e-06
883	6.35255e-06	0.000170135	6.23904e-06
884	8.23567e-06	0.000259676	8.08124e-06
885	1.04826e-05	0.000322747	1.02761e-05
886	1.14354e-05	0.000295644	1.12029e-05
887	1.2543e-05	0.000300178	1.2267e-05
888	1.50783e-05	0.000370419	1.47266e-05
889	1.55162e-05	0.000325111	1.51362e-05
890	1.97285e-05	0.000394563	1.92042e-05
891	2.29754e-05	0.000497018	2.23469e-05
892	2.61187e-05	0.00048268	2.53254e-05
893	2.82532e-05	0.00043925	2.74e-05
894	3.53112e-05	0.000547425	3.4079e-05
895	4.19226e-05	0.000582044	4.03444e-05
896	4.61452e-05	0.000560737	4.43078e-05
897	5.26752e-05	0.000608592	5.05197e-05
898	6.27506e-05	0.000727632	6.00161e-05
899	7.43524e-05	0.000811617	7.07987e-05
900	8.72782e-05	0.000837544	8.28406e-05
901	0.000100244	0.000894016	9.46775e-05
902	0.000113859	0.000929771	0.000107058
903	0.000137915	0.00117589	0.00012858
904	0.000157622	0.00110876	0.000146352
905	0.000192512	0.00128295	0.000178481
906	0.000224064	0.00147849	0.000205498
907	0.000254762	0.00151103	0.000230769
908	0.000302351	0.00150462	0.00027291
909	0.000366628	0.00182802	0.00032918
910	0.000418193	0.00192045	0.000369884
911	0.000494635	0.00217041	0.000429742
912	0.000578747	0.00238297	0.000496835
913	0.000711608	0.00273917	0.000601198
914	0.000825447	0.0028165	0.000682758
915	0.000957266	0.00317091	0.000781877
916	0.00107735	0.00323872	0.000867866
917	0.00123212	0.00361375	0.000983103
918	0.00132786	0.00372307	0.00105662
919	0.00144852	0.00411045	0.00115492
920	0.00157936	0.00410779	0.0012383
921	0.00171672	0.00465522	0.00135225
922	0.00177185	0.00461922	0.00139396
923	0.00185378	0.00497072	0.00145497
924	0.00210549	0.00533675	0.00164853
925	0.0020278	0.00519079	0.00157415
926	0.00211418	0.00526859	0.00164473
927	0.00259115	0.00630044	0.00200255
928	0.00245946	0.00617723	0.00191278
929	0.00230255	0.00553406	0.00177896
930	0.00228728	0.0055666	0.00178358
931	0.0030672	0.00695189	0.00236888
932	0.00324172	0.00726416	0.00248884
933	0.00310909	0.00708651	0.00238771
934	0.00291848	0.0068297	0.00224684
935	0.00291619	0.00687255	0.00225574
936	0.00280704	0.00668942	0.00217049
937	0.00275921	0.00686368	0.0021476
938	0.00376068	0.00858716	0.0028814
939	0.00418067	0.00895696	0.00315138
940	0.00416522	0.00890991	0.00315803
941	0.00399085	0.00863252	0.0030291
942	0.00387387	0.00876868	0.00294832
943	0.00377256	0.00859325	0.00288568
944	0.00362853	0.00811134	0.0027724
945	0.00355326	0.00797112	0.00273294
946	0.00339963	0.00802504	0.0026151
947	0.00328804	0.00778909	0.00253346
948	0.00318693	0.00745901	0.00245153
949	0.00314562	0.00760144	0.00243386
950	0.00559593	0.0115845	0.00419609
951	0.00637286	0.0122273	0.00473118
952	0.0060819	0.0121043	0.00452087
953	0.00601606	0.0120126	0.00450175
954	0.0057355	0.011774	0.00427221
955	0.00573831	0.011554	0.00431594
956	0.00543897	0.0111995	0.00410376
957	0.0052127	0.010653	0.00393473
958	0.00505858	0.0107626	0.0038352
959	0.00502441	0.0105338	0.00380827
960	0.0047426	0.0101791	0.00357577
960	0.0047426	0.0101791	0.00357577
961	0.0047221	0.0102498	0.00361362
962	0.00461432	0.0103248	0.00350628
963	0.00448089	0.00975336	0.00340191
964	0.00431624	0.0096784	0.00330222
965	0.00417147	0.00939442	0.00319674
966	0.0041141	0.00959446	0.00316413
967	0.00390452	0.00899443	0.00301125
968	0.00383802	0.00874064	0.00294736
969	0.00357596	0.00847967	0.00274639
970	0.0035254	0.0082028	0.00272437
971	0.00347164	0.00814415	0.00266957
972	0.00342468	0.00829355	0.00264547
973	0.0109132	0.0199001	0.00800549
974	0.0115142	0.0198579	0.00833219
975	0.011376	0.0193429	0.00818159
976	0.010974	0.0185985	0.00797559
977	0.0106366	0.0186822	0.00771567
978	0.0106841	0.0189905	0.00781616
979	0.0101422	0.0178493	0.00741016
980	0.0098704	0.0176921	0.00721308
981	0.00952585	0.0171133	0.00698459
982	0.00940719	0.0170502	0.00688213
983	0.00918119	0.0168141	0.00672469
984	0.00895283	0.0162455	0.0065777
985	0.00881603	0.0165001	0.00653455
986	0.00881155	0.0167782	0.00649804
987	0.00826042	0.0160746	0.00618227
988	0.008068	0.0153277	0.0059999
989	0.00787116	0.0151352	0.0058735
990	0.00770737	0.0153958	0.00574483
991	0.00759801	0.0153004	0.0057053
992	0.00746999	0.0149496	0.0056324
993	0.00698727	0.0137217	0.00524989
994	0.00693237	0.0141501	0.00519653
995	0.00667113	0.0134979	0.00505666
996	0.00655616	0.0132761	0.00494189
997	0.00631306	0.0131335	0.00477864
998	0.00618795	0.0130028	0.00470303
999	0.00596827	0.012684	0.00455506
1000	0.00573107	0.0123112	0.0043566
1001	0.00565564	0.0118932	0.00432067
1002	0.00547388	0.0115269	0.00418425
1003	0.00543845	0.0118283	0.00418828
1004	0.00528137	0.0116742	0.00402747
1005	0.00511149	0.0116992	0.00394015
1006	0.00493232	0.0111082	0.00380144
1007	0.00473227	0.0107092	0.00364673
1008	0.00467186	0.010807	0.00359871
1009	0.00450988	0.0107413	0.00348921
1010	0.00435731	0.0103943	0.00336542
1011	0.00419384	0.00996364	0.00326076
1012	0.00408166	0.00983721	0.00317424
1013	0.00399932	0.00969778	0.00313834
1014	0.00386156	0.00941817	0.00300999
1015	0.00377233	0.00979441	0.00294694
1016	0.00373633	0.00950685	0.00293504
1017	0.00360738	0.00869633	0.00283175
1018	0.00343379	0.00871712	0.00268457
1019	0.00335558	0.00862903	0.0026284
1020	0.00325714	0.00841869	0.00258594
1021	0.00321483	0.00846718	0.00254472
1022	0.00302038	0.00789747	0.00238954
1023	0.00290378	0.00794828	0.00228882
1024	0.00283463	0.00759997	0.00225275
1025	0.00279833	0.00764355	0.00223133
1026	0.0257286	0.0392792	0.0183543
1027	0.0357294	0.0477656	0.0241052
1028	0.034619	0.04425	0.0234966
1029	0.0340683	0.0454285	0.0230336
1030	0.0334891	0.0452911	0.0227458
1031	0.0327837	0.043303	0.0223367
1032	0.0324787	0.0436859	0.0220888
1033	0.032183	0.0429556	0.0217975
1034	0.0312759	0.0421179	0.0212784
1035	0.0304994	0.0404688	0.0207736
1036	0.030023	0.0416296	0.0206293
1037	0.0294639	0.0405771	0.0202086
1038	0.0283616	0.039626	0.0194973
1039	0.0282134	0.0392711	0.0195048
1040	0.0275507	0.0391606	0.0190441
1041	0.0276874	0.039545	0.0190796
1042	0.0263001	0.0377708	0.0182924
1043	0.0265437	0.0386265	0.0186206
1044	0.025817	0.0378078	0.0180901
1045	0.0252767	0.0378043	0.0176782
1046	0.0249615	0.0364103	0.017507
1047	0.0246219	0.0369704	0.0172644
1048	0.0241101	0.0361955	0.0168974
1049	0.0236853	0.036331	0.0168194
1050	0.0227909	0.0342522	0.0160252
1051	0.0226375	0.0343559	0.0160415
1052	0.0218095	0.0349848	0.0154264
1053	0.0217588	0.0337298	0.0154153
1054	0.0212454	0.033442	0.0151512
1055	0.0211388	0.0328517	0.0150198
1056	0.020536	0.0322941	0.0146923
1057	0.0196227	0.0310459	0.0140812
1058	0.0198618	0.031839	0.0141822
1059	0.0191817	0.0307664	0.0138122
1060	0.0185138	0.0310854	0.0133176
1061	0.0182346	0.03016	0.0131207
1062	0.0183035	0.0306707	0.0131833
1063	0.0177645	0.0297588	0.0128607
1064	0.0172462	0.0290168	0.0124418
1065	0.0167518	0.0284016	0.0121664
1066	0.0166957	0.0287949	0.0121167
1067	0.0161731	0.0280712	0.0119485
1068	0.0160329	0.0277716	0.01167
1069	0.0155867	0.0269037	0.011476
1070	0.0150237	0.0260368	0.0109574
1071	0.0148165	0.0264389	0.0108357
1072	0.0147269	0.0259454	0.0108835
1073	0.0143312	0.026211	0.0105988
1074	0.0141658	0.0254111	0.0104393
1075	0.0139239	0.0256828	0.0102439
1076	0.0135953	0.0250553	0.0100432
1077	0.0132083	0.0242016	0.00971817
1078	0.0132703	0.0244635	0.00984391
1079	0.0127514	0.0235644	0.00949708
1080	0.0124103	0.0232079	0.00923999
1081	0.0119783	0.0231336	0.00895159
1082	0.0118062	0.0226347	0.00883779
1083	0.0118756	0.0224989	0.0089121
1084	0.0114281	0.0220661	0.0085541
1085	0.0105454	0.020773	0.00794395
1086	0.0106337	0.021293	0.00801436
1087	0.0106779	0.0216338	0.00804956
1088	0.01044	0.0213697	0.00784263
1089	0.0101522	0.0205249	0.00761383
1090	0.00986126	0.019801	0.00743047
1091	0.00965095	0.0199501	0.00731278
1092	0.00944832	0.0200112	0.00719309
1093	0.00934064	0.019928	0.00710552
1094	0.00908496	0.0191285	0.00695112
1095	0.00885154	0.019166	0.00677678
1096	0.00869457	0.0188063	0.00663731
1097	0.00834576	0.0177555	0.00639558
1098	0.00816928	0.0178379	0.00627794
1099	0.00813344	0.0175207	0.00618587
1100	0.00787056	0.0173088	0.00603307
1101	0.00766807	0.0168505	0.00591746
1102	0.00735548	0.0165424	0.00568643
1103	0.00729298	0.0164668	0.00563739
1104	0.00725855	0.0167788	0.0056097
1105	0.00719184	0.0166784	0.00559201
1106	0.00700478	0.0160548	0.00543691
1107	0.00683968	0.0164534	0.0053428
1108	0.0064448	0.0155633	0.00504184
1109	0.0063085	0.0146627	0.00494884
1110	0.00598354	0.0140023	0.00468207
1111	0.00588908	0.0137025	0.00460164
1112	0.0056157	0.0139113	0.00444549
1113	0.00565079	0.0140755	0.00444544
1114	0.00557564	0.0139839	0.00441837
1115	0.00529922	0.0132085	0.0041772
1116	0.0052233	0.0130597	0.00413727
1117	0.00516083	0.0130145	0.00406993
1118	0.00500577	0.0129926	0.00395986
1119	0.0050377	0.0133559	0.00400017
1120	0.00480482	0.0124949	0.00382771
1121	0.00472319	0.0126385	0.00377746
1122	0.00458337	0.012521	0.00364983
1123	0.00435312	0.0112014	0.00347529
1124	0.00428126	0.011541	0.00342672
1125	0.00410841	0.0112085	0.00329047
1126	0.00425726	0.0118	0.00341395
1127	0.00402865	0.0112674	0.00324106
1128	0.00381044	0.01092	0.00306802
1129	0.00384278	0.0111872	0.00310764
1130	0.00360766	0.0102553	0.00291984
1131	0.00353007	0.0102536	0.00285697
1132	0.0034005	0.00979292	0.00274587
1133	0.00333576	0.0101991	0.00272802
1134	0.00328381	0.00999451	0.00267605
1135	0.00311797	0.00944963	0.00251869
1136	0.0030995	0.00973215	0.00252849
1137	0.00304014	0.00942672	0.00248765
1138	0.00293952	0.00929401	0.00240053
1139	0.0028506	0.00901613	0.00234011
1140	0.00272451	0.00850762	0.00223343
1141	0.00261566	0.00836801	0.00214631
1142	0.0026673	0.00856982	0.00219971
1143	0.00248833	0.00841866	0.00204639
1144	0.00246027	0.00822122	0.00202363
1145	0.00242648	0.00785842	0.00200344
1146	0.00226733	0.00765029	0.00187628
1147	0.00227231	0.00732928	0.00188538
1148	0.00214686	0.00755591	0.00177887
1149	0.00215087	0.00755736	0.00177302
1150	0.00207426	0.00708139	0.00171837
1151	0.00205366	0.00693924	0.00170764
1152	0.00195577	0.00685908	0.00163013
1153	0.00184575	0.00658852	0.00153696
1154	0.0018819	0.00649509	0.00156936
1155	0.00181097	0.00652178	0.00151479
1156	0.0017269	0.00600606	0.00144252
1157	0.0016546	0.00606733	0.0013855
1158	0.00162433	0.00580369	0.00136233
1159	0.0016044	0.00576926	0.00133776
1160	0.00153102	0.00596767	0.00128176
1161	0.00149923	0.00567818	0.0012627
1162	0.00145124	0.00581073	0.00121961
1163	0.00134624	0.00508045	0.00114101
1164	0.00133319	0.00518889	0.00112223
1165	0.0013286	0.00527761	0.00112087
1166	0.00124365	0.0049452	0.00104772
1167	0.00122311	0.00502586	0.00103443
1168	0.00118944	0.00493334	0.00101003
1169	0.0011945	0.00500719	0.00101271
1170	0.0011605	0.00472549	0.000984294
1171	0.00108067	0.00425566	0.000919576
1172	0.00112145	0.00475778	0.000955372
1173	0.00103869	0.00455294	0.000885005
1174	0.00101865	0.00441645	0.000870397
1175	0.000976421	0.00421166	0.000836089
1176	0.000933663	0.00419944	0.00080055
1177	0.000901507	0.00412175	0.000767659
1178	0.000909377	0.00398389	0.000782174
1179	0.00082286	0.00368728	0.000705276
1180	0.000816801	0.00370194	0.000701106
1181	0.000786902	0.00354393	0.000675801
1182	0.000759107	0.00359388	0.000654482
1183	0.000759689	0.00373718	0.000655568
1184	0.000717598	0.00340371	0.000620039
1185	0.000687307	0.00337988	0.000596052
1186	0.000710381	0.00351291	0.000617381
1187	0.000652102	0.00313712	0.000564943
1188	0.000637207	0.00322157	0.000554116
1189	0.000611383	0.00283181	0.000530642
1190	0.000584771	0.00300227	0.000508852
1191	0.000542757	0.00264693	0.000472695
1192	0.000557342	0.00281372	0.000484769
1193	0.000541224	0.00281265	0.000473605
1194	0.000512638	0.00268333	0.000448408
1195	0.000470852	0.00250266	0.000411196
1196	0.000478268	0.00253118	0.000418529
1197	0.000475071	0.00279293	0.000416718
1198	0.000438484	0.00228545	0.00038554
1199	0.000447797	0.00258574	0.000392763
1200	0.000412247	0.0022875	0.000361985
1201	0.00041275	0.00229274	0.000362777
1202	0.000392097	0.002256	0.000343633
1203	0.000395418	0.00245377	0.000348094
1204	0.000372814	0.00222316	0.000329513
1205	0.00034577	0.00204523	0.00030549
1206	0.000347795	0.00228257	0.000307907
1207	0.000330585	0.00199527	0.000291263
1208	0.00032673	0.00201861	0.000289613
1209	0.000319116	0.00214583	0.000283582
1210	0.000304197	0.00200454	0.000269606
1211	0.000286625	0.00179578	0.000253983
1212	0.000270638	0.00166551	0.000240196
1213	0.000262339	0.00163283	0.000233146
1214	0.000262413	0.0016574	0.000233926
1215	0.000281446	0.00186287	0.000249773
1216	0.601239	0.0763341	0.248932
1217	0.938419	0.0522175	0.363536
1218	0.952044	0.0403032	0.295378
1219	0.960995	0.0324876	0.23814
1220	0.96743	0.0268387	0.195596
1221	0.972234	0.0226337	0.162935
1222	0.975929	0.0194504	0.136481
1223	0.978838	0.0169515	0.11586
1224	0.981177	0.0149548	0.0994511
1225	0.983091	0.0133339	0.086169
1226	0.984682	0.0119996	0.0752524
1227	0.986021	0.0108862	0.066194
1228	0.987163	0.00993264	0.0588814
1229	0.988146	0.00912528	0.0525512
1230	0.989001	0.00842183	0.0472907
1231	0.98975	0.00780281	0.0429008
1232	0.990413	0.00726186	0.0390631
1233	0.991001	0.0067816	0.035761
1234	0.991527	0.00635775	0.0328213
1235	0.992001	0.00598194	0.0301853
1236	0.992428	0.0056415	0.0278942
1237	0.992817	0.00533143	0.0258904
1238	0.99317	0.00504975	0.0241116
1239	0.993494	0.00478891	0.0225707
1240	0.993792	0.00455399	0.0211346
1241	0.994066	0.00433672	0.0198615
1242	0.994319	0.00413888	0.018675
1243	0.994555	0.00395269	0.0176323
1244	0.994772	0.00378047	0.0166867
1245	0.994976	0.0036205	0.0158216
1246	0.995165	0.00347283	0.0150139
1247	0.995342	0.00333585	0.0142642
1248	0.995508	0.00320992	0.0135486
1249	0.995664	0.00309131	0.0128954
1250	0.99581	0.00297979	0.0122943
1251	0.995948	0.0028735	0.0117527
1252	0.996079	0.00277464	0.0112305
1253	0.996202	0.00268152	0.010748
1254	0.996319	0.00259326	0.0103007
1255	0.996429	0.00251007	0.00988168
1256	0.996534	0.00243042	0.00949368
1257	0.996634	0.00235707	0.00911274
1258	0.996728	0.00228703	0.00875786
1259	0.99682	0.0022184	0.00843332
1260	0.996906	0.0021554	0.00811782
1261	0.996987	0.00209419	0.00783061
1262	0.997066	0.00203561	0.00756179
1263	0.997141	0.00198007	0.00730383
1264	0.997212	0.00192735	0.00705748
1265	0.997281	0.0018762	0.00682696
1266	0.997347	0.00182803	0.00660511
1267	0.99741	0.00178203	0.00639408
1268	0.997471	0.00173737	0.00619746
1269	0.997529	0.00169447	0.00601215
1270	0.997585	0.00165416	0.00582855
1271	0.997639	0.00161447	0.00566302
1272	0.997691	0.00157659	0.00550198
1273	0.997741	0.00153969	0.00534976
1274	0.997789	0.00150511	0.00519817
1275	0.997835	0.00147195	0.0050522
1276	0.997881	0.00143927	0.00491815
1277	0.997924	0.00140751	0.00479133
1278	0.997965	0.00137734	0.00466693
1279	0.998006	0.00134831	0.00454702
1280	0.998045	0.00132038	0.00443026
1281	0.998083	0.00129308	0.00432084
1282	0.99812	0.00126602	0.00421701
1283	0.998156	0.00124055	0.00411541
1284	0.99819	0.00121599	0.00401736
1285	0.998223	0.00119182	0.00392676
1286	0.998256	0.00116865	0.00383381
1287	0.998288	0.00114609	0.0037484
1288	0.998318	0.00112465	0.00366291
1289	0.998347	0.00110415	0.00357929
1290	0.998376	0.00108394	0.00350083
1291	0.998404	0.00106453	0.00342331
1292	0.998431	0.00104536	0.0033504
1293	0.998458	0.00102591	0.0032773
1294	0.998484	0.00100776	0.00320912
1295	0.998509	0.000990237	0.0031437
1296	0.998534	0.000972634	0.00308207
1297	0.998557	0.000956558	0.00301846
1298	0.99858	0.000940557	0.00295558
1299	0.998603	0.000924545	0.00289783
1300	0.998625	0.000909533	0.00283921
