600	0.717452	0.221363	0.599513
601	0.717947	0.220652	0.601716
602	0.718833	0.220236	0.601576
603	0.718306	0.219854	0.601727
604	0.715432	0.219685	0.596916
605	0.716197	0.219525	0.596979
606	0.716709	0.218807	0.597841
607	0.716918	0.218772	0.598929
608	0.717098	0.218568	0.598818
609	0.717759	0.218349	0.598923
610	0.718187	0.218039	0.599507
611	0.718437	0.217998	0.599738
612	0.718125	0.217865	0.597612
613	0.718913	0.21739	0.599604
614	0.719339	0.217032	0.600148
615	0.719822	0.217056	0.598828
616	0.720171	0.21639	0.598965
617	0.720991	0.215783	0.599497
618	0.72133	0.215398	0.598545
619	0.721604	0.215126	0.598607
620	0.72241	0.214975	0.598711
621	0.722705	0.214483	0.599223
622	0.723815	0.214028	0.599838
623	0.723816	0.213971	0.599373
624	0.724399	0.213502	0.599492
625	0.724764	0.213322	0.599725
626	0.725112	0.212836	0.600766
627	0.726175	0.212667	0.600777
628	0.725761	0.212496	0.60065
629	0.72627	0.211996	0.602028
630	0.726306	0.212231	0.600312
631	0.726712	0.211256	0.602504
632	0.72775	0.211015	0.601098
633	0.728331	0.210442	0.601931
634	0.728598	0.210105	0.602813
635	0.729259	0.209731	0.603545
636	0.729773	0.209334	0.603532
637	0.7303	0.209116	0.601959
638	0.730668	0.208536	0.603132
639	0.731186	0.207971	0.604796
640	0.732344	0.207307	0.606828
641	0.732443	0.207304	0.605176
642	0.732903	0.206989	0.603388
643	0.733872	0.20632	0.604239
644	0.73456	0.205846	0.603981
645	0.735265	0.205062	0.605108
646	0.735366	0.205009	0.60298
647	0.735768	0.204559	0.604194
648	0.736533	0.204252	0.603512
649	0.737742	0.20338	0.605018
650	0.738026	0.202879	0.604785
651	0.738738	0.202811	0.603821
652	0.738515	0.202657	0.602751
653	0.739129	0.202222	0.603524
654	0.740513	0.201529	0.604611
655	0.740936	0.201178	0.602302
656	0.741168	0.201095	0.604227
657	0.741985	0.20032	0.604038
658	0.741662	0.200289	0.604409
659	0.742996	0.199944	0.604488
660	0.74314	0.199502	0.604205
661	0.743997	0.199045	0.604816
662	0.744837	0.19811	0.606039
663	0.744925	0.198124	0.604928
664	0.745744	0.197598	0.604954
665	0.746482	0.197339	0.604861
666	0.746738	0.196719	0.604481
667	0.748219	0.195339	0.608137
668	0.748159	0.195446	0.605135
669	0.749126	0.19484	0.606214
670	0.749935	0.194212	0.606046
671	0.750419	0.194134	0.60534
672	0.750568	0.193938	0.605144
673	0.751741	0.192764	0.609087
674	0.752082	0.192623	0.607098
675	0.753267	0.191793	0.60762
676	0.753766	0.191623	0.606962
677	0.753953	0.191222	0.605562
678	0.754819	0.190722	0.607098
679	0.755921	0.189877	0.608181
680	0.756185	0.189685	0.607422
681	0.756358	0.189225	0.607037
682	0.756626	0.189536	0.604743
683	0.757478	0.188522	0.607757
684	0.758622	0.187853	0.609345
685	0.758955	0.187545	0.60843
686	0.759409	0.187366	0.608483
687	0.760108	0.186919	0.607288
688	0.760139	0.186876	0.606758
689	0.761065	0.186059	0.608235
690	0.760607	0.186434	0.606728
691	0.762093	0.184973	0.609378
692	0.762601	0.184867	0.610287
693	0.763317	0.184246	0.608188
694	0.76391	0.183919	0.608999
695	0.764546	0.183365	0.608218
696	0.765001	0.183181	0.607866
697	0.765923	0.182483	0.60863
698	0.766608	0.182027	0.609024
699	0.766799	0.181691	0.607232
700	0.767761	0.181139	0.610036
701	0.768168	0.180959	0.608505
702	0.768717	0.180145	0.610085
703	0.769675	0.179515	0.610593
704	0.770281	0.17926	0.611779
705	0.770093	0.178854	0.611218
706	0.77124	0.178343	0.61144
707	0.771417	0.17817	0.608796
708	0.772162	0.177555	0.608913
709	0.773635	0.176165	0.612891
710	0.773929	0.175911	0.609532
711	0.774621	0.175604	0.610259
712	0.776204	0.174533	0.613667
713	0.77655	0.174506	0.609561
714	0.776785	0.173823	0.610491
715	0.773557	0.173357	0.607132
716	0.765309	0.175153	0.590424
717	0.767168	0.174611	0.591541
718	0.767628	0.173715	0.59165
719	0.767994	0.173841	0.592038
720	0.768212	0.173453	0.589945
721	0.769348	0.172517	0.590554
722	0.770515	0.171252	0.594381
723	0.771207	0.171289	0.590321
724	0.770989	0.171457	0.590532
725	0.771711	0.17059	0.587712
726	0.773013	0.170101	0.586521
727	0.772963	0.169365	0.587465
728	0.774076	0.168533	0.590306
729	0.775622	0.168028	0.589645
730	0.776106	0.167308	0.588785
731	0.776042	0.167991	0.581486
732	0.777823	0.166455	0.588043
733	0.777982	0.166158	0.582984
734	0.778929	0.165019	0.586672
735	0.779894	0.164367	0.588086
736	0.780526	0.163276	0.587623
737	0.781153	0.163213	0.58308
738	0.782303	0.162712	0.58578
739	0.7835	0.16174	0.585048
740	0.783736	0.161445	0.586038
741	0.783981	0.161059	0.584602
742	0.785247	0.160237	0.584728
743	0.786143	0.159844	0.585216
744	0.786223	0.159791	0.58095
745	0.788185	0.158115	0.590349
746	0.786982	0.159304	0.580356
747	0.788824	0.157849	0.586158
748	0.788922	0.157433	0.581956
749	0.789463	0.156636	0.582673
750	0.791146	0.156387	0.581033
751	0.792311	0.155309	0.585251
752	0.792479	0.155222	0.578326
753	0.793959	0.154197	0.579755
754	0.795277	0.152914	0.580627
755	0.795162	0.152904	0.579801
756	0.795675	0.152766	0.576963
757	0.797005	0.151433	0.57803
758	0.79794	0.150943	0.577322
759	0.79887	0.150508	0.575785
760	0.800007	0.149368	0.57733
761	0.799354	0.149948	0.572349
762	0.800746	0.148975	0.574822
763	0.801244	0.148531	0.577383
764	0.802051	0.147605	0.574821
765	0.803024	0.147217	0.574137
766	0.803477	0.147034	0.572167
767	0.803568	0.146793	0.570084
768	0.805157	0.145352	0.573904
769	0.807599	0.143891	0.574374
770	0.807252	0.144047	0.570719
771	0.808613	0.142896	0.572067
772	0.809196	0.142776	0.56962
773	0.809482	0.142362	0.564122
774	0.810762	0.141639	0.564658
775	0.812177	0.140472	0.5671
776	0.812476	0.139693	0.567779
777	0.812761	0.14001	0.562517
778	0.813396	0.139618	0.5654
779	0.814461	0.139438	0.562374
780	0.815754	0.138147	0.563843
781	0.816762	0.136907	0.566677
782	0.817388	0.136505	0.569091
783	0.817223	0.136499	0.563861
784	0.818836	0.135659	0.567575
785	0.818032	0.135906	0.563859
786	0.819104	0.13581	0.557938
787	0.820322	0.134676	0.560627
788	0.8222	0.133405	0.562782
789	0.822223	0.132788	0.558375
790	0.82396	0.132006	0.558392
791	0.82458	0.131528	0.553749
792	0.824331	0.131553	0.555649
793	0.826346	0.130417	0.551497
794	0.827158	0.129502	0.552064
795	0.827697	0.128912	0.554938
796	0.827815	0.128861	0.551587
797	0.82935	0.12787	0.552708
798	0.829924	0.127702	0.55045
799	0.831275	0.126497	0.554124
800	0.832127	0.12572	0.553131
801	0.832539	0.125924	0.549105
802	0.833489	0.124709	0.551081
803	0.834232	0.124737	0.54896
804	0.835584	0.123352	0.549096
805	0.836711	0.122212	0.545924
806	0.837658	0.121766	0.543394
807	0.83797	0.121692	0.540465
808	0.839151	0.120919	0.541385
809	0.840283	0.120423	0.536611
810	0.841128	0.119263	0.538112
811	0.841411	0.118744	0.53648
812	0.841186	0.119382	0.53272
813	0.843483	0.117647	0.536467
814	0.844472	0.116606	0.533324
815	0.845707	0.116028	0.53652
816	0.845582	0.115909	0.529774
817	0.845301	0.116348	0.521693
818	0.847098	0.114786	0.521367
819	0.84918	0.113194	0.526561
820	0.849139	0.113379	0.5211
821	0.849561	0.112915	0.52417
822	0.851122	0.112056	0.524196
823	0.852125	0.111209	0.519001
824	0.852649	0.110546	0.521038
825	0.854647	0.109267	0.518362
826	0.855171	0.108741	0.519351
827	0.856176	0.108275	0.519993
828	0.856595	0.107509	0.520952
829	0.857223	0.107425	0.517397
830	0.859289	0.105743	0.515961
831	0.860489	0.104691	0.515652
832	0.85944	0.105474	0.508992
833	0.861034	0.104435	0.502444
834	0.862425	0.103442	0.503561
835	0.863775	0.102002	0.497969
836	0.865314	0.100957	0.501822
837	0.866361	0.100383	0.498943
838	0.866579	0.100439	0.490888
839	0.866585	0.100189	0.488727
840	0.868355	0.099042	0.486528
841	0.868753	0.0985382	0.482752
842	0.870341	0.0973198	0.481923
843	0.871407	0.0966061	0.483146
844	0.872278	0.0961612	0.478618
845	0.873342	0.094977	0.482956
846	0.874582	0.0942814	0.477426
847	0.876642	0.0928726	0.482003
848	0.876821	0.092633	0.476762
849	0.877535	0.0921419	0.482437
850	0.87822	0.0914477	0.479861
851	0.878221	0.0916545	0.478698
852	0.879438	0.090908	0.472144
853	0.879801	0.0904884	0.471668
854	0.881354	0.0892347	0.465255
855	0.882774	0.0880285	0.463523
856	0.885015	0.0865194	0.46079
857	0.884686	0.0866918	0.459296
858	0.885503	0.0865805	0.454766
859	0.88685	0.0853739	0.449121
860	0.887152	0.0846316	0.448372
861	0.889217	0.083255	0.446711
862	0.889998	0.0827649	0.443366
863	0.891897	0.081401	0.444165
864	0.893229	0.0803679	0.441333
865	0.893572	0.0800141	0.439052
866	0.894474	0.0792852	0.430301
867	0.896989	0.0773448	0.429078
868	0.897647	0.076609	0.429946
869	0.89826	0.0764207	0.416626
870	0.899791	0.0752842	0.420257
871	0.899969	0.0751186	0.4116
872	0.901012	0.0741648	0.41289
873	0.903723	0.0720203	0.416417
874	0.903384	0.0727093	0.41057
875	0.904549	0.0712695	0.405973
876	0.905934	0.0707428	0.400376
877	0.907522	0.0693501	0.404081
878	0.907181	0.0699949	0.392766
879	0.907976	0.0690231	0.385769
880	0.909946	0.0672798	0.386554
881	0.909301	0.0682798	0.377545
882	0.909482	0.0678673	0.374249
883	0.912135	0.0660467	0.376831
884	0.912717	0.0654507	0.373034
885	0.913792	0.0649284	0.368287
886	0.91577	0.0636086	0.361233
887	0.916307	0.0631614	0.349696
888	0.918294	0.0614349	0.354366
889	0.918834	0.0608272	0.350103
890	0.919621	0.0604407	0.343065
891	0.921411	0.0590458	0.337043
892	0.922276	0.0583362	0.3343
893	0.923683	0.0573795	0.329225
894	0.925075	0.0559532	0.325793
895	0.926219	0.055309	0.321366
896	0.92666	0.0553284	0.317347
897	0.929272	0.0527566	0.306219
898	0.929867	0.052477	0.303902
899	0.9307	0.0521132	0.296256
900	0.931688	0.0515173	0.285844
901	0.932394	0.0508211	0.281327
902	0.933774	0.0495463	0.272271
903	0.935521	0.0483744	0.26432
904	0.936493	0.0477224	0.26744
905	0.937679	0.0466464	0.259444
906	0.938055	0.046682	0.253137
907	0.940464	0.0445779	0.240253
908	0.941251	0.0437218	0.235642
909	0.941526	0.0438296	0.229145
910	0.943354	0.0423725	0.222075
911	0.945258	0.0410546	0.214593
912	0.947076	0.0395653	0.200822
913	0.946683	0.0397048	0.18677
914	0.948062	0.0389688	0.185655
915	0.949696	0.0373644	0.170613
916	0.951567	0.0360293	0.164837
917	0.952874	0.0349993	0.160094
918	0.952258	0.0357138	0.160289
919	0.953887	0.0344215	0.154552
920	0.954453	0.0337969	0.152356
921	0.953766	0.0345924	0.15629
922	0.954565	0.0341873	0.156989
923	0.955196	0.0337062	0.157603
924	0.955551	0.0334574	0.158566
925	0.956989	0.0322166	0.148534
926	0.955655	0.0334919	0.156555
927	0.958146	0.0315997	0.150925
928	0.956519	0.0329311	0.160457
929	0.956223	0.033079	0.151521
930	0.957349	0.0320817	0.147621
931	0.958226	0.0316412	0.156884
932	0.957986	0.0319769	0.147775
933	0.957634	0.0323333	0.148971
934	0.957549	0.0322401	0.155246
935	0.956314	0.0331291	0.157705
936	0.95589	0.0336285	0.161693
937	0.958395	0.0316014	0.154041
938	0.958538	0.0317784	0.154027
939	0.958852	0.0316925	0.152169
940	0.96052	0.030351	0.144575
941	0.959111	0.0314387	0.151127
942	0.960616	0.0301507	0.143721
943	0.959132	0.0313934	0.145971
944	0.960067	0.0306117	0.141594
945	0.960352	0.0304572	0.146198
946	0.959081	0.031515	0.157832
947	0.959637	0.0310628	0.152026
948	0.959967	0.0308218	0.145117
949	0.959888	0.0309625	0.14675
950	0.961928	0.0295835	0.14901
951	0.96272	0.0291078	0.147127
952	0.963157	0.028642	0.141998
953	0.963234	0.0285768	0.142085
954	0.962433	0.0293481	0.146669
955	0.962059	0.0296542	0.146584
956	0.963133	0.0287158	0.145994
957	0.961106	0.0305563	0.147782
958	0.962546	0.0292431	0.143868
959	0.962538	0.0292315	0.140887
960	0.96233	0.029468	0.144284
960	0.96233	0.029468	0.144284
961	0.961886	0.0297287	0.14219
962	0.960882	0.0306667	0.15237
963	0.960669	0.0308505	0.151323
964	0.960865	0.0307371	0.14924
965	0.962186	0.0295497	0.146626
966	0.961673	0.0299446	0.148766
967	0.961806	0.0299758	0.151756
968	0.960922	0.0307565	0.156036
969	0.960302	0.0310426	0.155165
970	0.961442	0.0301651	0.15027
971	0.961297	0.0302777	0.146619
972	0.960344	0.0309729	0.148907
973	0.967227	0.0261615	0.143443
974	0.967254	0.0264656	0.14142
975	0.965559	0.0277664	0.146436
976	0.966209	0.0271443	0.140853
977	0.96673	0.0267317	0.140327
978	0.965687	0.0276222	0.150758
979	0.965397	0.0278935	0.149878
980	0.966946	0.0264654	0.139302
981	0.965511	0.0276515	0.142051
982	0.966692	0.0267456	0.144976
983	0.966047	0.0274282	0.143535
984	0.965937	0.027342	0.146133
985	0.966418	0.0268629	0.147181
986	0.965279	0.0278386	0.144599
987	0.96549	0.0276166	0.148749
988	0.964891	0.0282819	0.145629
989	0.965399	0.0278644	0.149009
990	0.965843	0.0273628	0.141149
991	0.96599	0.0272558	0.1442
992	0.96661	0.0267688	0.144551
993	0.965768	0.0275451	0.143515
994	0.965239	0.0279831	0.144037
995	0.965969	0.0273711	0.147275
996	0.964923	0.0281841	0.14925
997	0.964995	0.0281519	0.148428
998	0.964823	0.0281407	0.153129
999	0.965102	0.0279774	0.147138
1000	0.963382	0.029462	0.153981
1001	0.964988	0.0282838	0.146578
1002	0.966156	0.0272013	0.145128
1003	0.964684	0.0283737	0.146825
1004	0.965652	0.0275708	0.14314
1005	0.966017	0.0273	0.147577
1006	0.965247	0.0277374	0.145205
1007	0.963958	0.0289354	0.161147
1008	0.964328	0.0286815	0.154426
1009	0.963681	0.0292843	0.154395
1010	0.964619	0.0285165	0.148423
1011	0.964905	0.0281832	0.148077
1012	0.966731	0.0264625	0.129
1013	0.966466	0.0268219	0.133956
1014	0.964743	0.02837	0.14369
1015	0.964672	0.0283356	0.144818
1016	0.965071	0.0280803	0.143359
1017	0.965264	0.0277946	0.13736
1018	0.965122	0.0279988	0.139392
1019	0.964904	0.0281611	0.144053
1020	0.964221	0.0286515	0.147563
1021	0.964927	0.0280433	0.147745
1022	0.964559	0.0284447	0.147009
1023	0.96531	0.0278561	0.140987
1024	0.965453	0.0275647	0.141821
1025	0.965487	0.0276113	0.142918
1026	0.970671	0.0246609	0.143388
1027	0.973966	0.0222118	0.136308
1028	0.974249	0.0219421	0.132724
1029	0.974134	0.0220284	0.128532
1030	0.974596	0.0216686	0.136822
1031	0.974299	0.0219339	0.136228
1032	0.974111	0.0220734	0.134222
1033	0.974294	0.0218115	0.134277
1034	0.974095	0.0220391	0.134048
1035	0.974109	0.0220831	0.133014
1036	0.974671	0.0216133	0.137247
1037	0.973762	0.0223521	0.133937
1038	0.973609	0.0224627	0.140127
1039	0.973687	0.0224849	0.142516
1040	0.973248	0.0228775	0.148515
1041	0.9738	0.0223075	0.143517
1042	0.972723	0.0232413	0.139523
1043	0.973339	0.0227205	0.135454
1044	0.972676	0.0234588	0.14442
1045	0.971898	0.0239555	0.150783
1046	0.97255	0.0235038	0.150887
1047	0.97232	0.0236325	0.153517
1048	0.972338	0.0234842	0.149191
1049	0.971892	0.0239018	0.156436
1050	0.971477	0.024273	0.154131
1051	0.971907	0.0239605	0.153267
1052	0.972936	0.0231495	0.147303
1053	0.973121	0.0229497	0.142112
1054	0.97338	0.02254	0.132425
1055	0.973288	0.0227706	0.139009
1056	0.973079	0.0229009	0.137663
1057	0.974205	0.0219544	0.131639
1058	0.973703	0.0223872	0.126495
1059	0.973304	0.0227939	0.133263
1060	0.972735	0.0231934	0.134129
1061	0.973852	0.0223141	0.139038
1062	0.974515	0.0216966	0.12775
1063	0.972876	0.0232297	0.138761
1064	0.973623	0.0225501	0.132913
1065	0.973082	0.0230247	0.142363
1066	0.972926	0.0230608	0.139209
1067	0.972448	0.0235448	0.147993
1068	0.972287	0.0237193	0.140779
1069	0.972703	0.0232576	0.137661
1070	0.974337	0.021889	0.13023
1071	0.972613	0.0233144	0.144262
1072	0.972759	0.0233104	0.143758
1073	0.973311	0.0227137	0.136252
1074	0.971845	0.0239288	0.1483
1075	0.971419	0.0244051	0.148752
1076	0.971774	0.0240638	0.14928
1077	0.972087	0.0237364	0.15058
1078	0.971499	0.0243002	0.152571
1079	0.972546	0.02341	0.147202
1080	0.97191	0.0239571	0.157432
1081	0.971511	0.0242643	0.158015
1082	0.972223	0.0236046	0.149037
1083	0.973241	0.0228306	0.145888
1084	0.972825	0.0231778	0.143587
1085	0.972907	0.0229857	0.133669
1086	0.972775	0.0232509	0.131159
1087	0.97276	0.0231796	0.14306
1088	0.9717	0.0241254	0.145817
1089	0.972624	0.0233031	0.147694
1090	0.971664	0.0241364	0.1465
1091	0.972829	0.0232599	0.139655
1092	0.971919	0.0238816	0.142004
1093	0.972366	0.0234764	0.146143
1094	0.972576	0.0233242	0.144148
1095	0.972421	0.0234084	0.136316
1096	0.97304	0.0229374	0.130772
1097	0.971538	0.0241249	0.140265
1098	0.972043	0.0238242	0.144989
1099	0.97214	0.0236623	0.140052
1100	0.970857	0.0247944	0.151188
1101	0.971309	0.0244842	0.149748
1102	0.972448	0.023508	0.143412
1103	0.970626	0.02495	0.147853
1104	0.970469	0.0251099	0.147849
1105	0.971118	0.0246178	0.155657
1106	0.970901	0.0247776	0.153643
1107	0.970528	0.0251455	0.159449
1108	0.970499	0.0250689	0.155655
1109	0.970744	0.0249378	0.147081
1110	0.970963	0.0248054	0.155729
1111	0.970147	0.025331	0.158153
1112	0.969699	0.0258364	0.165072
1113	0.971006	0.0246418	0.152243
1114	0.971125	0.024673	0.150041
1115	0.970457	0.0251741	0.155706
1116	0.970344	0.0253215	0.155173
1117	0.970351	0.0252815	0.151349
1118	0.97073	0.0249584	0.143162
1119	0.971316	0.0244102	0.146032
1120	0.972398	0.0233752	0.14355
1121	0.971291	0.0245054	0.150184
1122	0.971484	0.0241991	0.143926
1123	0.970989	0.0245864	0.145722
1124	0.972424	0.0234661	0.139312
1125	0.971237	0.0245531	0.144072
1126	0.97076	0.0248963	0.148271
1127	0.971458	0.0242141	0.141076
1128	0.971	0.0246198	0.151731
1129	0.971227	0.024461	0.144669
1130	0.970358	0.0252041	0.147057
1131	0.971527	0.0242914	0.145747
1132	0.970689	0.0248832	0.145862
1133	0.972212	0.0236699	0.143224
1134	0.970592	0.0251193	0.150032
1135	0.970536	0.0250193	0.14897
1136	0.97049	0.0250873	0.152422
1137	0.970415	0.0251948	0.153008
1138	0.969541	0.0259104	0.161752
1139	0.969953	0.0255272	0.157363
1140	0.970424	0.0252026	0.1598
1141	0.969743	0.0257178	0.165941
1142	0.96914	0.0262373	0.163579
1143	0.968632	0.0266519	0.158605
1144	0.970093	0.0254659	0.149537
1145	0.970371	0.025277	0.147925
1146	0.970965	0.0246042	0.145883
1147	0.971672	0.0240697	0.142316
1148	0.970753	0.0248679	0.149937
1149	0.97083	0.0247407	0.146897
1150	0.971285	0.0244604	0.148897
1151	0.97029	0.025365	0.145687
1152	0.970579	0.0249735	0.149697
1153	0.97188	0.0238881	0.147484
1154	0.970797	0.0249236	0.151172
1155	0.970281	0.0253038	0.15764
1156	0.970411	0.025162	0.14776
1157	0.970795	0.0248383	0.145038
1158	0.971004	0.0246633	0.146397
1159	0.971185	0.0244745	0.148744
1160	0.97122	0.0244807	0.146181
1161	0.970518	0.0251297	0.147551
1162	0.970132	0.0253828	0.146433
1163	0.969641	0.0256655	0.145758
1164	0.970106	0.0253329	0.144487
1165	0.969402	0.0260273	0.148606
1166	0.970189	0.0252011	0.143859
1167	0.969873	0.0255256	0.152198
1168	0.968518	0.0267599	0.155953
1169	0.969034	0.026297	0.153853
1170	0.96938	0.0260629	0.154878
1171	0.968359	0.0269656	0.15748
1172	0.96922	0.0262613	0.159484
1173	0.96919	0.0263366	0.16431
1174	0.969078	0.0262597	0.159108
1175	0.969641	0.0257381	0.155231
1176	0.969981	0.0254898	0.155472
1177	0.969345	0.0259819	0.157814
1178	0.969543	0.0257782	0.152482
1179	0.969504	0.0259392	0.153565
1180	0.969905	0.0254848	0.151185
1181	0.96819	0.0270711	0.164223
1182	0.968554	0.026643	0.164313
1183	0.968533	0.0266929	0.163642
1184	0.969296	0.0262027	0.161928
1185	0.967748	0.0273562	0.168029
1186	0.96794	0.0272752	0.165689
1187	0.969864	0.02565	0.152125
1188	0.97022	0.0253109	0.149217
1189	0.969542	0.025818	0.149991
1190	0.970179	0.0253301	0.149355
1191	0.970329	0.0252681	0.150496
1192	0.968475	0.0268406	0.158837
1193	0.967908	0.0271579	0.161948
1194	0.968345	0.0268825	0.169223
1195	0.968309	0.0268748	0.163772
1196	0.967033	0.0280136	0.169411
1197	0.967623	0.0274329	0.167003
1198	0.969207	0.0261554	0.162092
1199	0.968049	0.0272607	0.161349
1200	0.96998	0.0253914	0.149062
1201	0.969434	0.0258817	0.157076
1202	0.968912	0.0264969	0.156606
1203	0.969535	0.0257579	0.155808
1204	0.969072	0.0262455	0.160015
1205	0.968905	0.0264023	0.160377
1206	0.968335	0.0269226	0.15577
1207	0.968589	0.0265376	0.156409
1208	0.967924	0.0271746	0.158108
1209	0.967988	0.0272353	0.163783
1210	0.969137	0.0263036	0.154549
1211	0.968832	0.0264538	0.162798
1212	0.968183	0.0270423	0.16809
1213	0.968335	0.026918	0.159015
1214	0.969279	0.0259867	0.15364
1215	0.969986	0.0255897	0.147841
1216	0.992437	0.00722585	0.106378
1217	0.998984	0.00100175	0.131041
1218	0.999203	0.000786072	0.0997346
1219	0.99935	0.000639835	0.0777816
1220	0.999456	0.000535837	0.0614736
1221	0.999534	0.000458595	0.0501093
1222	0.999594	0.000399388	0.0414233
1223	0.999642	0.000352539	0.0351205
1224	0.99968	0.000314676	0.0301815
1225	0.999711	0.000283652	0.0259992
1226	0.999738	0.000257613	0.0228646
1227	0.99976	0.00023556	0.0202849
1228	0.999779	0.000216699	0.0180715
1229	0.999796	0.000200371	0.0162348
1230	0.99981	0.000186193	0.0145439
1231	0.999823	0.000173648	0.0132297
1232	0.999834	0.000162601	0.0119924
1233	0.999844	0.000152719	0.0109755
1234	0.999853	0.000143847	0.0101136
1235	0.999861	0.000135872	0.00933005
1236	0.999869	0.000128675	0.00860685
1237	0.999876	0.000122134	0.00797113
1238	0.999882	0.000116141	0.00743191
1239	0.999887	0.000110662	0.00693894
1240	0.999892	0.000105635	0.006487
1241	0.999897	0.000100978	0.00610701
1242	0.999901	9.67135e-05	0.00571623
1243	0.999905	9.27583e-05	0.00536604
1244	0.999909	8.90633e-05	0.00507006
1245	0.999913	8.56279e-05	0.00479373
1246	0.999916	8.24177e-05	0.00453948
1247	0.999919	7.94262e-05	0.00430109
1248	0.999922	7.66346e-05	0.00407006
1249	0.999925	7.40119e-05	0.00385684
1250	0.999927	7.15339e-05	0.00367235
1251	0.999929	6.91866e-05	0.00350989
1252	0.999932	6.69721e-05	0.00336121
1253	0.999934	6.48797e-05	0.00321942
1254	0.999936	6.28897e-05	0.00309198
1255	0.999938	6.10276e-05	0.00295972
1256	0.99994	5.92753e-05	0.00282625
1257	0.999941	5.75949e-05	0.00271037
1258	0.999943	5.59779e-05	0.00260585
1259	0.999944	5.44546e-05	0.00250734
1260	0.999946	5.29933e-05	0.00242041
1261	0.999947	5.16105e-05	0.00233055
1262	0.999949	5.0283e-05	0.00225113
1263	0.99995	4.90184e-05	0.00217233
1264	0.999951	4.78195e-05	0.00209262
1265	0.999952	4.66702e-05	0.00201553
1266	0.999954	4.55294e-05	0.0019534
1267	0.999955	4.44651e-05	0.00188976
1268	0.999956	4.34452e-05	0.00182926
1269	0.999957	4.24564e-05	0.00177307
1270	0.999958	4.15172e-05	0.00171682
1271	0.999959	4.06181e-05	0.00166192
1272	0.999959	3.97477e-05	0.00161084
1273	0.99996	3.89091e-05	0.00156329
1274	0.999961	3.80948e-05	0.00152019
1275	0.999962	3.73076e-05	0.00148122
1276	0.999963	3.65572e-05	0.00143944
1277	0.999963	3.58295e-05	0.00140045
1278	0.999964	3.51308e-05	0.00136001
1279	0.999965	3.44407e-05	0.00133033
1280	0.999966	3.37897e-05	0.00129292
1281	0.999966	3.31681e-05	0.00125326
1282	0.999967	3.25433e-05	0.00122722
1283	0.999967	3.19526e-05	0.00119402
1284	0.999968	3.13714e-05	0.00116736
1285	0.999969	3.08119e-05	0.00113909
1286	0.999969	3.02746e-05	0.00111025
1287	0.99997	2.97439e-05	0.00108649
1288	0.99997	2.92404e-05	0.00105886
1289	0.999971	2.87404e-05	0.0010368
1290	0.999971	2.82638e-05	0.00101103
1291	0.999972	2.77865e-05	0.000990473
1292	0.999972	2.73401e-05	0.000965733
1293	0.999973	2.68904e-05	0.00094872
1294	0.999973	2.64596e-05	0.000929517
1295	0.999973	2.60599e-05	0.000901836
1296	0.999974	2.56456e-05	0.000885956
1297	0.999974	2.52563e-05	0.00086434
1298	0.999975	2.48671e-05	0.000848279
1299	0.999975	2.4498e-05	0.000829195
1300	0.999975	2.41273e-05	0.000814756
