600	1.74538e-13	1.74521e-09	1.74538e-13
601	3.69424e-13	3.69387e-09	3.69424e-13
602	3.15757e-13	3.15725e-09	3.15757e-13
603	2.09862e-13	2.09841e-09	2.09862e-13
604	1.43894e-13	1.4388e-09	1.43894e-13
605	3.02988e-13	3.02958e-09	3.02988e-13
606	2.46471e-13	2.46446e-09	2.46471e-13
607	2.74994e-13	2.74967e-09	2.74994e-13
608	1.69733e-13	1.69716e-09	1.69733e-13
609	1.32848e-13	1.32835e-09	1.32848e-13
610	8.86564e-14	8.86475e-10	8.86564e-14
611	7.99705e-14	7.99625e-10	7.99705e-14
612	2.05238e-13	2.05217e-09	2.05238e-13
613	1.57368e-13	1.57352e-09	1.57368e-13
614	1.29696e-13	1.29683e-09	1.29696e-13
615	1.60238e-13	1.60222e-09	1.60238e-13
616	1.56317e-13	1.56301e-09	1.56317e-13
617	9.6512e-14	9.65023e-10	9.6512e-14
618	1.07534e-13	1.07523e-09	1.07534e-13
619	9.35106e-14	9.35012e-10	9.35106e-14
620	6.13999e-14	6.13938e-10	6.13999e-14
621	8.29095e-14	5.3671e-10	8.29095e-14
622	1.84486e-13	9.97278e-10	1.84486e-13
623	2.61887e-13	1.76376e-09	2.61886e-13
624	3.16382e-13	1.89273e-09	3.16381e-13
625	2.54794e-13	1.43852e-09	2.54794e-13
626	2.1479e-13	1.31376e-09	2.14789e-13
627	1.57447e-13	8.74281e-10	1.57447e-13
628	3.14263e-13	2.07119e-09	3.14263e-13
629	1.79412e-13	1.13671e-09	1.79412e-13
630	1.80392e-13	1.25579e-09	1.80392e-13
631	3.37583e-13	2.38228e-09	3.37583e-13
632	1.04255e-13	7.06777e-10	1.04255e-13
633	1.55314e-13	1.02852e-09	1.55314e-13
634	2.83411e-13	1.88435e-09	2.83411e-13
635	2.03311e-13	1.28469e-09	2.03311e-13
636	1.99237e-13	1.3026e-09	1.99237e-13
637	1.53113e-13	9.62698e-10	1.53113e-13
638	1.11327e-13	6.4211e-10	1.11327e-13
639	1.79823e-13	1.15257e-09	1.79823e-13
640	1.39993e-13	8.82768e-10	1.39993e-13
641	1.2771e-13	8.40455e-10	1.2771e-13
642	2.28501e-13	1.49607e-09	2.28501e-13
643	1.31438e-13	8.41447e-10	1.31438e-13
644	1.22158e-13	7.99572e-10	1.22158e-13
645	9.55246e-14	6.13545e-10	9.55245e-14
646	1.98199e-13	1.35644e-09	1.98199e-13
647	1.51724e-13	1.03461e-09	1.51724e-13
648	1.36081e-13	8.90993e-10	1.36081e-13
649	8.55624e-14	5.75768e-10	8.55624e-14
650	6.01692e-14	3.80394e-10	6.01691e-14
651	1.66103e-13	1.14564e-09	1.66103e-13
652	1.4379e-13	9.8731e-10	1.4379e-13
653	1.21373e-13	8.21903e-10	1.21373e-13
654	1.03082e-13	6.95813e-10	1.03082e-13
655	1.5939e-14	5.65191e-11	1.5939e-14
656	1.34478e-13	6.52391e-10	1.34478e-13
657	1.18691e-13	6.30074e-10	1.18691e-13
658	1.12352e-13	5.21184e-10	1.12352e-13
659	1.12274e-13	4.85932e-10	1.12274e-13
660	5.61233e-14	2.41344e-10	5.61233e-14
661	6.56597e-14	3.41893e-10	6.56596e-14
662	6.82518e-14	2.87402e-10	6.82518e-14
663	4.24528e-14	1.90755e-10	4.24527e-14
664	6.1786e-14	2.51118e-10	6.17859e-14
665	5.62322e-14	2.53159e-10	5.62321e-14
666	8.44859e-14	4.69028e-10	8.44859e-14
667	1.74e-13	9.7736e-10	1.74e-13
668	4.60368e-14	2.27512e-10	4.60368e-14
669	1.58571e-13	8.78643e-10	1.58571e-13
670	1.10971e-13	5.50847e-10	1.10971e-13
671	1.85074e-13	1.02454e-09	1.85074e-13
672	7.27618e-14	3.8394e-10	7.27617e-14
673	1.55635e-13	8.56296e-10	1.55635e-13
674	1.67447e-13	9.21417e-10	1.67447e-13
675	1.19457e-13	5.33038e-10	1.19457e-13
676	1.68652e-13	9.43995e-10	1.68651e-13
677	9.86575e-14	3.62335e-10	9.8656e-14
678	6.57085e-14	2.26635e-10	6.57061e-14
679	7.92367e-14	3.2505e-10	7.92348e-14
680	1.10465e-13	3.06964e-10	1.10463e-13
681	1.66933e-13	4.94117e-10	1.66931e-13
682	1.69895e-13	5.05379e-10	1.69894e-13
683	1.59534e-13	4.08201e-10	1.59533e-13
684	7.97959e-14	1.98745e-10	7.97935e-14
685	1.70878e-13	4.81434e-10	1.70876e-13
686	1.48418e-13	4.53271e-10	1.48415e-13
687	1.14277e-13	2.82226e-10	1.14276e-13
688	1.5052e-13	4.01803e-10	1.50519e-13
689	1.14162e-13	2.82027e-10	1.1416e-13
690	1.54583e-13	4.04821e-10	1.54582e-13
691	6.5382e-14	1.56722e-10	6.5381e-14
692	1.07217e-13	2.46561e-10	1.07217e-13
693	1.15232e-13	3.0205e-10	1.15231e-13
694	8.89618e-14	2.28004e-10	8.8961e-14
695	8.88739e-14	2.29794e-10	8.88734e-14
696	8.30482e-14	2.21791e-10	8.30477e-14
697	9.36231e-14	2.2609e-10	9.36225e-14
698	8.76564e-14	2.14799e-10	8.76547e-14
699	8.08458e-14	1.89222e-10	8.08451e-14
700	7.60319e-14	2.13094e-10	7.60301e-14
701	8.02016e-14	1.89529e-10	8.02007e-14
702	5.61961e-14	1.30981e-10	5.61952e-14
703	5.76166e-14	1.62155e-10	5.76155e-14
704	7.66803e-14	1.80932e-10	7.6678e-14
705	8.97459e-14	2.0832e-10	8.97454e-14
706	3.81165e-14	9.56686e-11	3.8115e-14
707	6.95986e-14	1.69017e-10	6.95969e-14
708	5.31257e-14	1.29002e-10	5.3124e-14
709	3.25575e-14	8.16087e-11	3.25565e-14
710	5.5067e-14	1.30124e-10	5.50666e-14
711	4.63948e-14	1.13099e-10	4.6393e-14
712	4.84675e-14	1.17586e-10	4.84667e-14
713	4.13707e-14	1.0101e-10	4.13697e-14
714	3.87576e-14	9.33961e-11	3.87568e-14
715	2.55174e-14	7.0383e-11	2.55165e-14
716	2.62989e-14	7.02113e-11	2.62984e-14
717	2.49182e-14	6.47385e-11	2.49181e-14
718	1.97997e-14	4.41276e-11	1.97992e-14
719	2.32593e-14	5.42373e-11	2.32589e-14
720	2.42443e-14	6.2434e-11	2.42438e-14
721	1.12161e-14	2.60854e-11	1.12154e-14
722	2.5508e-14	6.69316e-11	2.55076e-14
723	2.37446e-14	4.9824e-11	2.37442e-14
724	3.34821e-14	7.14865e-11	3.3482e-14
725	4.5318e-14	9.79826e-11	4.53178e-14
726	1.14734e-13	3.48547e-10	1.14733e-13
727	5.13929e-14	1.27862e-10	5.13914e-14
728	1.14878e-13	2.48406e-10	1.14874e-13
729	3.93e-14	6.92412e-11	3.92989e-14
730	1.19474e-13	2.2943e-10	1.19469e-13
731	6.18467e-14	1.13331e-10	6.18456e-14
732	6.31204e-14	1.27875e-10	6.31168e-14
733	1.32773e-13	2.37513e-10	1.32768e-13
734	1.40847e-13	2.45551e-10	1.40844e-13
735	6.61904e-13	1.31626e-09	6.61828e-13
736	3.50093e-12	1.08145e-08	3.50072e-12
737	2.16535e-11	9.49048e-08	2.16519e-11
738	2.98876e-11	1.3197e-07	2.98857e-11
739	4.51806e-11	2.2359e-07	4.51745e-11
740	1.29404e-11	4.62018e-08	1.29393e-11
741	2.26542e-11	8.90112e-08	2.26523e-11
742	2.02367e-12	4.56294e-09	2.02342e-12
743	1.16236e-12	2.25223e-09	1.16218e-12
744	1.44775e-11	5.23937e-08	1.44764e-11
745	1.77899e-11	6.61921e-08	1.7788e-11
746	1.20609e-11	3.66705e-08	1.20593e-11
747	1.12682e-11	3.31444e-08	1.12671e-11
748	2.17196e-11	7.59378e-08	2.17174e-11
749	6.82172e-11	2.48372e-07	6.82143e-11
750	1.03361e-10	3.77796e-07	1.03359e-10
751	3.87097e-11	1.31975e-07	3.87072e-11
752	5.26677e-11	2.00433e-07	5.26617e-11
753	7.3636e-11	2.66758e-07	7.36299e-11
754	1.65012e-11	3.81299e-08	1.64991e-11
755	2.72378e-11	9.7242e-08	2.72343e-11
756	1.72307e-11	4.96626e-08	1.72276e-11
757	2.39376e-11	7.64305e-08	2.3934e-11
758	4.22676e-11	1.46314e-07	4.22627e-11
759	6.42284e-11	1.98142e-07	6.42248e-11
760	4.29895e-11	1.32096e-07	4.29866e-11
761	2.58613e-11	7.03231e-08	2.58595e-11
762	2.80362e-11	8.54189e-08	2.80325e-11
763	2.33382e-11	6.45477e-08	2.33346e-11
764	3.50193e-11	1.07155e-07	3.50151e-11
765	2.92445e-11	8.96276e-08	2.92388e-11
766	4.07496e-11	1.23954e-07	4.07419e-11
767	3.0803e-11	9.16021e-08	3.07954e-11
768	1.67758e-11	4.68633e-08	1.67698e-11
769	4.65226e-11	1.39271e-07	4.65105e-11
770	5.47973e-11	1.42959e-07	5.47831e-11
771	4.10168e-11	9.52507e-08	4.10072e-11
772	5.55907e-11	1.53679e-07	5.55732e-11
773	3.69936e-11	8.23689e-08	3.69813e-11
774	4.52365e-11	1.02076e-07	4.52264e-11
775	3.94035e-11	7.26107e-08	3.93889e-11
776	4.70444e-11	1.0692e-07	4.70325e-11
777	1.46815e-11	1.77189e-08	1.46796e-11
778	4.18924e-11	9.31063e-08	4.18761e-11
779	4.8539e-11	8.73706e-08	4.85256e-11
780	3.51075e-11	7.95532e-08	3.50979e-11
781	2.86161e-11	4.19124e-08	2.8608e-11
782	1.65766e-11	2.66863e-08	1.65711e-11
783	2.86702e-11	5.85632e-08	2.86573e-11
784	3.6149e-11	8.14216e-08	3.61384e-11
785	2.74482e-11	5.40602e-08	2.74348e-11
786	4.61547e-11	9.49571e-08	4.61367e-11
787	4.60236e-11	9.50939e-08	4.60049e-11
788	1.52635e-11	1.74625e-08	1.52582e-11
789	4.99563e-11	9.40479e-08	4.99352e-11
790	1.91422e-11	1.58995e-08	1.91335e-11
791	2.20973e-11	2.21029e-08	2.20884e-11
792	3.37329e-11	4.24414e-08	3.37146e-11
793	5.22877e-11	5.95002e-08	5.22621e-11
794	6.73439e-11	7.83902e-08	6.73133e-11
795	1.13043e-10	1.64298e-07	1.12995e-10
796	1.5937e-10	2.12884e-07	1.59277e-10
797	5.20158e-11	4.01027e-08	5.19903e-11
798	1.35401e-10	1.67159e-07	1.35346e-10
799	2.88087e-10	3.48017e-07	2.87908e-10
800	1.18829e-10	1.01832e-07	1.18758e-10
801	6.83165e-10	1.11773e-06	6.82715e-10
802	3.82744e-10	4.44405e-07	3.82532e-10
803	2.75782e-10	3.14352e-07	2.75643e-10
804	1.4074e-10	7.99387e-08	1.40666e-10
805	5.46857e-10	7.17455e-07	5.46563e-10
806	1.75895e-10	1.1264e-07	1.75797e-10
807	4.44899e-10	3.96496e-07	4.44561e-10
808	7.8945e-10	8.21668e-07	7.88819e-10
809	4.32154e-10	3.53612e-07	4.31815e-10
810	4.18624e-10	4.11951e-07	4.18319e-10
811	8.01175e-10	6.95559e-07	8.00607e-10
812	5.92448e-10	4.06368e-07	5.92034e-10
813	4.72388e-09	8.15236e-06	4.72172e-09
814	1.82201e-09	1.86533e-06	1.82069e-09
815	2.64785e-09	3.48266e-06	2.64614e-09
816	5.20707e-09	7.7565e-06	5.20389e-09
817	4.91635e-09	6.7938e-06	4.91277e-09
818	1.46634e-08	3.04406e-05	1.46548e-08
819	8.54359e-09	1.39876e-05	8.53697e-09
820	1.75344e-09	1.46125e-06	1.75132e-09
821	3.45998e-09	3.74754e-06	3.45674e-09
822	8.35892e-09	1.18599e-05	8.35145e-09
823	3.13384e-09	3.41857e-06	3.13071e-09
824	1.22036e-08	2.01896e-05	1.219e-08
825	4.71956e-09	4.96279e-06	4.71546e-09
826	2.88045e-09	1.51872e-06	2.87651e-09
827	1.25835e-08	1.64596e-05	1.25696e-08
828	5.0853e-09	3.55286e-06	5.07982e-09
829	4.30012e-09	3.89014e-06	4.29374e-09
830	8.22924e-09	5.7376e-06	8.22014e-09
831	1.04462e-08	8.21316e-06	1.04317e-08
832	8.12114e-09	4.75212e-06	8.10868e-09
833	1.06817e-08	6.23823e-06	1.06667e-08
834	1.59868e-08	1.11952e-05	1.59638e-08
835	1.33765e-08	8.30334e-06	1.3355e-08
836	1.17678e-08	7.46778e-06	1.17464e-08
837	1.21859e-08	5.61939e-06	1.21679e-08
838	1.11299e-08	6.16969e-06	1.11113e-08
839	1.14332e-08	3.22553e-06	1.1412e-08
840	1.79598e-08	7.73041e-06	1.79235e-08
841	1.56434e-08	5.3805e-06	1.56174e-08
842	2.26408e-08	6.80135e-06	2.25949e-08
843	1.93831e-08	4.86554e-06	1.93438e-08
844	2.07466e-08	7.31945e-06	2.0696e-08
845	2.31628e-08	6.49636e-06	2.31002e-08
846	3.07434e-08	8.32186e-06	3.06646e-08
847	4.79632e-08	1.89987e-05	4.78558e-08
848	3.79611e-08	1.08455e-05	3.7872e-08
849	3.13079e-08	8.32261e-06	3.1224e-08
850	5.09183e-08	1.31134e-05	5.07516e-08
851	4.68983e-08	1.02175e-05	4.6758e-08
852	5.18013e-08	1.1244e-05	5.16505e-08
853	7.45775e-08	1.81782e-05	7.43458e-08
854	8.32623e-08	2.15342e-05	8.29614e-08
855	9.84943e-08	2.10075e-05	9.81545e-08
856	1.66183e-07	5.38049e-05	1.65628e-07
857	1.16765e-07	2.27933e-05	1.16326e-07
858	1.15089e-07	1.85587e-05	1.14553e-07
859	1.16503e-07	1.4636e-05	1.15994e-07
860	1.47435e-07	1.80227e-05	1.46732e-07
861	1.73609e-07	2.47426e-05	1.72684e-07
862	2.02327e-07	2.54349e-05	2.01312e-07
863	3.16151e-07	5.14629e-05	3.14423e-07
864	2.37256e-07	2.96135e-05	2.35956e-07
865	2.57642e-07	2.30413e-05	2.56261e-07
866	3.78638e-07	4.49008e-05	3.7634e-07
867	3.73386e-07	3.39458e-05	3.71117e-07
868	3.73377e-07	2.95246e-05	3.71014e-07
869	5.1684e-07	4.04106e-05	5.13432e-07
870	6.08448e-07	4.96627e-05	6.03531e-07
871	6.57628e-07	4.44399e-05	6.52365e-07
872	6.71947e-07	3.9912e-05	6.66201e-07
873	8.4549e-07	5.69187e-05	8.38508e-07
874	1.02342e-06	6.19716e-05	1.01437e-06
875	1.14181e-06	7.53613e-05	1.13051e-06
876	1.20889e-06	6.95853e-05	1.19623e-06
877	1.697e-06	0.000105854	1.67971e-06
878	1.65708e-06	8.03955e-05	1.6378e-06
879	1.87884e-06	8.81545e-05	1.85567e-06
880	1.98495e-06	7.72974e-05	1.95881e-06
881	2.49571e-06	0.000111947	2.46117e-06
882	2.82794e-06	0.000121756	2.78692e-06
883	3.31075e-06	0.000117083	3.26352e-06
884	3.89798e-06	0.000129159	3.83083e-06
885	4.6312e-06	0.000161502	4.5498e-06
886	5.16109e-06	0.000151893	5.07152e-06
887	5.67264e-06	0.000147401	5.56435e-06
888	7.09808e-06	0.000170335	6.95178e-06
889	8.47936e-06	0.000198237	8.28432e-06
890	9.32925e-06	0.000190054	9.10782e-06
891	1.09521e-05	0.000246885	1.06729e-05
892	1.30093e-05	0.000253294	1.26697e-05
893	1.44387e-05	0.000249051	1.40243e-05
894	1.74009e-05	0.000276265	1.6863e-05
895	1.87348e-05	0.000283628	1.81023e-05
896	2.22878e-05	0.000326661	2.14751e-05
897	2.80667e-05	0.000411087	2.69833e-05
898	3.44497e-05	0.000446482	3.3037e-05
899	3.78058e-05	0.000450745	3.61804e-05
900	4.20961e-05	0.000482014	4.00651e-05
901	5.23414e-05	0.000528657	4.96819e-05
902	6.47637e-05	0.000656471	6.12071e-05
903	7.73646e-05	0.000704342	7.27592e-05
904	8.80596e-05	0.000782097	8.23817e-05
905	0.000102828	0.00072628	9.57463e-05
906	0.00012146	0.000876171	0.000112123
907	0.000145519	0.000978948	0.000133331
908	0.00016894	0.00102457	0.000153167
909	0.000206783	0.00118399	0.000185986
910	0.000250143	0.00134923	0.0002228
911	0.000285028	0.00139706	0.000251111
912	0.000344899	0.00159026	0.000299933
913	0.000428388	0.00172547	0.000366458
914	0.000499309	0.00193979	0.000420115
915	0.000592724	0.00217005	0.000493124
916	0.000686612	0.00236932	0.000563066
917	0.000750124	0.00239063	0.00061178
918	0.000831141	0.00250465	0.0006721
919	0.00091637	0.00280303	0.000743136
920	0.00105458	0.00326983	0.000850578
921	0.00112369	0.00334113	0.000899643
922	0.00115226	0.00336357	0.000919147
923	0.00121766	0.00357775	0.000974439
924	0.00138443	0.00403928	0.00110132
925	0.00135407	0.00404811	0.0010843
926	0.0014449	0.00421346	0.00115459
927	0.00166678	0.00457335	0.00131926
928	0.00157009	0.00412145	0.00124413
929	0.00157607	0.0043156	0.00125294
930	0.00148767	0.00425023	0.00118483
931	0.00197877	0.00536602	0.00157167
932	0.0020941	0.00542459	0.0016432
933	0.00206258	0.00535734	0.00162174
934	0.00199159	0.00540824	0.00156844
935	0.00188151	0.00504469	0.00148235
936	0.00181606	0.00480715	0.00142958
937	0.00178817	0.00485095	0.00141569
938	0.00260366	0.00650511	0.00202704
939	0.002923	0.00696244	0.00225776
940	0.00276601	0.00682651	0.00213841
941	0.00270365	0.00648897	0.00210149
942	0.00254362	0.00619597	0.00198263
943	0.00255692	0.00637572	0.00199357
944	0.002421	0.00612665	0.00189165
945	0.00233634	0.0059198	0.00183405
946	0.00222962	0.0057753	0.00175049
947	0.00223176	0.00570153	0.00175236
948	0.00206263	0.00531648	0.00162223
949	0.00206033	0.00560638	0.00163084
950	0.00383126	0.0090853	0.00295292
951	0.00446503	0.0096652	0.00337175
952	0.00429854	0.00951358	0.00329352
953	0.00416772	0.00925401	0.00320278
954	0.00409167	0.00952304	0.00313229
955	0.0039098	0.00896219	0.0030076
956	0.00380531	0.00862369	0.00291832
957	0.00356704	0.0083245	0.00274491
958	0.00351494	0.00805343	0.00271625
959	0.00344746	0.00805955	0.00265396
960	0.0032334	0.00803302	0.00251057
960	0.0032334	0.00803302	0.00251057
961	0.00322147	0.00762943	0.00251293
962	0.00306711	0.00746836	0.00237777
963	0.00305495	0.00737067	0.00236358
964	0.00293378	0.00724388	0.0022879
965	0.00280003	0.00697422	0.00218584
966	0.00276361	0.00703554	0.00216611
967	0.0026109	0.00650239	0.00204061
968	0.00255828	0.00654825	0.00200504
969	0.00243788	0.00627324	0.00191777
970	0.00238558	0.00633011	0.00186935
971	0.00232729	0.00604454	0.00182931
972	0.00238715	0.00618716	0.00188406
973	0.00810553	0.0152572	0.00604853
974	0.0086434	0.0165833	0.00640284
975	0.00825627	0.0160964	0.00612947
976	0.00789878	0.0151188	0.00585093
977	0.0078069	0.0155517	0.00579548
978	0.00761592	0.0152149	0.00567865
979	0.00750843	0.0151257	0.00563645
980	0.0073854	0.0145248	0.00555049
981	0.00691243	0.0135991	0.00519968
982	0.00690905	0.0138087	0.00519319
983	0.00662216	0.0134523	0.00497509
984	0.00646082	0.0130325	0.0048888
985	0.0062297	0.0128424	0.00471114
986	0.00610673	0.0131206	0.00464118
987	0.00585741	0.0123725	0.00447839
988	0.00574343	0.0121747	0.00435484
989	0.00547778	0.0115596	0.00417423
990	0.00545061	0.0115377	0.00418537
991	0.00538559	0.0116774	0.00412182
992	0.00509268	0.0113679	0.00391557
993	0.0050769	0.0114757	0.0039084
994	0.00481622	0.0109627	0.0036911
995	0.00469297	0.0106337	0.0036066
996	0.00456226	0.0107698	0.00350821
997	0.00440276	0.0102224	0.00340093
998	0.00422904	0.00998233	0.00325551
999	0.00409954	0.00959191	0.00317619
1000	0.00401328	0.00983429	0.00313725
1001	0.00390589	0.00956879	0.00303151
1002	0.00381264	0.00959599	0.00297211
1003	0.00374548	0.00945399	0.00294542
1004	0.00364873	0.00891672	0.00286192
1005	0.00346227	0.00854826	0.00269661
1006	0.00342332	0.00865523	0.00267272
1007	0.00327155	0.00859544	0.00257791
1008	0.00324907	0.00833284	0.00256646
1009	0.00303804	0.00793417	0.00238775
1010	0.00296125	0.00800131	0.00233049
1011	0.00282771	0.00745162	0.00223739
1012	0.00278152	0.00779032	0.00220818
1013	0.00268398	0.00705183	0.00214359
1014	0.00270202	0.00752577	0.00215144
1015	0.00252986	0.00691738	0.00202556
1016	0.00246064	0.00691082	0.001955
1017	0.00237236	0.00684434	0.00190726
1018	0.00227905	0.00645201	0.00183263
1019	0.00219902	0.00629408	0.00176771
1020	0.00217944	0.00605475	0.00174136
1021	0.00210673	0.00613754	0.00168972
1022	0.00208934	0.00604038	0.00168472
1023	0.00193982	0.00561353	0.00156874
1024	0.00191828	0.00592785	0.00155078
1025	0.00188693	0.0057715	0.00152533
1026	0.0199767	0.0331548	0.0145625
1027	0.0274446	0.0387218	0.0189261
1028	0.0276128	0.0392847	0.01896
1029	0.0262287	0.0374648	0.0181951
1030	0.0265167	0.0384207	0.0185364
1031	0.025815	0.0373717	0.0180866
1032	0.0253184	0.0374371	0.0177113
1033	0.0249265	0.0359936	0.017545
1034	0.0245854	0.0367414	0.0171526
1035	0.0239662	0.0359626	0.016699
1036	0.0236132	0.0358539	0.0166925
1037	0.0228322	0.0343737	0.01603
1038	0.0225323	0.0340863	0.015958
1039	0.0217272	0.0346986	0.0153036
1040	0.0216286	0.0333863	0.0153337
1041	0.021336	0.033277	0.0150891
1042	0.0209296	0.0324418	0.0148724
1043	0.0203368	0.0323247	0.0145047
1044	0.0197033	0.0310738	0.014058
1045	0.0195826	0.0317093	0.0139976
1046	0.0190342	0.0305477	0.0136951
1047	0.0184861	0.0305713	0.0132188
1048	0.0180208	0.0294968	0.0129757
1049	0.0183026	0.0309727	0.0131626
1050	0.0175556	0.0286335	0.0127056
1051	0.0169639	0.0283929	0.0122757
1052	0.016815	0.0277251	0.0121874
1053	0.0163662	0.0277336	0.0119205
1054	0.0163402	0.0282686	0.0118491
1055	0.0159021	0.0273537	0.0116615
1056	0.0152662	0.025866	0.0111816
1057	0.0150602	0.026226	0.0110085
1058	0.0147544	0.0257601	0.0108481
1059	0.0145499	0.0259132	0.0107198
1060	0.0141566	0.0255393	0.010477
1061	0.0141252	0.0251408	0.0104205
1062	0.013753	0.0254892	0.0101247
1063	0.0134493	0.0244082	0.00989674
1064	0.0131855	0.024897	0.00971787
1065	0.0130472	0.0236407	0.00973275
1066	0.0126318	0.023418	0.00936056
1067	0.0121454	0.0232888	0.00907963
1068	0.0118365	0.0223463	0.00878202
1069	0.011936	0.0223121	0.0089475
1070	0.0117124	0.0225716	0.00873968
1071	0.0108444	0.0210013	0.0081253
1072	0.0106241	0.0206386	0.00800729
1073	0.0107853	0.0214439	0.00809319
1074	0.0103967	0.0209142	0.00782345
1075	0.0101557	0.0202127	0.00763181
1076	0.010038	0.0203199	0.00759502
1077	0.00969509	0.0197943	0.00732207
1078	0.00948028	0.0195267	0.00723194
1079	0.009317	0.0198846	0.00705281
1080	0.00926626	0.0197377	0.00705555
1081	0.00894711	0.0188376	0.00682903
1082	0.00881895	0.0188414	0.00670934
1083	0.00832117	0.0179388	0.00633765
1084	0.00821954	0.0175249	0.00629248
1085	0.0081536	0.0175552	0.00623143
1086	0.00791963	0.0171702	0.00607418
1087	0.00769	0.0166007	0.00592706
1088	0.00743441	0.0166366	0.0057526
1089	0.00723433	0.0160139	0.00557732
1090	0.00730289	0.0165699	0.00562518
1091	0.0072692	0.0165773	0.00561247
1092	0.00697232	0.015814	0.00540187
1093	0.00693807	0.0167113	0.00540125
1094	0.006452	0.0153405	0.00503124
1095	0.00635132	0.014748	0.00498736
1096	0.00602094	0.0140429	0.00470568
1097	0.00587512	0.0135466	0.0045947
1098	0.0056618	0.0138312	0.0044622
1099	0.00561063	0.0137841	0.00441108
1100	0.00557812	0.0138803	0.00441946
1101	0.00531663	0.0131292	0.00418956
1102	0.00522371	0.0130252	0.00413027
1103	0.00517852	0.0128914	0.00406752
1104	0.00501668	0.0128947	0.00396151
1105	0.00503987	0.0132802	0.00399361
1106	0.0048045	0.0124021	0.00382231
1107	0.00472769	0.0125666	0.00377077
1108	0.00457195	0.0123642	0.00363936
1109	0.00436292	0.0111329	0.00347015
1110	0.0042716	0.0113146	0.00341656
1111	0.0041236	0.011094	0.00329957
1112	0.00424289	0.0116571	0.00338577
1113	0.00399922	0.0112051	0.00320705
1114	0.00380279	0.010929	0.003044
1115	0.00383963	0.0109923	0.0031038
1116	0.00356115	0.0100745	0.0028794
1117	0.0035002	0.0102615	0.00281697
1118	0.00339172	0.0098908	0.00273341
1119	0.00331044	0.00990552	0.00270005
1120	0.00330949	0.00990509	0.00269095
1121	0.003114	0.00943642	0.00251513
1122	0.00306488	0.00948277	0.00250679
1123	0.00300637	0.00928345	0.00245974
1124	0.00288676	0.00917433	0.00236622
1125	0.00284871	0.00891072	0.0023385
1126	0.00266397	0.00827385	0.0021803
1127	0.00266329	0.00835925	0.00217951
1128	0.00264919	0.00860142	0.0021837
1129	0.00242887	0.00795942	0.00199285
1130	0.00248627	0.00804661	0.00204645
1131	0.00237376	0.00773184	0.00196256
1132	0.00223035	0.00734334	0.0018391
1133	0.00227626	0.00717167	0.00188424
1134	0.00214402	0.00756347	0.00177596
1135	0.00209606	0.00698489	0.00172995
1136	0.00208259	0.0070577	0.00172871
1137	0.00199574	0.00665807	0.00166204
1138	0.00191785	0.00676664	0.00159999
1139	0.00184004	0.00627731	0.00153134
1140	0.00185015	0.00641796	0.00154521
1141	0.00173486	0.00627503	0.00144778
1142	0.00174178	0.00621304	0.00145454
1143	0.00161155	0.00585385	0.00134625
1144	0.00160956	0.00593914	0.00134187
1145	0.00155814	0.00565507	0.00130635
1146	0.00151366	0.00579662	0.00126899
1147	0.00148841	0.00576228	0.00125291
1148	0.00139994	0.00539472	0.00118089
1149	0.00134866	0.00510872	0.00113885
1150	0.00132098	0.00512297	0.00111109
1151	0.00131281	0.00537167	0.00111047
1152	0.00121545	0.0048561	0.00102735
1153	0.00119087	0.00482257	0.00101061
1154	0.00120227	0.00491885	0.00101674
1155	0.00115899	0.00467624	0.000982644
1156	0.00111598	0.00448947	0.000947125
1157	0.00110678	0.00457868	0.00094196
1158	0.00107432	0.00467647	0.000918143
1159	0.00103437	0.00456823	0.000881704
1160	0.0010042	0.00433566	0.000858778
1161	0.000940425	0.00402285	0.000804026
1162	0.000913317	0.00396685	0.000782462
1163	0.000923037	0.00394768	0.000790256
1164	0.000863099	0.00391548	0.000739893
1165	0.000823871	0.00365774	0.000709615
1166	0.000798473	0.00355214	0.000684403
1167	0.000757777	0.00351459	0.000650761
1168	0.000764419	0.00361218	0.0006585
1169	0.000733139	0.0035369	0.000632972
1170	0.000682772	0.00328584	0.000591301
1171	0.000704576	0.00339113	0.000611084
1172	0.000660093	0.00318794	0.000570752
1173	0.000627243	0.00312109	0.000546417
1174	0.000617722	0.00288591	0.000535521
1175	0.000589473	0.00301768	0.00051233
1176	0.000532538	0.00258966	0.000462504
1177	0.00056043	0.00282565	0.000488126
1178	0.000537364	0.00278526	0.000471233
1179	0.000513962	0.0026406	0.000448957
1180	0.000464755	0.00245361	0.000405277
1181	0.000476595	0.00250246	0.000416664
1182	0.000470883	0.00277425	0.00041229
1183	0.000436736	0.00223326	0.000382941
1184	0.00044432	0.00253087	0.000389724
1185	0.000409959	0.00226063	0.000359562
1186	0.000409453	0.00226452	0.000359873
1187	0.000391913	0.00221399	0.000343759
1188	0.00039283	0.00240646	0.000345779
1189	0.000365279	0.00217987	0.000322013
1190	0.00034087	0.00200669	0.00030104
1191	0.000345697	0.00230269	0.00030522
1192	0.000324477	0.00192694	0.000286187
1193	0.000324831	0.00207433	0.000287724
1194	0.000309674	0.00205419	0.000274928
1195	0.000295657	0.00192937	0.000262161
1196	0.00027959	0.00176815	0.000247936
1197	0.000263074	0.00164028	0.000233784
1198	0.000252742	0.00160656	0.000224997
1199	0.000248946	0.00159659	0.000221654
1200	0.000243195	0.00166558	0.000217083
1201	0.000231897	0.00151337	0.000206921
1202	0.000219446	0.00145305	0.000195322
1203	0.000224601	0.00156522	0.000201341
1204	0.000212219	0.00159395	0.000189928
1205	0.000190639	0.00141786	0.000170717
1206	0.000181337	0.00127183	0.000162445
1207	0.00018749	0.0013138	0.000168016
1208	0.00018759	0.00145877	0.000168624
1209	0.000167085	0.0011515	0.000149955
1210	0.000165849	0.00128622	0.000148999
1211	0.000157609	0.00119648	0.000141626
1212	0.000157753	0.0012115	0.000142017
1213	0.00015936	0.00119874	0.000143892
1214	0.000152206	0.00112377	0.000137091
1215	0.000157113	0.00118357	0.0001411
1216	0.593861	0.078057	0.249225
1217	0.935012	0.0549244	0.375961
1218	0.94919	0.0426431	0.307475
1219	0.958607	0.0343718	0.250834
1220	0.965477	0.028337	0.206355
1221	0.970605	0.0238775	0.171104
1222	0.974554	0.0204798	0.14297
1223	0.977665	0.0178304	0.120528
1224	0.980164	0.015701	0.103089
1225	0.982207	0.0139669	0.0891944
1226	0.983901	0.0125525	0.0775606
1227	0.985326	0.0113726	0.0679816
1228	0.98654	0.0103597	0.0603478
1229	0.987583	0.00949276	0.0539739
1230	0.988488	0.00874406	0.0485835
1231	0.989281	0.00809353	0.0439695
1232	0.98998	0.00752593	0.0399484
1233	0.990601	0.00702507	0.0364598
1234	0.991156	0.0065839	0.033359
1235	0.991654	0.00618213	0.0307567
1236	0.992104	0.00582531	0.0283927
1237	0.992512	0.005502	0.0263205
1238	0.992884	0.00520782	0.0244905
1239	0.993224	0.0049382	0.0228764
1240	0.993536	0.00469291	0.0214096
1241	0.993823	0.0044689	0.0200758
1242	0.994088	0.0042622	0.0188767
1243	0.994334	0.0040739	0.0177522
1244	0.994563	0.0038984	0.0167452
1245	0.994774	0.00373485	0.0158377
1246	0.994972	0.00358292	0.0150046
1247	0.995157	0.00344049	0.0142473
1248	0.99533	0.00331084	0.0135142
1249	0.995493	0.00318705	0.01286
1250	0.995647	0.00307049	0.0122622
1251	0.99579	0.00296057	0.0117131
1252	0.995926	0.00285721	0.0112014
1253	0.996055	0.00276084	0.0107167
1254	0.996176	0.00266972	0.0102653
1255	0.996292	0.0025826	0.00985088
1256	0.996401	0.00250142	0.00945469
1257	0.996505	0.00242562	0.00907194
1258	0.996603	0.00235321	0.00871834
1259	0.996697	0.00228255	0.00840269
1260	0.996787	0.0022157	0.0081022
1261	0.996872	0.00215282	0.00781126
1262	0.996953	0.00209211	0.0075441
1263	0.997032	0.00203516	0.00728396
1264	0.997106	0.00197963	0.00704626
1265	0.997178	0.00192747	0.00681245
1266	0.997247	0.0018773	0.00658879
1267	0.997313	0.00182913	0.00638271
1268	0.997376	0.0017833	0.00618477
1269	0.997436	0.00173906	0.00599923
1270	0.997495	0.0016963	0.00582225
1271	0.997551	0.00165619	0.00564867
1272	0.997605	0.0016174	0.00548486
1273	0.997657	0.00158062	0.00532571
1274	0.997707	0.00154423	0.00518111
1275	0.997755	0.0015093	0.00504088
1276	0.997801	0.00147554	0.00490742
1277	0.997847	0.00144342	0.0047701
1278	0.997891	0.00141252	0.00464385
1279	0.997933	0.00138269	0.00452418
1280	0.997974	0.00135317	0.00441391
1281	0.998013	0.00132534	0.00430377
1282	0.998051	0.00129763	0.00420101
1283	0.998088	0.00127106	0.00410214
1284	0.998125	0.0012458	0.00400296
1285	0.99816	0.00122008	0.00391156
1286	0.998194	0.00119607	0.00382358
1287	0.998226	0.00117344	0.0037358
1288	0.998257	0.00115135	0.00365238
1289	0.998288	0.00113032	0.00356791
1290	0.998318	0.00110936	0.00349094
1291	0.998347	0.00108908	0.00341399
1292	0.998375	0.00106893	0.00334137
1293	0.998403	0.00105014	0.00327024
1294	0.99843	0.00103128	0.00320354
1295	0.998456	0.00101308	0.00313415
1296	0.998481	0.000995861	0.00306963
1297	0.998505	0.000978843	0.00300873
1298	0.998529	0.000962441	0.00294926
1299	0.998552	0.000946631	0.00289114
1300	0.998574	0.000932035	0.00282753
