600	0.691531	0.237832	0.590092
601	0.691794	0.236979	0.591531
602	0.692325	0.236623	0.591238
603	0.692565	0.236297	0.592007
604	0.693323	0.235946	0.591885
605	0.693979	0.235593	0.5926
606	0.694326	0.235166	0.592628
607	0.694805	0.234877	0.590835
608	0.695939	0.234355	0.591178
609	0.696652	0.233678	0.591642
610	0.696611	0.233384	0.591406
611	0.696913	0.233254	0.590974
612	0.697386	0.232833	0.59221
613	0.698458	0.232223	0.591734
614	0.698958	0.231645	0.592753
615	0.699416	0.231657	0.591479
616	0.699045	0.231374	0.591324
617	0.700211	0.231036	0.592119
618	0.70108	0.230708	0.590793
619	0.701489	0.230433	0.591299
620	0.701945	0.229887	0.592086
621	0.701915	0.229615	0.591424
622	0.702875	0.229049	0.593714
623	0.703073	0.228938	0.592416
624	0.703839	0.228636	0.592548
625	0.704605	0.228038	0.592393
626	0.704952	0.227607	0.592759
627	0.705506	0.227112	0.59374
628	0.706276	0.226803	0.594
629	0.706601	0.226173	0.593995
630	0.707895	0.225	0.596209
631	0.707902	0.225002	0.593495
632	0.708533	0.224724	0.594071
633	0.709753	0.223912	0.595842
634	0.709793	0.224263	0.592932
635	0.710163	0.223606	0.594547
636	0.711394	0.222785	0.595819
637	0.711386	0.222933	0.594305
638	0.712699	0.221781	0.595966
639	0.712813	0.221443	0.596278
640	0.713236	0.22138	0.596065
641	0.714547	0.220584	0.596634
642	0.715002	0.219975	0.597916
643	0.715058	0.220053	0.595895
644	0.715236	0.219935	0.595209
645	0.715894	0.219182	0.59693
646	0.717018	0.218708	0.597716
647	0.717332	0.218257	0.59823
648	0.717697	0.21809	0.598711
649	0.71834	0.217713	0.597234
650	0.718642	0.217182	0.598456
651	0.718824	0.216913	0.598135
652	0.719413	0.217094	0.596014
653	0.720224	0.216342	0.597674
654	0.720797	0.215805	0.598503
655	0.72144	0.214928	0.599959
656	0.722521	0.214547	0.601036
657	0.722083	0.214628	0.597899
658	0.723389	0.213853	0.600448
659	0.72378	0.213576	0.600261
660	0.724162	0.213144	0.599342
661	0.724872	0.212703	0.600509
662	0.725234	0.212433	0.600377
663	0.725736	0.21168	0.60162
664	0.726871	0.211169	0.602004
665	0.727068	0.211171	0.60241
666	0.727195	0.210644	0.601008
667	0.728175	0.210376	0.602061
668	0.728039	0.209876	0.60141
669	0.729391	0.208902	0.603464
670	0.730384	0.208246	0.60481
671	0.730719	0.207688	0.603411
672	0.731562	0.207514	0.603728
673	0.732841	0.206986	0.602781
674	0.732518	0.206579	0.603152
675	0.732518	0.205307	0.605539
676	0.722133	0.205878	0.589579
677	0.723507	0.205656	0.591334
678	0.723966	0.205059	0.5899
679	0.724524	0.205093	0.590651
680	0.724412	0.204697	0.588926
681	0.725582	0.204042	0.588082
682	0.726716	0.202376	0.594315
683	0.727214	0.202681	0.591233
684	0.72736	0.202604	0.591448
685	0.727724	0.201374	0.590833
686	0.728826	0.201242	0.591143
687	0.729114	0.201342	0.586843
688	0.730483	0.200115	0.589715
689	0.732157	0.199238	0.592809
690	0.730743	0.199418	0.587982
691	0.732732	0.198384	0.592086
692	0.733205	0.198391	0.588511
693	0.733815	0.196852	0.593044
694	0.734953	0.196507	0.591939
695	0.735617	0.195573	0.591887
696	0.736092	0.195328	0.589864
697	0.737116	0.195161	0.59006
698	0.73815	0.19377	0.593416
699	0.738357	0.193692	0.592142
700	0.738976	0.193115	0.593656
701	0.739908	0.192985	0.59092
702	0.740031	0.192469	0.591987
703	0.741054	0.192236	0.58939
704	0.741415	0.192105	0.589815
705	0.741506	0.191595	0.591268
706	0.742869	0.19054	0.59241
707	0.743018	0.189832	0.591768
708	0.743862	0.189946	0.589529
709	0.746355	0.188545	0.59399
710	0.745574	0.188829	0.588758
711	0.747107	0.18778	0.589289
712	0.748474	0.185809	0.597169
713	0.748109	0.186215	0.592606
714	0.748563	0.186117	0.590369
715	0.749792	0.185214	0.590307
716	0.75039	0.184463	0.590692
717	0.751518	0.183678	0.590967
718	0.752481	0.183387	0.590588
719	0.752248	0.183362	0.589227
720	0.753343	0.183114	0.588745
721	0.753958	0.182063	0.592792
722	0.754262	0.182088	0.585867
723	0.755627	0.181377	0.586778
724	0.75565	0.180922	0.589144
725	0.756317	0.180401	0.588201
726	0.758722	0.178913	0.591774
727	0.758753	0.178605	0.591166
728	0.75981	0.177672	0.591717
729	0.760495	0.177545	0.589219
730	0.760617	0.176655	0.591387
731	0.761952	0.176096	0.589421
732	0.763199	0.175239	0.59045
733	0.763533	0.174352	0.593129
734	0.76393	0.174966	0.586921
735	0.764653	0.174377	0.590721
736	0.765274	0.174252	0.587081
737	0.767023	0.172888	0.591253
738	0.767711	0.171742	0.593875
739	0.767452	0.172025	0.589511
740	0.768207	0.171541	0.590433
741	0.768477	0.171437	0.590141
742	0.768989	0.171385	0.589927
743	0.76954	0.170916	0.585803
744	0.771578	0.169795	0.587185
745	0.771788	0.168622	0.588616
746	0.773169	0.168	0.590655
747	0.773862	0.167653	0.585497
748	0.773583	0.167455	0.587737
749	0.775127	0.166351	0.588081
750	0.776639	0.165491	0.587918
751	0.776334	0.165389	0.586724
752	0.776792	0.165545	0.583015
753	0.777906	0.164804	0.584447
754	0.779271	0.163724	0.585645
755	0.779579	0.16384	0.584608
756	0.780277	0.163181	0.583458
757	0.780883	0.16281	0.583438
758	0.782126	0.162108	0.584756
759	0.782873	0.161356	0.585254
760	0.784123	0.160258	0.5856
761	0.784355	0.16033	0.580467
762	0.785303	0.159543	0.580414
763	0.786103	0.159071	0.581349
764	0.787278	0.158384	0.578825
765	0.788083	0.157031	0.583116
766	0.788258	0.156736	0.580321
767	0.788098	0.157521	0.574504
768	0.790245	0.156243	0.577507
769	0.7912	0.155061	0.577209
770	0.791729	0.155457	0.575326
771	0.791211	0.155064	0.570963
772	0.792324	0.154075	0.570845
773	0.794274	0.152804	0.573524
774	0.795108	0.152478	0.573875
775	0.795312	0.15213	0.570973
776	0.796199	0.151709	0.571643
777	0.796699	0.151426	0.571453
778	0.797882	0.150647	0.571303
779	0.798953	0.149888	0.570213
780	0.799744	0.148752	0.573621
781	0.800889	0.148465	0.572102
782	0.801007	0.148018	0.574286
783	0.801575	0.148087	0.568674
784	0.803296	0.146798	0.570022
785	0.804448	0.146024	0.567721
786	0.804039	0.145731	0.568736
787	0.805535	0.14521	0.562802
788	0.807038	0.143533	0.566035
789	0.807957	0.142928	0.561577
790	0.808544	0.142689	0.564595
791	0.80993	0.141421	0.562565
792	0.809841	0.141452	0.557254
793	0.810943	0.140867	0.556725
794	0.811233	0.14034	0.556889
795	0.812567	0.139219	0.554882
796	0.81393	0.138546	0.559282
797	0.814695	0.13853	0.553756
798	0.815541	0.137281	0.557862
799	0.81671	0.136627	0.554736
800	0.81869	0.135492	0.560146
801	0.818307	0.135812	0.555244
802	0.819049	0.13493	0.559265
803	0.819801	0.134593	0.558448
804	0.819227	0.135244	0.553997
805	0.820713	0.133844	0.557561
806	0.82118	0.133848	0.551355
807	0.822605	0.132217	0.552581
808	0.824892	0.130571	0.552916
809	0.825534	0.130146	0.554643
810	0.82557	0.130638	0.547105
811	0.82709	0.129388	0.548824
812	0.82729	0.128927	0.543676
813	0.828551	0.12788	0.544924
814	0.829619	0.127451	0.541263
815	0.831223	0.1261	0.544079
816	0.832852	0.12526	0.541106
817	0.832643	0.125198	0.539489
818	0.834213	0.123607	0.540269
819	0.835912	0.122806	0.540034
820	0.836843	0.12174	0.538911
821	0.837425	0.121211	0.535533
822	0.839351	0.119976	0.53767
823	0.838544	0.120486	0.530146
824	0.840975	0.118707	0.536422
825	0.842215	0.118097	0.536666
826	0.842351	0.117688	0.530347
827	0.843437	0.116584	0.531573
828	0.844846	0.116072	0.533663
829	0.844862	0.116295	0.527323
830	0.845375	0.115321	0.525043
831	0.847127	0.113703	0.528108
832	0.84648	0.114947	0.518208
833	0.846555	0.11426	0.517615
834	0.849338	0.112379	0.524803
835	0.849436	0.11255	0.517826
836	0.850907	0.111691	0.5179
837	0.852624	0.110224	0.51448
838	0.853383	0.109511	0.510336
839	0.855133	0.10875	0.510815
840	0.854984	0.108096	0.510812
841	0.856543	0.107606	0.502655
842	0.857108	0.107	0.501843
843	0.858811	0.105496	0.504425
844	0.859683	0.104852	0.502506
845	0.860771	0.104404	0.495773
846	0.862263	0.103472	0.49913
847	0.86353	0.101839	0.500272
848	0.865296	0.100699	0.496983
849	0.865079	0.101303	0.48938
850	0.866139	0.100618	0.484036
851	0.866868	0.0998274	0.481264
852	0.868139	0.098781	0.476756
853	0.869809	0.0973685	0.479311
854	0.871111	0.0967959	0.481601
855	0.872125	0.0958763	0.478093
856	0.872826	0.0957472	0.470853
857	0.874434	0.0942224	0.469885
858	0.875704	0.0931028	0.466448
859	0.874965	0.0939179	0.460319
860	0.877686	0.0918413	0.461506
861	0.880377	0.0895575	0.46531
862	0.879229	0.090501	0.4478
863	0.881301	0.0887886	0.455982
864	0.882177	0.0877802	0.451035
865	0.884023	0.0866338	0.444938
866	0.886084	0.0855843	0.437439
867	0.886423	0.0848545	0.438816
868	0.888359	0.0834573	0.435735
869	0.888944	0.0829719	0.433584
870	0.889182	0.0828258	0.429194
871	0.890364	0.0823402	0.431352
872	0.892295	0.0807338	0.427206
873	0.892907	0.0801065	0.422892
874	0.89406	0.0791777	0.42024
875	0.896148	0.0775534	0.422927
876	0.895638	0.0780376	0.421364
877	0.896033	0.0781152	0.410038
878	0.898469	0.0756846	0.407801
879	0.898987	0.0755497	0.410019
880	0.899944	0.0749109	0.398686
881	0.901102	0.0741068	0.391814
882	0.902166	0.0730106	0.397756
883	0.902111	0.0729672	0.388969
884	0.902965	0.0725688	0.386484
885	0.906687	0.0698222	0.381174
886	0.906117	0.0704791	0.371215
887	0.907736	0.0691443	0.368667
888	0.91037	0.0669081	0.361582
889	0.910862	0.0664687	0.360459
890	0.912933	0.0648593	0.357687
891	0.913976	0.0639307	0.349515
892	0.915108	0.0634676	0.341799
893	0.916604	0.0621451	0.345267
894	0.917461	0.0617397	0.336278
895	0.919038	0.0605404	0.331131
896	0.920611	0.0595141	0.323022
897	0.920599	0.0594433	0.325066
898	0.922353	0.0579591	0.318713
899	0.924321	0.0562388	0.313308
900	0.925934	0.0549677	0.307441
901	0.926162	0.0551005	0.29894
902	0.927196	0.0543296	0.294376
903	0.929337	0.052598	0.288808
904	0.929104	0.0530048	0.279406
905	0.930863	0.0514623	0.275937
906	0.93255	0.0500387	0.266725
907	0.934166	0.0489797	0.2595
908	0.934119	0.0488586	0.255048
909	0.935164	0.0485182	0.246684
910	0.936733	0.0470386	0.236491
911	0.938989	0.0454012	0.219478
912	0.941518	0.0432547	0.207127
913	0.943196	0.0419851	0.197988
914	0.943284	0.0422855	0.192374
915	0.944756	0.0409175	0.181129
916	0.946813	0.0393665	0.171639
917	0.94687	0.0393351	0.167363
918	0.947726	0.0385496	0.163127
919	0.950429	0.036537	0.161721
920	0.949955	0.037111	0.161591
921	0.949325	0.037815	0.163231
922	0.952325	0.0352817	0.153199
923	0.951933	0.0358717	0.155673
924	0.951844	0.0359247	0.163741
925	0.953336	0.0348049	0.151791
926	0.952696	0.0352532	0.155007
927	0.953828	0.0344254	0.153241
928	0.953271	0.0350732	0.158599
929	0.953277	0.0349	0.154629
930	0.954278	0.0342445	0.155377
931	0.954082	0.0344396	0.154557
932	0.954731	0.0341537	0.156382
933	0.953595	0.0352096	0.155376
934	0.9545	0.0342809	0.156878
935	0.955753	0.0331676	0.146134
936	0.955574	0.0333546	0.153818
937	0.956053	0.0330252	0.151941
938	0.956699	0.032928	0.144704
939	0.956635	0.0331482	0.150563
940	0.957659	0.0321457	0.150943
941	0.955886	0.033685	0.153995
942	0.955842	0.0336457	0.157253
943	0.956141	0.0333943	0.156915
944	0.955694	0.0336357	0.155175
945	0.95525	0.0343841	0.157419
946	0.957022	0.0328828	0.152637
947	0.956448	0.0332237	0.15021
948	0.957384	0.0324055	0.147759
949	0.958621	0.0314969	0.146306
950	0.959135	0.0312458	0.147048
951	0.958673	0.0321024	0.162263
952	0.959199	0.0316848	0.154747
953	0.958369	0.0323506	0.15495
954	0.959238	0.0317251	0.148885
955	0.959682	0.0312313	0.148037
956	0.962022	0.0290961	0.131961
957	0.961395	0.0297203	0.134574
958	0.959442	0.0313645	0.148043
959	0.959758	0.0312925	0.144434
960	0.959799	0.031091	0.139203
960	0.959799	0.031091	0.139203
961	0.959587	0.0311603	0.139871
962	0.959541	0.0313267	0.145038
963	0.95823	0.0323547	0.148716
964	0.959437	0.0313754	0.150709
965	0.959009	0.0316341	0.148844
966	0.959402	0.0313961	0.145899
967	0.959991	0.0307942	0.145315
968	0.959698	0.0311769	0.147113
969	0.957664	0.032729	0.154454
970	0.958652	0.0319666	0.14983
971	0.959946	0.0307906	0.142128
972	0.96002	0.0309167	0.141001
973	0.965519	0.0272443	0.137124
974	0.964872	0.0279943	0.141924
975	0.96466	0.0279121	0.139446
976	0.964935	0.0277717	0.144947
977	0.9643	0.0282965	0.144182
978	0.964545	0.0282031	0.14804
979	0.964284	0.028414	0.14056
980	0.96382	0.0286726	0.141785
981	0.963983	0.0285948	0.146712
982	0.96361	0.0290888	0.152422
983	0.963908	0.028654	0.152171
984	0.962393	0.0300059	0.147513
985	0.963701	0.0288268	0.14165
986	0.963201	0.029359	0.146702
987	0.962242	0.0299672	0.154075
988	0.962387	0.0300249	0.160326
989	0.963003	0.0294285	0.15272
990	0.962495	0.0297329	0.153136
991	0.961441	0.0306687	0.163948
992	0.961829	0.0303571	0.156643
993	0.96183	0.0304597	0.155339
994	0.962615	0.029689	0.159477
995	0.963383	0.0289956	0.142781
996	0.963524	0.0289068	0.143683
997	0.962993	0.0294069	0.145689
998	0.963847	0.0287224	0.141281
999	0.964698	0.0280265	0.130866
1000	0.963673	0.0288196	0.141749
1001	0.963607	0.0287391	0.136683
1002	0.963769	0.0287611	0.145849
1003	0.964223	0.0283309	0.141709
1004	0.963205	0.029329	0.14549
1005	0.963787	0.0287684	0.143082
1006	0.962055	0.0302288	0.153777
1007	0.962663	0.0296658	0.144358
1008	0.962277	0.0300078	0.152115
1009	0.962219	0.0300681	0.143324
1010	0.964131	0.0283829	0.138533
1011	0.963178	0.0291896	0.146305
1012	0.96258	0.0296598	0.148485
1013	0.962373	0.0299095	0.146799
1014	0.962214	0.0299091	0.147957
1015	0.960779	0.0312216	0.157366
1016	0.959991	0.032013	0.165268
1017	0.961392	0.0304878	0.160868
1018	0.960252	0.0315875	0.164691
1019	0.961702	0.0304271	0.156135
1020	0.961125	0.0309552	0.165665
1021	0.960451	0.0313728	0.16655
1022	0.960956	0.0310229	0.157926
1023	0.962688	0.0298427	0.153873
1024	0.962299	0.0298298	0.148589
1025	0.962351	0.0298564	0.141713
1026	0.970666	0.0244804	0.127139
1027	0.971858	0.0238464	0.145964
1028	0.972389	0.0233529	0.137556
1029	0.971521	0.0241109	0.144788
1030	0.972705	0.0231109	0.138331
1031	0.971868	0.0238398	0.140023
1032	0.972359	0.0232749	0.139069
1033	0.972643	0.0231361	0.140718
1034	0.972387	0.0232824	0.133088
1035	0.972893	0.0229458	0.130676
1036	0.971662	0.0239038	0.135485
1037	0.971969	0.0237282	0.141266
1038	0.971985	0.0236676	0.136381
1039	0.970774	0.0247399	0.146738
1040	0.971863	0.0238144	0.143682
1041	0.971618	0.0240046	0.144726
1042	0.970751	0.0246356	0.146582
1043	0.971167	0.0243966	0.140824
1044	0.97104	0.024468	0.150857
1045	0.970258	0.025156	0.155004
1046	0.970578	0.024943	0.153745
1047	0.970633	0.0247743	0.148854
1048	0.970966	0.0246298	0.148985
1049	0.970865	0.0246695	0.15281
1050	0.969736	0.025595	0.161349
1051	0.970564	0.024871	0.153508
1052	0.971152	0.0244555	0.145597
1053	0.970359	0.0251433	0.150965
1054	0.970384	0.0251491	0.150592
1055	0.97028	0.0252055	0.147081
1056	0.971054	0.0245153	0.137705
1057	0.971419	0.024205	0.143105
1058	0.972071	0.0236036	0.140349
1059	0.971639	0.0240495	0.141624
1060	0.971109	0.0243418	0.14055
1061	0.971271	0.0243462	0.141333
1062	0.972653	0.0231329	0.134315
1063	0.970621	0.0248852	0.144883
1064	0.970808	0.0246578	0.138717
1065	0.970811	0.0246271	0.144452
1066	0.971155	0.0244246	0.143374
1067	0.97047	0.0249033	0.140655
1068	0.971581	0.0241206	0.141238
1069	0.970603	0.0247414	0.142306
1070	0.972155	0.0235337	0.139974
1071	0.970615	0.0249404	0.146125
1072	0.970629	0.0247839	0.144617
1073	0.970506	0.0249708	0.147429
1074	0.970173	0.025244	0.151285
1075	0.969507	0.0258282	0.156089
1076	0.969681	0.0256559	0.15414
1077	0.970435	0.0249404	0.154571
1078	0.969618	0.0256284	0.160489
1079	0.968498	0.0265742	0.160903
1080	0.970088	0.0252883	0.148446
1081	0.970482	0.0250457	0.144187
1082	0.970793	0.0246979	0.142412
1083	0.971446	0.0241086	0.139967
1084	0.970779	0.0247988	0.144714
1085	0.970764	0.0246278	0.140532
1086	0.97151	0.0241345	0.144652
1087	0.970214	0.025224	0.143802
1088	0.970538	0.0248483	0.14596
1089	0.971815	0.0237766	0.143857
1090	0.970645	0.0249221	0.147742
1091	0.970315	0.0251393	0.152938
1092	0.970512	0.0248882	0.142062
1093	0.970793	0.0247363	0.139704
1094	0.9709	0.0244855	0.143814
1095	0.970983	0.0245409	0.146276
1096	0.970654	0.0247918	0.1438
1097	0.970765	0.0246571	0.140847
1098	0.969931	0.0253538	0.138833
1099	0.969633	0.0255038	0.141069
1100	0.969686	0.0255615	0.145159
1101	0.969771	0.0254984	0.139835
1102	0.970066	0.025228	0.145785
1103	0.968487	0.0266598	0.151341
1104	0.968967	0.0261829	0.148941
1105	0.969341	0.0259359	0.151047
1106	0.968273	0.026835	0.154462
1107	0.969114	0.0261997	0.156714
1108	0.969363	0.0260161	0.15834
1109	0.969176	0.0258736	0.152292
1110	0.969887	0.0253987	0.152686
1111	0.96965	0.025687	0.154684
1112	0.969363	0.0258633	0.149388
1113	0.969437	0.0257454	0.150982
1114	0.970172	0.0251034	0.148941
1115	0.968152	0.0269263	0.160233
1116	0.969069	0.0260289	0.158605
1117	0.968354	0.0266849	0.158439
1118	0.968945	0.0262785	0.158095
1119	0.968131	0.0268425	0.160336
1120	0.967632	0.0273845	0.162026
1121	0.969622	0.0256956	0.149495
1122	0.970188	0.0251314	0.145401
1123	0.969378	0.0257705	0.146397
1124	0.970143	0.0251884	0.142201
1125	0.969798	0.0255159	0.148562
1126	0.968212	0.0268412	0.155462
1127	0.968329	0.0266947	0.156757
1128	0.967829	0.0271641	0.166767
1129	0.96882	0.0261708	0.15809
1130	0.966243	0.0285229	0.168711
1131	0.968572	0.0264622	0.160443
1132	0.968439	0.026588	0.160886
1133	0.969153	0.0260313	0.145897
1134	0.969672	0.0254808	0.149455
1135	0.96845	0.026695	0.154996
1136	0.969195	0.0258167	0.150855
1137	0.968952	0.0260701	0.154564
1138	0.968683	0.0263919	0.155321
1139	0.968128	0.026892	0.151846
1140	0.968292	0.0265754	0.151391
1141	0.967556	0.0272585	0.154369
1142	0.96788	0.0271109	0.156338
1143	0.968722	0.0263711	0.152797
1144	0.968295	0.0267934	0.159599
1145	0.967554	0.0274446	0.160692
1146	0.967962	0.0269017	0.153794
1147	0.968972	0.0261251	0.150026
1148	0.968383	0.026631	0.151159
1149	0.967792	0.0269986	0.152779
1150	0.967642	0.0272609	0.149002
1151	0.969452	0.0256854	0.143753
1152	0.968823	0.0262665	0.150573
1153	0.969278	0.0258877	0.150858
1154	0.968476	0.0266135	0.156656
1155	0.96858	0.0265089	0.150114
1156	0.96866	0.0264032	0.15473
1157	0.969029	0.0259879	0.153822
1158	0.968169	0.0266827	0.15805
1159	0.967134	0.0275628	0.159046
1160	0.967512	0.0273131	0.162712
1161	0.967766	0.027179	0.153415
1162	0.967344	0.0275452	0.156249
1163	0.967113	0.0276459	0.158538
1164	0.968771	0.0262325	0.152662
1165	0.967357	0.0275349	0.158912
1166	0.967243	0.0275054	0.159477
1167	0.967192	0.0275692	0.158333
1168	0.967762	0.0272212	0.150145
1169	0.966704	0.027955	0.154188
1170	0.967246	0.0276831	0.157351
1171	0.967443	0.027462	0.159819
1172	0.967989	0.0269589	0.152508
1173	0.967744	0.0272201	0.15558
1174	0.967355	0.0276233	0.16314
1175	0.967047	0.0276409	0.1541
1176	0.966401	0.0282809	0.162799
1177	0.966434	0.0283239	0.162571
1178	0.966205	0.0283951	0.170928
1179	0.966485	0.0283118	0.161675
1180	0.967073	0.027774	0.153193
1181	0.967169	0.0277235	0.160323
1182	0.966246	0.0284094	0.168941
1183	0.967455	0.0274033	0.156427
1184	0.967271	0.0275329	0.157759
1185	0.967571	0.0272385	0.161415
1186	0.968246	0.0267637	0.151817
1187	0.966317	0.0283382	0.160399
1188	0.966708	0.0280394	0.161927
1189	0.96715	0.0276182	0.161986
1190	0.967111	0.0276585	0.157873
1191	0.967437	0.0273398	0.15431
1192	0.965454	0.0292667	0.163631
1193	0.967303	0.0275231	0.152108
1194	0.96567	0.0288342	0.163978
1195	0.967238	0.0275308	0.158518
1196	0.96734	0.0275476	0.153677
1197	0.967243	0.0275042	0.152248
1198	0.966374	0.0281763	0.158675
1199	0.965782	0.0289702	0.16117
1200	0.966424	0.0282913	0.161803
1201	0.965151	0.0294574	0.168731
1202	0.965095	0.0294172	0.171408
1203	0.964706	0.029752	0.174271
1204	0.963881	0.0304529	0.186164
1205	0.965101	0.0294041	0.179585
1206	0.964692	0.0297607	0.176834
1207	0.964278	0.0302542	0.188505
1208	0.964862	0.0297095	0.184787
1209	0.964913	0.0295859	0.183079
1210	0.964784	0.0298435	0.174936
1211	0.963653	0.0308148	0.184198
1212	0.965655	0.028886	0.171043
1213	0.964764	0.0297986	0.168153
1214	0.965347	0.0291367	0.159598
1215	0.967694	0.0272955	0.157314
1216	0.991871	0.00772135	0.112572
1217	0.998687	0.00129452	0.134158
1218	0.99898	0.00100499	0.10275
1219	0.999163	0.000824238	0.0832222
1220	0.999292	0.000696522	0.0683078
1221	0.99939	0.00060038	0.0566224
1222	0.999466	0.000525121	0.0477563
1223	0.999527	0.000464568	0.0412076
1224	0.999577	0.00041508	0.0358541
1225	0.999619	0.000374036	0.0313518
1226	0.999654	0.000339612	0.0273951
1227	0.999684	0.000310205	0.0243292
1228	0.999709	0.000284975	0.0216556
1229	0.999732	0.000262988	0.0195786
1230	0.999751	0.0002439	0.017572
1231	0.999768	0.000227064	0.015905
1232	0.999783	0.00021217	0.0144262
1233	0.999797	0.000198867	0.0131826
1234	0.999809	0.000186973	0.0120638
1235	0.99982	0.000176193	0.011173
1236	0.99983	0.000166483	0.0103343
1237	0.999839	0.000157668	0.00958547
1238	0.999847	0.000149637	0.0089142
1239	0.999855	0.000142255	0.00835218
1240	0.999861	0.000135492	0.00783467
1241	0.999868	0.000129275	0.00735686
1242	0.999874	0.00012354	0.00692154
1243	0.999879	0.000118215	0.00654298
1244	0.999884	0.000113319	0.00615341
1245	0.999889	0.000108755	0.00580793
1246	0.999893	0.000104497	0.00549558
1247	0.999897	0.000100524	0.00520761
1248	0.999901	9.68083e-05	0.00494151
1249	0.999904	9.33384e-05	0.00468233
1250	0.999908	9.00722e-05	0.00445053
1251	0.999911	8.7001e-05	0.00423532
1252	0.999914	8.40868e-05	0.00405277
1253	0.999917	8.13538e-05	0.00386854
1254	0.999919	7.876e-05	0.00370606
1255	0.999922	7.62481e-05	0.00355676
1256	0.999924	7.39401e-05	0.00340195
1257	0.999926	7.17591e-05	0.00325409
1258	0.999929	6.96765e-05	0.00312326
1259	0.999931	6.76977e-05	0.00300012
1260	0.999933	6.57991e-05	0.00289357
1261	0.999934	6.39902e-05	0.00279284
1262	0.999936	6.22811e-05	0.00268862
1263	0.999938	6.06295e-05	0.00260275
1264	0.999939	5.90779e-05	0.00250482
1265	0.999941	5.75786e-05	0.00242196
1266	0.999942	5.61671e-05	0.00232825
1267	0.999944	5.47967e-05	0.00225211
1268	0.999945	5.35022e-05	0.00216774
1269	0.999946	5.2238e-05	0.00210084
1270	0.999948	5.10057e-05	0.00203859
1271	0.999949	4.98407e-05	0.00197768
1272	0.99995	4.87469e-05	0.00190485
1273	0.999951	4.76703e-05	0.00184971
1274	0.999952	4.66382e-05	0.00179427
1275	0.999953	4.56444e-05	0.00174127
1276	0.999954	4.46878e-05	0.00168932
1277	0.999955	4.3768e-05	0.00163844
1278	0.999956	4.28717e-05	0.00159326
1279	0.999957	4.20003e-05	0.00155445
1280	0.999958	4.11636e-05	0.00151496
1281	0.999959	4.03571e-05	0.00147591
1282	0.999959	3.9582e-05	0.00143629
1283	0.99996	3.88257e-05	0.00140128
1284	0.999961	3.8091e-05	0.00136854
1285	0.999962	3.73859e-05	0.00133414
1286	0.999962	3.67084e-05	0.00129913
1287	0.999963	3.60527e-05	0.00126457
1288	0.999964	3.53992e-05	0.00123832
1289	0.999964	3.47889e-05	0.00120442
1290	0.999965	3.41746e-05	0.00118094
1291	0.999966	3.35964e-05	0.0011501
1292	0.999966	3.30347e-05	0.00112039
1293	0.999967	3.24784e-05	0.00109711
1294	0.999967	3.19416e-05	0.0010716
1295	0.999968	3.14056e-05	0.00105272
1296	0.999968	3.08882e-05	0.00102734
1297	0.999969	3.03885e-05	0.00100836
1298	0.999969	2.98582e-05	0.000983648
1299	0.99997	2.93849e-05	0.000965256
1300	0.99997	2.89362e-05	0.000943542
