600	0.669039	0.254054	0.577332
601	0.668959	0.254231	0.57519
602	0.669764	0.253574	0.57672
603	0.670398	0.252768	0.578411
604	0.671221	0.25244	0.577157
605	0.671589	0.252197	0.576991
606	0.671725	0.251587	0.578287
607	0.672979	0.250912	0.579517
608	0.673336	0.250895	0.578878
609	0.673558	0.250424	0.57846
610	0.6738	0.250503	0.578161
611	0.674178	0.249861	0.578977
612	0.675444	0.2493	0.580793
613	0.675578	0.248972	0.580906
614	0.675985	0.249092	0.579973
615	0.676488	0.248518	0.580366
616	0.676802	0.248149	0.58026
617	0.676583	0.248493	0.579022
618	0.677501	0.247486	0.580327
619	0.6782	0.247245	0.581528
620	0.678798	0.246313	0.58263
621	0.679357	0.246342	0.581653
622	0.679869	0.245799	0.582294
623	0.68053	0.245542	0.582453
624	0.68099	0.244954	0.583361
625	0.681671	0.244486	0.584144
626	0.68182	0.244034	0.584501
627	0.682573	0.243784	0.584551
628	0.682738	0.243176	0.585434
629	0.683846	0.242741	0.586383
630	0.684083	0.242771	0.586181
631	0.684157	0.242438	0.584279
632	0.684942	0.242378	0.58464
633	0.684969	0.241535	0.583952
634	0.686411	0.240478	0.587396
635	0.687211	0.239978	0.587683
636	0.687448	0.239589	0.586744
637	0.68875	0.239463	0.587121
638	0.689058	0.238989	0.58713
639	0.689439	0.238252	0.588218
640	0.683373	0.23716	0.58186
641	0.679055	0.236754	0.576783
642	0.680138	0.23684	0.575759
643	0.68145	0.236502	0.57698
644	0.68084	0.236308	0.575948
645	0.682057	0.235237	0.577521
646	0.682821	0.234446	0.579592
647	0.68337	0.234212	0.578626
648	0.683587	0.234699	0.576524
649	0.68373	0.233283	0.57743
650	0.684846	0.233239	0.577135
651	0.685258	0.232999	0.575712
652	0.686639	0.231606	0.579579
653	0.68735	0.230917	0.581457
654	0.686963	0.231249	0.577573
655	0.688506	0.230724	0.579173
656	0.688966	0.22981	0.579603
657	0.689571	0.229214	0.578487
658	0.690246	0.228455	0.579291
659	0.690914	0.227954	0.577991
660	0.692035	0.227169	0.581553
661	0.692889	0.226672	0.581325
662	0.693477	0.226194	0.582482
663	0.693274	0.225635	0.582214
664	0.694694	0.225216	0.58296
665	0.694872	0.225012	0.582295
666	0.695743	0.225174	0.57915
667	0.69601	0.224789	0.581004
668	0.696226	0.224758	0.578963
669	0.697448	0.223036	0.584474
670	0.697493	0.222627	0.582674
671	0.698665	0.222652	0.582171
672	0.699888	0.22176	0.584106
673	0.70002	0.221576	0.581753
674	0.701554	0.220306	0.58486
675	0.701705	0.219893	0.583536
676	0.701902	0.21992	0.582903
677	0.702607	0.21911	0.583033
678	0.703346	0.218183	0.585383
679	0.704409	0.218077	0.583145
680	0.705566	0.217099	0.584778
681	0.705097	0.217447	0.582642
682	0.706048	0.216754	0.584274
683	0.706509	0.216288	0.586008
684	0.706913	0.21617	0.582389
685	0.708175	0.215492	0.583565
686	0.708135	0.215438	0.581766
687	0.709016	0.214196	0.585294
688	0.710973	0.213281	0.586878
689	0.710929	0.21344	0.584018
690	0.711882	0.212561	0.585244
691	0.711756	0.212547	0.58555
692	0.712716	0.211075	0.587428
693	0.713977	0.211017	0.58634
694	0.714321	0.210378	0.586456
695	0.715071	0.210047	0.585657
696	0.715126	0.209748	0.585865
697	0.716201	0.210153	0.584154
698	0.71752	0.20895	0.585791
699	0.718289	0.207881	0.587543
700	0.718309	0.207784	0.586983
701	0.718579	0.207656	0.586152
702	0.718918	0.207241	0.588572
703	0.719586	0.207169	0.587364
704	0.720216	0.206356	0.586447
705	0.72199	0.205755	0.587784
706	0.721832	0.205129	0.584979
707	0.723679	0.204363	0.588397
708	0.723329	0.203751	0.586646
709	0.723833	0.203592	0.585545
710	0.725366	0.203249	0.585957
711	0.726055	0.202036	0.587829
712	0.726035	0.201942	0.586608
713	0.726731	0.201873	0.58394
714	0.727603	0.200731	0.588771
715	0.728633	0.200473	0.589845
716	0.728895	0.199899	0.588084
717	0.729572	0.199575	0.587949
718	0.730932	0.198929	0.587985
719	0.731236	0.198832	0.587203
720	0.73261	0.197653	0.589366
721	0.732926	0.19721	0.585945
722	0.733537	0.196719	0.587498
723	0.734432	0.196091	0.589461
724	0.735329	0.195747	0.586818
725	0.736394	0.194134	0.591041
726	0.735783	0.194669	0.585998
727	0.736789	0.193868	0.588725
728	0.738205	0.193334	0.58811
729	0.739148	0.193431	0.584277
730	0.739071	0.192869	0.583417
731	0.739245	0.192278	0.583384
732	0.740825	0.190893	0.585777
733	0.742008	0.190294	0.587348
734	0.742264	0.189666	0.5872
735	0.743076	0.189696	0.586749
736	0.743572	0.18944	0.585936
737	0.744715	0.188942	0.585036
738	0.745595	0.187949	0.58633
739	0.746237	0.187205	0.588704
740	0.747215	0.187087	0.586391
741	0.747374	0.186379	0.589006
742	0.748171	0.186106	0.588249
743	0.749915	0.185161	0.588694
744	0.749888	0.185041	0.584731
745	0.750788	0.184261	0.586691
746	0.751836	0.183562	0.584098
747	0.752372	0.182788	0.581242
748	0.753696	0.181741	0.586349
749	0.755034	0.181298	0.58429
750	0.754808	0.180591	0.584078
751	0.755683	0.18076	0.580586
752	0.75642	0.17995	0.581823
753	0.756919	0.178645	0.58217
754	0.758492	0.17856	0.581677
755	0.759308	0.177963	0.582262
756	0.759853	0.17723	0.584125
757	0.761233	0.176316	0.584111
758	0.762701	0.175877	0.586041
759	0.762102	0.176323	0.579452
760	0.763076	0.175439	0.58356
761	0.763597	0.175354	0.583478
762	0.764053	0.174905	0.585512
763	0.764809	0.174412	0.58368
764	0.765639	0.173076	0.584843
765	0.767538	0.171429	0.588368
766	0.768912	0.170979	0.583504
767	0.769081	0.170604	0.585403
768	0.770047	0.170867	0.580213
769	0.770645	0.169653	0.580527
770	0.771485	0.16864	0.580245
771	0.77265	0.168423	0.578995
772	0.773958	0.167542	0.577563
773	0.775349	0.166542	0.57964
774	0.775285	0.166483	0.577576
775	0.777015	0.164442	0.582588
776	0.778243	0.164347	0.582758
777	0.779046	0.163775	0.578126
778	0.779836	0.162906	0.578821
779	0.781004	0.161755	0.581579
780	0.780706	0.16205	0.577605
781	0.783412	0.160591	0.582269
782	0.783331	0.160677	0.579015
783	0.784656	0.159094	0.581148
784	0.785453	0.159224	0.578399
785	0.786728	0.158497	0.578808
786	0.786205	0.158723	0.573824
787	0.787996	0.156844	0.576338
788	0.787782	0.157683	0.570786
789	0.787095	0.15785	0.565941
790	0.789544	0.156169	0.57405
791	0.789858	0.155548	0.57492
792	0.79107	0.155487	0.5704
793	0.792908	0.153538	0.571651
794	0.793731	0.153077	0.566612
795	0.794749	0.152545	0.568733
796	0.794844	0.152153	0.567752
797	0.796714	0.151388	0.564024
798	0.796941	0.150892	0.563409
799	0.79875	0.149779	0.56518
800	0.800107	0.14834	0.568156
801	0.800751	0.148464	0.563706
802	0.801403	0.147734	0.562428
803	0.803877	0.145442	0.566615
804	0.803246	0.146086	0.561057
805	0.804625	0.145263	0.558371
806	0.804995	0.145003	0.555998
807	0.806515	0.143539	0.553488
808	0.80785	0.142536	0.555707
809	0.809255	0.142264	0.557929
810	0.810392	0.141119	0.556466
811	0.81126	0.140799	0.553766
812	0.812063	0.139635	0.555102
813	0.813374	0.138595	0.553065
814	0.81308	0.139107	0.54808
815	0.815779	0.137881	0.547816
816	0.81694	0.136764	0.546522
817	0.81622	0.13628	0.542388
818	0.818339	0.135334	0.542186
819	0.819997	0.13382	0.544616
820	0.82184	0.132804	0.545122
821	0.821489	0.133057	0.537678
822	0.824523	0.130726	0.542575
823	0.82454	0.130546	0.537934
824	0.824164	0.130713	0.535673
825	0.825855	0.130072	0.537179
826	0.827296	0.128845	0.53858
827	0.827892	0.128081	0.537088
828	0.829173	0.127088	0.537055
829	0.830874	0.126056	0.540094
830	0.830247	0.126981	0.531578
831	0.830822	0.126515	0.526782
832	0.833178	0.123856	0.532961
833	0.83368	0.124169	0.532584
834	0.834242	0.12336	0.526462
835	0.835494	0.122412	0.527518
836	0.835823	0.122286	0.524353
837	0.83661	0.121733	0.524139
838	0.838296	0.120539	0.523382
839	0.840101	0.119568	0.519635
840	0.839903	0.119667	0.514076
841	0.842573	0.117682	0.514496
842	0.843187	0.116947	0.514403
843	0.845353	0.115597	0.511268
844	0.845971	0.114543	0.51193
845	0.847063	0.114241	0.504943
846	0.848549	0.112795	0.512623
847	0.849209	0.112594	0.505275
848	0.850663	0.111545	0.50272
849	0.851767	0.110684	0.503474
850	0.852617	0.110283	0.501028
851	0.853888	0.109084	0.501794
852	0.85618	0.107707	0.498951
853	0.85614	0.107346	0.500927
854	0.857327	0.106414	0.495032
855	0.858347	0.105896	0.493963
856	0.859158	0.105424	0.48572
857	0.860752	0.103832	0.489994
858	0.861674	0.103514	0.484764
859	0.863647	0.101601	0.485586
860	0.863424	0.10178	0.481302
861	0.863996	0.101919	0.474486
862	0.865656	0.10036	0.471284
863	0.867487	0.0984077	0.473709
864	0.86996	0.0967002	0.465462
865	0.871602	0.0953324	0.463976
866	0.871818	0.0958315	0.457442
867	0.873267	0.0942824	0.454469
868	0.875819	0.0925108	0.456213
869	0.875852	0.0923146	0.447295
870	0.877881	0.0909234	0.447457
871	0.880381	0.0889901	0.446719
872	0.880314	0.0891697	0.443994
873	0.882283	0.087546	0.437497
874	0.884843	0.0857212	0.43546
875	0.884221	0.0860887	0.433169
876	0.88658	0.0843688	0.429285
877	0.8885	0.0829657	0.422707
878	0.889153	0.0819677	0.419819
879	0.89074	0.0813637	0.412338
880	0.89169	0.0803193	0.411392
881	0.894208	0.0787866	0.408309
882	0.894384	0.0781427	0.403563
883	0.895138	0.0778779	0.401198
884	0.895754	0.0775376	0.394926
885	0.898057	0.0755144	0.392842
886	0.900299	0.0737573	0.387305
887	0.902747	0.0722563	0.379854
888	0.903657	0.0712597	0.382727
889	0.905074	0.0699942	0.367336
890	0.905063	0.0704314	0.364698
891	0.906688	0.0688064	0.36566
892	0.907942	0.0682486	0.350044
893	0.909403	0.066916	0.3525
894	0.911125	0.0655637	0.34201
895	0.911199	0.0660641	0.333023
896	0.913795	0.0639452	0.329942
897	0.916056	0.0619653	0.32048
898	0.918351	0.0602515	0.315641
899	0.920854	0.0584632	0.311378
900	0.920876	0.0581977	0.300892
901	0.920552	0.0588146	0.29907
902	0.922529	0.0571441	0.288177
903	0.923692	0.0560406	0.281906
904	0.927061	0.0539569	0.268492
905	0.928858	0.0522307	0.258666
906	0.931874	0.0496613	0.251167
907	0.931563	0.0503592	0.244298
908	0.932236	0.0497378	0.237
909	0.935792	0.046893	0.225285
910	0.935508	0.0471929	0.214717
911	0.937362	0.0456205	0.205725
912	0.938174	0.0452961	0.201549
913	0.939813	0.0438487	0.196198
914	0.940961	0.0429432	0.188857
915	0.942812	0.0415271	0.176572
916	0.944847	0.0400824	0.168502
917	0.945899	0.0394949	0.164605
918	0.944405	0.0407362	0.166362
919	0.946112	0.0394849	0.161591
920	0.948173	0.0377367	0.154734
921	0.948404	0.0377933	0.154337
922	0.949452	0.0371237	0.157268
923	0.949483	0.0368808	0.154521
924	0.949086	0.0375279	0.158937
925	0.949475	0.0370835	0.159243
926	0.950391	0.03634	0.153956
927	0.95102	0.036241	0.155611
928	0.950685	0.0363905	0.154337
929	0.950882	0.0362233	0.159858
930	0.949571	0.0374222	0.162498
931	0.9526	0.035333	0.160717
932	0.951557	0.0361605	0.151367
933	0.951628	0.0359233	0.151447
934	0.951547	0.0363067	0.154518
935	0.950902	0.0364806	0.158095
936	0.950448	0.037065	0.169215
937	0.95213	0.0356515	0.158233
938	0.953199	0.0350572	0.155503
939	0.952244	0.0360812	0.167822
940	0.952955	0.0352145	0.162619
941	0.952855	0.0358105	0.158765
942	0.953023	0.0354534	0.161288
943	0.954843	0.0339197	0.144689
944	0.954583	0.0341814	0.151437
945	0.95405	0.0346134	0.150739
946	0.955852	0.0331213	0.142225
947	0.955082	0.0337882	0.145348
948	0.954252	0.0342209	0.146884
949	0.954341	0.0342228	0.148999
950	0.95775	0.0321402	0.144611
951	0.957121	0.0328467	0.151981
952	0.95834	0.0318997	0.145805
953	0.956694	0.0333057	0.153863
954	0.95738	0.0325992	0.144116
955	0.956255	0.033498	0.15394
956	0.95573	0.0341511	0.1477
957	0.958644	0.0314953	0.141757
958	0.957686	0.0323945	0.146948
959	0.957152	0.0327014	0.151925
960	0.957795	0.0321442	0.143409
960	0.957795	0.0321442	0.143409
961	0.955163	0.0343806	0.156587
962	0.954352	0.0352293	0.162686
963	0.956181	0.0335624	0.159609
964	0.955696	0.0340074	0.159808
965	0.955098	0.0344436	0.16255
966	0.955784	0.0339461	0.162501
967	0.955369	0.0341061	0.166908
968	0.955655	0.0340131	0.157729
969	0.957191	0.0327926	0.155328
970	0.956619	0.0331162	0.151588
971	0.95648	0.0331532	0.14691
972	0.957055	0.0329818	0.140395
973	0.960965	0.0307252	0.150447
974	0.961556	0.0303929	0.150037
975	0.960962	0.0307531	0.151698
976	0.962111	0.0297791	0.144328
977	0.961111	0.0306528	0.144436
978	0.96145	0.0303495	0.148118
979	0.962363	0.0294822	0.1475
980	0.962303	0.0295216	0.143695
981	0.961765	0.0300245	0.140608
982	0.961838	0.0299235	0.142465
983	0.961441	0.0304323	0.144798
984	0.960587	0.0309418	0.149391
985	0.960823	0.0309786	0.152573
986	0.961292	0.0304692	0.149003
987	0.959371	0.0319383	0.15527
988	0.960606	0.0311592	0.145238
989	0.961022	0.0307283	0.152328
990	0.959861	0.0316919	0.162245
991	0.95969	0.031832	0.159866
992	0.959703	0.031825	0.15508
993	0.959539	0.0320249	0.158547
994	0.95968	0.0317087	0.158148
995	0.958973	0.0324302	0.164801
996	0.960214	0.0313871	0.156025
997	0.959806	0.0318662	0.149941
998	0.959881	0.0317421	0.15947
999	0.95971	0.0318303	0.154142
1000	0.959294	0.0320395	0.148803
1001	0.96047	0.03116	0.149473
1002	0.961465	0.0303284	0.149284
1003	0.960212	0.0314307	0.155599
1004	0.960321	0.0311983	0.152527
1005	0.960051	0.0315391	0.150124
1006	0.962056	0.0299357	0.139961
1007	0.959392	0.0321027	0.151316
1008	0.958602	0.0328365	0.154229
1009	0.959167	0.0323033	0.159227
1010	0.96123	0.0304003	0.148987
1011	0.959786	0.0316378	0.151345
1012	0.960975	0.030612	0.150925
1013	0.960414	0.031157	0.147345
1014	0.960543	0.0312219	0.151389
1015	0.959365	0.031968	0.1551
1016	0.960215	0.0312815	0.14845
1017	0.959301	0.0321137	0.153697
1018	0.958519	0.0328652	0.16362
1019	0.959096	0.0322027	0.159688
1020	0.959806	0.0315894	0.158579
1021	0.959319	0.0320538	0.162291
1022	0.957855	0.0331697	0.161797
1023	0.958416	0.0326273	0.159946
1024	0.959139	0.0322675	0.15503
1025	0.959007	0.0324458	0.152418
1026	0.968451	0.0260185	0.139295
1027	0.970693	0.0246826	0.141115
1028	0.970853	0.0243974	0.138671
1029	0.971008	0.0243836	0.142848
1030	0.970269	0.0250399	0.139866
1031	0.971585	0.0238178	0.140802
1032	0.971459	0.0240043	0.142243
1033	0.970166	0.0251664	0.146811
1034	0.970171	0.0250489	0.142099
1035	0.970361	0.0248034	0.138018
1036	0.970929	0.0244165	0.138402
1037	0.971043	0.0243242	0.140855
1038	0.971044	0.0243181	0.140058
1039	0.970652	0.02459	0.139102
1040	0.97017	0.025063	0.136963
1041	0.969679	0.0253691	0.136627
1042	0.969695	0.0254017	0.141339
1043	0.969767	0.0253017	0.136729
1044	0.970076	0.0250342	0.142805
1045	0.968524	0.0264243	0.147804
1046	0.969141	0.0258311	0.146386
1047	0.969017	0.0260848	0.148728
1048	0.968572	0.0264323	0.150859
1049	0.969084	0.0260294	0.155956
1050	0.969412	0.0257678	0.151462
1051	0.969063	0.0258406	0.147711
1052	0.969904	0.0252336	0.146565
1053	0.969265	0.0257764	0.150203
1054	0.969321	0.0256451	0.145322
1055	0.969568	0.0254792	0.146264
1056	0.968586	0.0262906	0.151015
1057	0.969058	0.0258912	0.153217
1058	0.968058	0.0267523	0.15734
1059	0.96889	0.0261123	0.154498
1060	0.968448	0.0264201	0.156089
1061	0.96753	0.0272863	0.159705
1062	0.969584	0.0255645	0.146148
1063	0.970144	0.024992	0.142043
1064	0.969262	0.0257526	0.144716
1065	0.970162	0.0250249	0.138883
1066	0.969705	0.0254385	0.145226
1067	0.967831	0.0270233	0.151161
1068	0.96845	0.0265076	0.156043
1069	0.968243	0.0266322	0.158217
1070	0.967022	0.0275967	0.160129
1071	0.967432	0.0272364	0.159335
1072	0.969095	0.0258835	0.153961
1073	0.96816	0.026787	0.151322
1074	0.969956	0.0250863	0.142476
1075	0.968986	0.0259779	0.152895
1076	0.969177	0.0257814	0.146864
1077	0.968837	0.0261217	0.147292
1078	0.968508	0.0263986	0.15123
1079	0.968281	0.0265835	0.147606
1080	0.968155	0.0265212	0.148071
1081	0.96753	0.0271139	0.150941
1082	0.968034	0.0268174	0.151409
1083	0.968774	0.0261429	0.15143
1084	0.968142	0.0267452	0.15924
1085	0.967461	0.0273376	0.154857
1086	0.968342	0.0263845	0.148548
1087	0.968965	0.0259701	0.144425
1088	0.967732	0.0270083	0.14914
1089	0.967352	0.0272884	0.150949
1090	0.968621	0.0261912	0.14039
1091	0.96974	0.0252768	0.142895
1092	0.968765	0.026192	0.149601
1093	0.968535	0.0263629	0.151523
1094	0.968249	0.0266221	0.14806
1095	0.968837	0.0260837	0.149234
1096	0.969063	0.0257391	0.150086
1097	0.968073	0.0266354	0.154245
1098	0.9672	0.0273334	0.154313
1099	0.967544	0.0271378	0.158581
1100	0.967688	0.0270554	0.149453
1101	0.967576	0.0270653	0.152215
1102	0.967217	0.0273872	0.157196
1103	0.968348	0.0264169	0.148877
1104	0.967288	0.0272584	0.153707
1105	0.967155	0.0274995	0.156287
1106	0.967458	0.0271182	0.152489
1107	0.967234	0.0273474	0.147883
1108	0.966978	0.0276457	0.153904
1109	0.967572	0.0271642	0.153958
1110	0.967438	0.027278	0.153952
1111	0.967496	0.0271916	0.150439
1112	0.967577	0.0272902	0.156918
1113	0.966889	0.0276914	0.150765
1114	0.966346	0.0281483	0.159457
1115	0.966396	0.0281849	0.156964
1116	0.966132	0.0283095	0.16594
1117	0.96655	0.0280576	0.157236
1118	0.96674	0.0278642	0.150568
1119	0.967004	0.0276268	0.15842
1120	0.966393	0.0281328	0.16351
1121	0.967202	0.0273935	0.152859
1122	0.967788	0.0268283	0.151655
1123	0.967757	0.026923	0.153983
1124	0.96731	0.0272903	0.15067
1125	0.966384	0.0281539	0.158572
1126	0.967327	0.0272749	0.15443
1127	0.966242	0.0282785	0.161945
1128	0.967863	0.0267422	0.148099
1129	0.965835	0.0286667	0.154697
1130	0.967127	0.0275401	0.148799
1131	0.965774	0.0285087	0.160708
1132	0.966979	0.0275507	0.154472
1133	0.967186	0.0274871	0.150264
1134	0.967038	0.0274623	0.148102
1135	0.966306	0.0280212	0.153398
1136	0.96566	0.0288498	0.159001
1137	0.965938	0.0285157	0.158484
1138	0.964734	0.0295306	0.164011
1139	0.965156	0.0290898	0.166774
1140	0.963877	0.0302868	0.172783
1141	0.964238	0.0299742	0.178676
1142	0.964506	0.0296049	0.175017
1143	0.963998	0.0301115	0.181059
1144	0.96445	0.0298717	0.180561
1145	0.964031	0.0300625	0.18314
1146	0.964897	0.0294265	0.173828
1147	0.963272	0.0309007	0.181352
1148	0.96469	0.0295254	0.169916
1149	0.964422	0.0297898	0.167966
1150	0.964386	0.0297572	0.159074
1151	0.966359	0.0281709	0.159621
1152	0.96564	0.0287989	0.154513
1153	0.965236	0.0291347	0.157893
1154	0.965126	0.0292305	0.163484
1155	0.964804	0.0294626	0.161961
1156	0.965154	0.0290361	0.159041
1157	0.964975	0.0294136	0.157206
1158	0.964535	0.029534	0.155667
1159	0.96457	0.0294857	0.156447
1160	0.965457	0.0287449	0.155622
1161	0.965308	0.0289458	0.156323
1162	0.965253	0.0290004	0.16052
1163	0.964566	0.0297012	0.160104
1164	0.965692	0.0287025	0.153481
1165	0.964748	0.0295151	0.161461
1166	0.962809	0.0310627	0.165095
1167	0.965603	0.0287786	0.163172
1168	0.964295	0.0299366	0.167787
1169	0.963835	0.0302554	0.166536
1170	0.963329	0.0307404	0.17137
1171	0.964859	0.0293963	0.162863
1172	0.964733	0.029331	0.161148
1173	0.965126	0.0289794	0.166283
1174	0.964545	0.0296658	0.167569
1175	0.963772	0.0303086	0.170802
1176	0.964153	0.0298582	0.172898
1177	0.962932	0.0310767	0.181147
1178	0.964151	0.0299696	0.171247
1179	0.963828	0.0301858	0.171068
1180	0.964015	0.0300905	0.16625
1181	0.96339	0.0307282	0.170712
1182	0.963772	0.0302093	0.166974
1183	0.964768	0.0294282	0.162555
1184	0.96447	0.0297348	0.16341
1185	0.963239	0.0305667	0.162546
1186	0.963624	0.0304583	0.163771
1187	0.963882	0.0301012	0.169068
1188	0.963923	0.030112	0.169526
1189	0.963585	0.0305587	0.169643
1190	0.964506	0.0296505	0.168225
1191	0.96352	0.030321	0.177001
1192	0.963598	0.0304502	0.172167
1193	0.962675	0.0313349	0.178928
1194	0.962202	0.0317028	0.180228
1195	0.961981	0.0319049	0.182069
1196	0.962539	0.0312669	0.1863
1197	0.96489	0.0292568	0.165704
1198	0.963778	0.0302886	0.176502
1199	0.963877	0.030215	0.167935
1200	0.964558	0.0295894	0.160917
1201	0.962214	0.0317031	0.181517
1202	0.963212	0.0307339	0.169226
1203	0.962845	0.0309975	0.174877
1204	0.964299	0.0297579	0.165481
1205	0.964147	0.0300381	0.165691
1206	0.962968	0.0309851	0.172737
1207	0.96458	0.0296747	0.168652
1208	0.963468	0.0305433	0.167735
1209	0.96389	0.0300501	0.164753
1210	0.964563	0.0295494	0.162456
1211	0.963607	0.030349	0.160351
1212	0.963256	0.0306323	0.168682
1213	0.9642	0.029895	0.165658
1214	0.963405	0.0306714	0.169803
1215	0.963899	0.0301956	0.167164
1216	0.991565	0.00800182	0.115491
1217	0.998562	0.0014158	0.168402
1218	0.998793	0.00118846	0.141831
1219	0.998991	0.000992241	0.115474
1220	0.999157	0.000828771	0.0908427
1221	0.999287	0.00070022	0.0706753
1222	0.999389	0.000600005	0.0564933
1223	0.999469	0.00052163	0.0458304
1224	0.999532	0.000459312	0.0380243
1225	0.999583	0.000408921	0.0322526
1226	0.999625	0.000367731	0.027558
1227	0.999659	0.000333465	0.0238643
1228	0.999689	0.00030472	0.0207054
1229	0.999714	0.000280123	0.0182095
1230	0.999735	0.000259023	0.0160914
1231	0.999754	0.000240654	0.0143534
1232	0.99977	0.000224553	0.0128861
1233	0.999785	0.000210253	0.0117164
1234	0.999798	0.000197581	0.0106647
1235	0.999809	0.000186202	0.00978995
1236	0.99982	0.000175987	0.00900683
1237	0.999829	0.000166736	0.00833336
1238	0.999838	0.000158352	0.00772229
1239	0.999846	0.00015069	0.00719186
1240	0.999853	0.00014369	0.00670503
1241	0.999859	0.000137263	0.00626801
1242	0.999865	0.000131323	0.00588426
1243	0.999871	0.000125848	0.00552698
1244	0.999876	0.000120577	0.0052154
1245	0.999881	0.000115883	0.00490641
1246	0.999886	0.000111463	0.00465547
1247	0.99989	0.00010734	0.00442103
1248	0.999894	0.00010351	0.00418774
1249	0.999897	9.99206e-05	0.00397294
1250	0.999901	9.6545e-05	0.00377766
1251	0.999904	9.33718e-05	0.00359403
1252	0.999907	9.03778e-05	0.00342645
1253	0.99991	8.75348e-05	0.0032781
1254	0.999913	8.48481e-05	0.00313969
1255	0.999916	8.22999e-05	0.0030125
1256	0.999918	7.98942e-05	0.00288895
1257	0.99992	7.75798e-05	0.00278767
1258	0.999923	7.53938e-05	0.0026862
1259	0.999925	7.33251e-05	0.00258481
1260	0.999927	7.13434e-05	0.00249476
1261	0.999929	6.94546e-05	0.00240967
1262	0.99993	6.76603e-05	0.00232401
1263	0.999932	6.59578e-05	0.00223814
1264	0.999934	6.43083e-05	0.00216631
1265	0.999936	6.27403e-05	0.00209358
1266	0.999937	6.12403e-05	0.00202453
1267	0.999939	5.97772e-05	0.00196595
1268	0.99994	5.84029e-05	0.00190064
1269	0.999941	5.7066e-05	0.00184501
1270	0.999943	5.57853e-05	0.00179195
1271	0.999944	5.45217e-05	0.0017315
1272	0.999945	5.3331e-05	0.00168452
1273	0.999946	5.21906e-05	0.0016373
1274	0.999948	5.11025e-05	0.00158887
1275	0.999949	5.00472e-05	0.00154465
1276	0.99995	4.90224e-05	0.00150435
1277	0.999951	4.80405e-05	0.0014637
1278	0.999952	4.70853e-05	0.00142664
1279	0.999953	4.61588e-05	0.0013929
1280	0.999953	4.52625e-05	0.00135863
1281	0.999954	4.44022e-05	0.00132475
1282	0.999955	4.35697e-05	0.00129219
1283	0.999956	4.27677e-05	0.00126001
1284	0.999957	4.19633e-05	0.00123556
1285	0.999958	4.12101e-05	0.00120636
1286	0.999958	4.04759e-05	0.00117818
1287	0.999959	3.97702e-05	0.00114951
1288	0.99996	3.90759e-05	0.00112554
1289	0.999961	3.84122e-05	0.00109807
1290	0.999961	3.77661e-05	0.001073
1291	0.999962	3.712e-05	0.0010549
1292	0.999962	3.65136e-05	0.00102998
1293	0.999963	3.59183e-05	0.00100788
1294	0.999964	3.53262e-05	0.000990311
1295	0.999964	3.47711e-05	0.000967022
1296	0.999965	3.42098e-05	0.000951826
1297	0.999966	3.35158e-05	0.000928504
1298	0.999966	3.30093e-05	0.0009062
1299	0.999967	3.24959e-05	0.000891937
1300	0.999967	3.20151e-05	0.000871449
